0.0 306.5
1.5 285.0
5.88 570.88
18.0 319.5
22.67 319.67
33.62 357.15
31.5 376.5
31.33 961.33
37.2 974.4
58.13 550.87
70.0 593.5
76.5 259.5
80.86 769.5
82.22 63.3
80.0 988.5
84.5 219.0
84.5 969.5
90.8 378.6
100.33 344.33
105.0 78.0
106.85 373.46
108.2 781.4
109.5 77.29
121.0 517.75
121.33 1050.33
122.5 551.5
144.5 415.5
147.5 703.0
149.67 389.33
152.0 321.25
155.5 916.5
161.75 272.67
160.5 474.5
162.0 603.5
162.0 656.0
164.0 536.0
169.65 913.69
184.82 408.82
185.0 682.5
189.0 231.5
194.71 587.5
197.5 582.5
198.6 822.2
198.5 1039.5
204.71 100.5
203.67 782.67
208.5 178.5
219.5 103.0
235.5 1018.5
250.4 403.2
252.0 292.71
255.0 592.5
259.5 249.0
259.4 667.2
262.5 1007.5
267.25 369.67
280.8 274.4
285.8 254.0
286.5 641.5
294.5 1019.0
301.0 210.0
311.29 306.0
314.5 735.0
318.0 204.71
322.67 899.78
325.62 790.38
325.71 219.0
331.0 903.5
331.0 991.25
336.7 170.3
351.0 227.75
350.5 458.0
352.18 147.18
357.62 135.62
358.0 397.5
358.91 107.91
357.5 486.0
362.67 183.67
365.5 169.5
369.5 471.0
373.5 207.5
375.5 178.0
375.5 27.5
380.25 478.67
379.0 958.5
384.33 256.67
385.83 605.17
389.6 175.8
392.0 159.0
396.0 833.0
397.5 176.5
399.5 727.0
402.5 109.0
402.67 117.67
406.29 234.5
415.33 971.33
417.5 62.0
418.0 98.5
421.0 329.71
420.5 431.0
432.5 255.0
437.28 650.41
440.5 186.5
441.33 736.33
450.5 935.0
452.0 149.25
462.41 708.88
464.12 788.88
466.5 873.5
472.8 310.4
490.5 295.0
501.5 874.0
504.0 662.29
513.0 470.5
516.0 1034.5
524.22 842.31
533.25 898.75
537.5 562.0
539.0 751.5
553.45 502.32
550.71 670.0
555.33 457.67
561.72 716.41
563.6 1072.2
567.71 670.5
571.21 353.0
578.0 511.5
603.5 957.5
605.4 222.2
612.33 676.11
614.0 914.71
615.33 656.33
618.11 326.33
625.0 1010.5
634.4 811.8
635.0 596.5
637.2 48.6
639.0 826.5
648.0 449.0
651.5 353.0
657.5 974.29
658.5 157.5
659.5 0.0
663.67 513.67
674.0 939.5
676.62 818.38
677.0 408.0
677.71 487.0
684.67 814.33
691.25 792.0
701.88 857.12
703.5 593.0
705.12 460.88
705.8 891.4
709.43 616.77
723.72 735.59
722.5 720.0
727.0 10.0
735.8 851.4
746.88 842.12
748.43 993.1
763.12 545.88
770.43 64.83
771.29 22.71
769.12 897.88
771.5 683.5
775.5 490.65
777.0 289.5
781.04 357.11
790.33 517.67
800.5 15.0
815.29 845.0
817.0 249.71
822.5 285.0
824.0 431.5
829.63 703.79
836.4 896.8
838.5 916.5
847.5 962.71
853.0 368.5
857.0 736.5
857.4 801.6
865.5 590.0
887.5 734.5
888.5 877.5
890.5 229.5
891.5 312.5
895.95 249.1
899.38 16.62
901.43 953.86
901.5 230.0
903.8 2.6
903.6 957.2
904.0 120.5
909.0 902.5
911.5 870.0
918.67 979.33
925.5 285.0
930.8 164.6
932.0 621.0
935.0 949.25
936.5 126.5
950.88 403.12
950.71 526.0
952.5 730.0
954.5 93.0
958.5 831.5
964.0 380.5
966.5 419.0
969.0 291.0
971.12 208.12
970.5 772.5
975.4 65.8
983.5 943.5
995.0 58.0
997.5 475.0
999.0 1.5
1023.75 670.0
1025.5 714.5
1024.5 839.0
1033.6 46.8
1037.95 652.92
1040.5 527.0
1056.8 914.0
1062.55 969.64
1066.13 7.53
1067.5 996.5
1070.33 389.67
1071.0 640.25
1073.5 600.0
1076.0 9.29
1080.5 1014.0
1081.5 4.5
1081.33 922.67
1082.5 119.0
1086.88 665.88
1095.8 833.6
1101.0 746.5
1102.5 724.5
1102.5 920.0
1102.5 994.0
1103.0 1005.25
1105.33 503.67
1113.56 377.08
1115.0 247.5
1126.0 125.71
1125.0 142.5
1130.0 281.5
1127.0 289.71
1128.0 230.0
1129.33 1032.67
1130.0 67.5
1139.0 535.5
1142.5 182.5
1145.8 340.4
1168.5 61.5
1170.2 773.6
1193.36 579.59
1194.92 453.64
1198.09 631.09
1205.0 905.0
1206.33 479.67
1209.3 50.3
1209.0 746.5
1216.29 316.0
1222.0 110.71
1228.0 809.5
1232.67 160.33
1234.0 35.5
1249.89 680.72
1258.0 564.5
1257.5 804.0
1263.17 673.17
1269.84 204.59
1273.5 656.5
1274.0 945.5
1278.0 247.0
1294.5 734.5
1297.5 331.0
1307.5 265.0
1307.6 827.2
1309.67 890.33
1316.1 260.56
1314.8 93.6
1317.5 776.5
1319.0 89.5
1319.0 1006.5
1319.0 1059.5
1320.0 268.5
1322.5 57.5
1328.5 584.0
1335.0 577.29
1336.5 201.5
1343.5 712.5
1347.0 843.5
1348.5 518.0
1351.0 57.29
1363.0 232.5
1372.0 626.25
1379.5 130.0
1385.0 506.5
1386.88 450.88
1389.33 262.67
1393.69 920.69
1397.0 764.65
1398.5 505.0
1402.5 706.0
1404.71 274.0
1409.5 975.0
1429.67 584.75
1432.36 627.09
1433.29 1050.0
1438.0 183.0
1439.0 837.5
1447.0 920.0
1447.5 209.0
1456.33 354.67
1456.71 643.0
1458.0 666.5
1460.0 440.5
1465.5 947.5
1467.79 962.63
1466.4 1003.2
1467.5 921.5
1479.71 1053.0
1485.5 926.5
1487.5 920.0
1490.0 470.5
1495.5 1026.5
1499.0 406.5
1502.5 41.5
1521.5 572.5
1524.5 75.0
1530.88 478.12
1532.5 158.0
1540.25 285.0
1546.09 282.64
1549.5 475.0
1555.0 255.5
1556.2 1059.0
1562.71 819.5
1569.0 117.0
1574.0 732.5
1574.67 776.33
1575.0 566.5
1578.12 211.88
1581.0 49.0
1590.88 589.12
1601.5 35.5
1606.0 109.8
1615.0 739.83
1614.5 840.0
1623.12 96.25
1624.67 380.33
1630.0 691.5
1632.2 677.6
1641.5 405.5
1643.83 448.33
1644.2 722.6
1647.0 455.0
1649.35 550.65
1652.12 891.88
1652.67 401.33
1653.5 21.5
1656.19 76.72
1656.5 94.0
1661.5 617.5
1667.12 555.12
1675.5 834.0
1676.5 354.0
1681.0 758.75
1685.5 710.88
1687.67 449.33
1701.5 650.0
1707.5 726.0
1712.2 1028.6
1713.5 274.0
1715.0 78.5
1718.83 366.5
1726.0 535.25
1733.91 709.91
1733.0 1077.5
1740.5 311.5
1740.33 320.33
1741.0 324.0
1743.81 692.56
1744.33 323.67
1744.88 970.88
1747.0 589.5
1746.33 902.67
1749.17 516.17
1756.0 740.5
1757.5 926.0
1757.5 712.0
1757.5 1059.0
1766.17 929.83
1766.33 189.67
1768.0 749.0
1767.5 866.0
1772.5 945.0
1774.0 317.5
1775.91 774.91
1775.71 188.0
1784.83 74.83
1787.0 291.0
1787.5 436.5
1788.75 102.0
1789.5 1077.5
1790.0 642.5
1793.5 182.5
1794.5 599.0
1800.5 330.0
1801.2 595.4
1805.33 354.89
1807.19 773.86
1809.0 706.5
1811.5 491.5
1819.0 679.5
1824.75 627.0
1827.5 1060.0
1829.0 84.8
1831.5 1009.5
1832.5 789.0
1839.17 730.67
1842.2 460.4
1846.0 175.25
1848.5 377.5
1852.2 927.6
1854.8 5.4
1858.67 338.67
1861.5 502.0
1866.5 267.0
1881.33 15.33
1885.91 645.36
1889.0 556.5
1892.67 936.33
1900.5 109.0
1901.2 118.6
1904.0 801.0
1904.0 816.5
1906.33 407.67
1907.5 1049.0
1910.29 978.0
1915.58 975.42
1917.5 54.0
!