0.0 597.5
9.0 742.5
20.5 264.0
27.83 504.17
27.88 982.12
34.33 219.8
43.2 267.6
43.0 341.5
45.5 995.0
55.0 1073.5
57.5 484.5
62.67 757.67
67.0 912.0
73.5 435.5
77.5 869.0
83.5 87.5
86.0 80.5
91.0 853.75
92.5 45.0
94.5 550.0
96.5 670.0
101.5 575.0
104.5 528.29
106.0 187.0
114.4 823.2
114.5 1040.5
115.33 1031.33
116.5 1014.5
118.5 1003.29
121.5 12.5
124.0 563.0
125.5 789.0
127.5 919.0
129.0 117.5
137.5 994.5
138.67 858.67
139.33 63.67
142.2 68.6
142.67 827.67
143.57 949.71
150.5 153.0
160.12 9.81
159.0 732.0
160.76 997.76
160.82 452.18
164.5 441.71
169.29 1025.0
171.2 801.5
172.0 324.0
175.71 978.0
179.36 558.55
180.5 206.5
186.33 919.33
191.5 313.5
197.09 361.64
201.5 464.0
203.17 480.17
206.5 710.0
207.67 409.33
214.31 26.12
214.0 621.5
220.0 345.71
222.67 793.67
231.29 92.5
233.5 416.5
233.5 816.5
236.33 924.33
242.4 385.6
242.5 194.5
246.5 65.0
253.0 198.5
253.5 760.0
255.33 503.11
255.33 561.33
255.71 663.0
262.29 161.0
266.0 562.5
276.33 171.33
283.5 160.0
284.5 645.5
286.5 766.5
288.75 645.0
289.0 556.5
292.8 1036.4
296.5 755.0
297.5 980.0
301.12 473.69
304.4 90.8
310.0 552.5
314.5 746.5
316.17 1054.17
317.5 1039.5
318.56 1063.89
323.0 294.71
322.88 1007.88
326.0 197.5
327.12 1072.12
329.0 749.0
330.0 721.5
334.17 253.17
335.0 838.5
347.12 952.12
348.6 812.8
351.5 385.0
352.0 877.0
358.43 869.23
364.0 224.5
365.5 686.0
372.0 560.0
371.5 788.0
380.44 452.89
379.5 863.5
381.5 477.5
387.29 778.0
390.5 182.0
395.88 574.12
398.17 266.17
406.8 195.4
410.59 766.88
416.0 900.71
415.0 952.0
416.5 770.5
418.7 820.6
419.5 796.71
419.5 97.5
422.0 235.5
422.5 1065.0
425.25 466.0
430.33 198.67
431.0 795.0
442.67 384.67
444.5 809.5
445.29 1002.0
446.5 1026.5
448.0 520.0
454.0 31.0
457.67 890.33
458.2 947.0
461.0 100.29
460.0 917.0
460.0 1062.0
463.87 486.47
464.75 963.0
468.0 940.5
468.5 305.0
471.5 924.5
483.5 54.0
491.77 913.74
487.62 955.38
493.29 481.71
493.75 801.0
495.4 1023.2
499.46 66.15
499.5 161.29
498.67 303.67
498.5 505.5
498.5 1001.0
504.4 527.2
510.5 416.0
510.5 504.0
513.0 864.5
515.17 847.0
521.2 614.0
525.5 715.0
526.5 897.5
528.5 1073.0
532.5 260.0
535.33 1005.0
537.0 772.5
538.5 1014.0
540.18 337.82
541.5 819.0
547.0 659.0
554.0 780.5
554.0 830.5
557.83 618.23
556.5 129.5
560.0 1002.2
561.11 431.67
561.71 811.0
563.53 519.87
568.0 858.0
569.5 723.0
572.5 914.0
573.0 1036.5
576.83 250.17
577.75 445.0
579.0 846.5
580.5 865.0
582.0 829.0
586.0 670.5
584.3 1004.3
584.0 450.5
587.88 58.12
589.33 941.75
593.0 975.0
593.67 627.67
595.0 1025.25
596.0 703.75
599.71 866.71
599.0 122.0
605.5 340.0
605.5 962.0
607.5 189.0
608.0 800.5
610.17 956.83
608.0 916.5
610.0 564.5
615.0 70.25
619.5 284.5
619.5 420.0
621.5 646.5
622.2 794.6
624.0 707.5
625.71 580.0
625.5 726.0
626.0 937.0
628.17 340.17
630.0 363.5
631.17 929.83
631.5 191.0
632.5 788.0
634.21 869.5
635.33 757.67
638.51 968.42
639.5 986.5
639.0 1008.29
641.5 257.0
641.5 565.0
642.67 1055.11
642.5 56.5
648.67 1028.67
650.0 422.75
650.0 655.25
654.5 331.5
657.67 153.67
669.0 938.5
672.5 970.5
673.5 757.5
675.0 909.5
678.54 596.85
680.0 893.0
681.0 908.0
681.5 1050.5
682.18 138.18
682.0 1078.5
686.5 735.0
687.29 838.0
686.4 950.8
686.67 992.67
690.0 60.5
688.5 515.0
689.89 686.67
694.0 635.5
694.33 853.67
695.71 84.0
696.8 992.6
700.33 768.67
702.5 16.5
702.67 537.67
703.0 657.5
705.09 689.09
707.8 148.6
707.67 673.67
716.3 227.9
715.33 568.67
716.33 667.67
717.5 510.0
720.0 257.5
722.5 605.5
724.0 177.5
724.5 656.0
728.0 677.8
728.0 1003.0
729.67 261.89
729.5 666.29
735.48 360.45
739.39 783.04
738.5 719.0
741.5 184.0
741.5 993.0
744.33 238.67
746.0 701.5
750.78 762.5
751.5 652.5
752.5 894.0
754.67 927.67
755.0 792.5
756.0 395.5
760.18 850.82
758.0 862.5
759.67 710.33
760.0 946.5
762.0 958.0
765.5 601.5
765.0 937.5
766.0 1050.5
768.2 947.6
769.0 601.5
771.5 578.0
772.38 201.75
772.0 880.0
773.0 1043.0
781.67 964.76
777.5 571.5
777.5 995.5
782.5 980.8
784.36 330.91
784.0 1015.5
790.95 768.88
787.2 1000.4
788.75 908.67
789.5 46.0
792.5 691.0
797.19 318.81
795.4 696.8
798.0 802.71
798.0 846.25
797.5 994.0
799.5 953.5
803.65 514.0
810.0 748.5
811.33 512.67
812.0 1049.25
814.0 1019.5
816.0 105.5
817.67 51.33
818.29 80.0
818.5 529.0
821.33 5.33
824.25 904.0
825.0 260.5
826.58 1002.83
827.0 195.0
826.5 272.5
827.5 630.5
828.67 829.33
830.18 874.18
830.5 913.2
830.88 858.12
831.88 657.12
832.67 64.67
832.5 84.0
833.75 1030.75
835.0 168.0
835.83 228.5
834.5 360.0
835.0 632.5
836.5 1010.78
836.5 866.5
837.67 246.33
838.12 669.88
837.5 974.0
840.18 626.18
840.5 1070.0
841.88 33.12
845.0 368.68
844.0 735.0
846.33 135.33
848.88 779.88
850.0 46.5
853.22 396.5
852.8 588.6
856.0 978.71
856.62 96.38
855.25 307.0
855.33 840.33
857.0 639.5
856.67 845.33
859.65 1019.0
859.83 99.83
862.5 885.0
864.0 782.5
864.0 954.5
868.0 889.0
869.0 660.5
870.5 724.5
869.0 781.0
871.5 931.67
872.83 362.83
872.67 745.67
872.5 944.5
872.5 1042.0
875.5 610.8
880.62 709.75
876.59 950.12
880.58 474.42
879.8 937.5
881.76 460.24
884.6 406.2
884.83 659.83
886.5 861.5
889.83 659.17
889.0 715.5
890.33 301.33
891.64 787.09
891.5 20.0
892.67 114.25
896.0 230.5
898.5 724.0
899.15 898.54
899.0 544.5
899.0 1039.5
900.0 156.5
901.88 723.88
907.62 417.69
906.5 884.0
907.67 698.67
910.29 717.29
910.5 380.0
909.4 713.2
910.0 92.0
913.5 670.5
915.5 338.5
916.0 730.0
916.5 92.5
918.0 231.5
920.0 630.5
919.5 710.0
920.4 93.2
922.5 296.0
922.83 988.83
928.5 458.0
930.0 995.0
933.29 330.0
932.8 422.6
935.0 94.0
934.91 299.09
936.4 590.8
937.5 89.0
938.83 223.33
939.12 665.88
939.5 759.0
940.8 362.6
940.0 1065.5
943.5 763.0
944.0 842.5
946.5 656.0
955.5 525.5
958.0 787.5
958.0 1042.5
960.5 318.29
963.06 848.15
963.5 106.5
964.0 730.5
964.5 538.5
966.0 548.75
967.5 704.0
971.0 417.75
971.0 478.29
973.0 313.75
973.5 14.5
974.67 1053.25
977.2 182.6
977.2 608.6
977.6 319.8
986.5 376.0
986.5 690.5
987.67 291.33
993.0 482.5
988.56 547.78
991.0 73.29
991.5 212.5
991.33 652.67
993.36 138.55
994.0 315.5
995.12 558.12
997.12 444.12
998.0 551.0
1007.67 213.25
1011.8 393.6
1012.5 421.5
1014.5 314.0
1014.5 415.0
1016.17 867.17
1017.5 741.8
1017.71 90.0
1017.5 598.5
1020.0 677.0
1026.44 686.56
1022.0 941.29
1024.5 412.2
1026.22 369.5
1026.75 359.33
1026.4 144.2
1027.5 981.29
1027.5 220.5
1028.5 673.5
1028.5 718.5
1028.6 943.2
1032.5 525.0
1033.5 800.5
1036.6 446.4
1036.81 885.14
1037.62 899.62
1038.79 941.37
1039.73 327.0
1041.71 520.0
1043.5 999.5
1044.67 338.33
1048.0 417.7
1047.29 123.0
1047.2 424.6
1047.88 776.88
1051.5 406.71
1050.0 511.5
1051.5 673.0
1054.5 433.5
1057.5 316.5
1059.6 310.8
1060.0 523.75
1064.0 396.5
1066.15 755.46
1065.0 1039.5
1070.8 7.6
1072.0 264.0
1072.54 1018.85
1073.12 437.12
1072.6 788.2
1072.5 860.0
1076.5 170.0
1085.76 409.29
1079.5 378.5
1081.5 1068.5
1082.5 722.5
1083.5 860.8
1083.67 206.33
1085.88 827.12
1089.0 141.5
1089.0 1008.5
1090.33 628.67
1092.5 856.0
1095.0 343.0
1094.0 521.5
1096.5 372.5
1104.0 919.5
1107.62 998.62
1113.0 10.5
1112.5 40.0
1112.67 296.33
1112.67 1050.33
1121.0 343.83
1117.67 596.33
1122.5 451.5
1124.0 596.5
1127.32 127.32
1129.71 1052.13
1127.5 466.5
1130.0 614.0
1130.4 380.8
1130.0 989.5
1138.39 479.89
1132.33 831.33
1134.0 532.5
1136.5 646.5
1140.5 1071.0
1140.0 836.5
1142.0 946.0
1144.0 248.5
1144.71 387.0
1144.5 433.0
1145.0 286.5
1146.33 442.67
1148.0 554.5
1152.12 366.88
1161.0 672.5
1164.5 230.0
1166.0 323.0
1168.0 470.5
1170.0 624.17
1172.0 249.5
1173.5 356.5
1174.0 167.83
1174.0 366.0
1175.4 256.8
1175.0 429.5
1177.5 370.0
1180.09 576.09
1178.89 87.33
1179.0 555.0
1179.5 719.0
1179.33 978.33
1184.62 252.62
1185.5 715.5
1187.0 995.0
1188.15 220.15
1191.5 400.0
1194.5 34.5
1196.0 754.25
1200.0 356.0
1202.75 786.0
1206.5 559.5
1210.0 863.0
1208.0 537.5
1210.5 171.0
1211.5 529.0
1213.55 541.64
1216.5 729.0
1216.8 1054.6
1220.33 820.33
1221.5 444.0
1223.12 119.88
1223.5 276.5
1227.6 341.8
1231.5 731.5
1244.44 163.66
1234.6 700.8
1238.5 102.4
1242.0 528.5
1243.0 112.0
1244.17 1003.17
1245.2 696.4
1246.5 316.5
1247.0 579.0
1250.0 746.5
1251.5 807.5
1255.12 683.12
1257.5 722.5
1261.8 351.4
1263.29 591.0
1262.5 814.0
1264.33 703.67
1269.5 349.0
1272.5 659.5
1275.5 864.0
1276.5 574.5
1280.0 597.5
1282.5 325.0
1284.0 732.0
1286.0 171.5
1286.91 208.09
1285.5 796.5
1288.0 98.17
1291.83 236.0
1291.5 335.22
1291.5 312.5
1295.2 220.4
1297.2 586.4
1299.05 592.1
1301.33 67.67
1301.5 464.5
1303.75 659.0
1304.88 703.12
1306.5 77.5
1307.5 282.5
1309.38 349.24
1307.5 1055.0
1316.0 659.5
1325.0 207.5
1329.0 619.59
1327.5 940.5
1329.4 416.8
1329.5 575.5
1331.5 777.0
1332.5 239.0
1332.67 495.33
1334.0 639.29
1336.88 736.88
1337.67 21.33
1338.0 646.71
1338.2 723.6
1342.67 918.67
1344.11 55.67
1345.5 940.0
1347.5 193.67
1347.5 76.5
1353.12 532.88
1349.5 412.0
1351.39 669.04
1357.14 941.29
1358.0 812.0
1359.0 861.71
1364.0 866.5
1368.67 118.67
1370.0 1073.0
1376.5 364.0
1383.65 211.45
1385.0 666.5
1386.5 133.5
1388.5 733.5
1388.5 324.0
1389.0 76.0
1391.8 921.4
1394.33 37.11
1394.0 521.5
1395.0 150.5
1397.34 888.62
1396.8 293.6
1401.5 342.5
1405.0 268.5
1406.5 657.5
1408.5 690.5
1412.36 46.27
1417.5 376.0
1418.75 136.0
1419.67 184.89
1421.0 447.75
1421.71 466.0
1423.0 279.5
1428.67 231.33
1428.67 454.67
1428.5 955.0
1429.5 1004.0
1430.25 181.0
1432.5 604.5
1435.25 539.0
1437.0 819.29
1440.0 653.29
1443.0 103.0
1445.8 351.4
1447.67 987.67
1452.25 693.75
1451.75 744.33
1451.5 54.0
1452.29 343.0
1464.12 363.12
1463.83 761.17
1467.6 328.2
1468.82 450.82
1468.33 227.67
1470.0 1037.5
1474.0 257.0
1475.33 607.67
1480.71 132.0
1484.26 714.62
1481.71 593.0
1485.29 660.5
1485.33 430.33
1497.5 820.0
1498.33 1040.11
1501.59 144.88
1502.62 187.62
1502.0 1007.5
1504.0 717.0
1506.29 537.0
1511.71 861.0
1524.5 17.5
1524.67 377.33
1526.8 136.4
1528.5 367.5
1533.5 630.8
1538.0 698.0
1547.5 30.5
1548.0 974.25
1548.67 95.33
1550.5 532.5
1551.33 665.67
1556.5 686.0
1557.5 375.5
1558.86 812.57
1562.5 705.0
1565.88 647.88
1569.0 134.0
1569.12 321.12
1566.8 378.6
1566.5 589.5
1567.2 885.4
1570.5 4.5
1571.5 0.0
1584.0 724.0
1585.0 401.5
1587.5 666.5
1591.39 735.48
1590.71 70.0
1593.0 786.5
1597.0 858.5
1603.22 371.69
1604.2 547.0
1612.29 150.0
1612.5 526.5
1613.5 345.0
1613.5 550.0
1616.5 309.5
1617.5 372.5
1620.0 201.0
1628.33 162.57
1632.0 268.5
1647.5 19.5
1645.5 44.0
1645.0 242.5
1652.67 221.33
1654.0 722.5
1656.33 733.67
1662.5 255.0
1669.71 743.5
1672.6 948.2
1676.0 777.5
1696.0 348.0
1704.8 263.23
1704.0 517.5
1705.8 900.4
1709.75 91.0
1714.93 349.77
1711.5 783.0
1714.0 222.5
1714.5 367.5
1721.5 541.5
1727.0 468.0
1732.0 790.0
1734.28 783.89
1736.2 324.4
1740.0 912.0
1743.6 965.8
1748.36 537.09
1760.87 375.47
1763.83 252.33
1776.5 274.0
1777.75 108.0
1778.0 974.0
1781.5 690.5
1783.91 1001.91
1785.5 129.0
1785.0 518.5
1787.5 302.5
1788.2 924.6
1789.67 169.89
1792.83 293.17
1800.88 66.88
1809.5 796.5
1815.71 535.0
1821.0 155.0
1823.5 130.0
1823.67 15.33
1831.88 167.12
1833.5 544.5
1834.18 876.18
1839.2 490.4
1845.25 249.98
1841.5 1035.0
1846.53 432.61
1849.0 203.75
1856.5 109.0
1859.5 348.0
1860.0 449.29
1865.79 158.37
1879.37 129.79
1887.1 21.83
1881.5 675.0
1886.0 130.71
1885.0 227.5
1891.5 377.0
1900.5 706.0
1905.0 157.5
1908.67 155.33
1910.33 174.67
1910.0 626.5
1912.2 865.4
!