0.5 417.5
4.25 428.75
2.5 714.5
3.5 1030.0
6.33 976.33
18.73 1011.4
11.8 358.6
11.5 446.5
12.67 1046.33
14.0 778.5
18.0 279.5
25.66 969.01
18.67 1039.67
24.2 1031.4
26.0 659.0
26.5 365.0
26.5 409.0
28.67 230.33
33.8 263.6
34.67 1046.33
35.4 578.2
36.5 725.71
37.36 230.45
37.5 525.0
38.0 560.71
41.0 370.7
40.5 731.0
42.12 332.12
42.25 863.33
44.7 214.7
45.91 547.36
45.88 827.88
50.25 394.0
50.4 718.2
53.0 409.0
51.8 595.5
57.13 674.47
59.15 582.23
61.5 991.5
67.5 35.0
69.0 871.5
74.09 1074.0
72.5 689.0
81.24 51.59
79.5 23.0
82.2 430.0
82.5 384.5
83.6 843.2
84.5 590.0
88.0 680.5
92.5 275.0
93.5 366.5
96.0 1017.5
97.5 488.0
99.67 4.11
100.33 13.67
101.5 102.2
100.0 920.5
104.0 279.0
106.33 321.75
105.5 427.5
105.93 937.47
109.0 635.5
111.89 90.22
111.29 716.0
112.5 742.5
113.67 402.67
115.0 970.5
117.5 879.0
120.6 376.4
120.0 605.5
119.88 610.88
121.5 976.5
124.0 901.5
125.5 372.5
125.0 1076.5
127.5 428.0
127.5 551.0
128.6 974.8
134.6 503.2
139.08 458.2
144.5 304.5
145.0 635.5
148.5 207.5
151.09 1070.7
150.0 531.0
151.88 0.88
153.6 986.2
160.0 113.5
159.94 253.45
161.2 694.6
162.17 268.83
162.5 390.5
170.52 119.69
173.11 1073.14
171.5 263.5
170.67 784.83
172.5 385.5
179.0 726.5
182.5 500.5
181.5 30.5
182.5 973.5
186.0 73.29
185.5 505.0
185.0 733.5
187.5 721.29
190.0 701.5
193.5 322.5
194.5 197.0
195.71 1064.0
196.71 349.0
196.71 719.0
196.5 806.5
199.0 730.25
205.36 1036.8
201.0 418.75
201.0 988.75
200.25 1012.0
203.0 801.0
203.5 937.5
205.5 769.5
206.5 89.0
206.5 428.5
206.33 855.33
208.5 184.0
212.58 287.58
212.67 24.67
214.5 218.5
217.0 275.83
217.88 1063.12
220.4 386.8
220.8 571.4
220.71 589.0
221.5 842.5
224.0 297.5
225.0 957.5
226.5 840.5
229.29 308.0
237.81 152.6
231.0 540.71
239.56 326.07
234.0 0.5
236.5 27.5
238.67 445.33
242.12 478.12
243.5 572.5
245.5 195.0
245.0 1053.5
247.88 1041.59
253.15 383.44
249.5 397.5
250.8 1072.6
251.5 644.0
251.33 964.33
253.0 369.75
252.5 825.5
255.83 182.83
259.0 285.25
260.8 1043.6
262.0 680.5
268.29 631.36
264.83 26.17
265.88 1002.12
268.0 732.5
273.67 1071.33
277.5 397.5
278.38 554.62
279.5 1006.0
290.13 461.0
290.0 371.5
297.91 136.44
293.0 580.0
292.5 589.5
302.3 45.82
296.5 884.0
298.89 693.28
298.0 908.0
302.5 590.0
304.2 295.4
305.62 908.38
305.71 593.0
306.2 860.5
309.36 173.55
313.5 471.5
318.8 173.6
318.33 526.33
319.5 937.0
320.8 578.6
321.33 880.33
322.67 21.33
323.0 284.71
327.0 460.71
328.0 144.5
328.12 398.12
329.75 1010.25
330.17 749.83
330.33 740.33
332.67 699.33
336.59 583.07
337.5 233.0
340.62 16.62
339.0 772.0
339.6 911.2
341.5 460.0
344.0 151.0
346.2 347.0
349.12 735.88
350.62 1039.38
352.17 169.83
351.33 291.33
353.67 22.67
354.4 905.6
355.0 1028.0
357.0 255.71
356.8 898.6
357.5 420.0
367.0 604.5
369.25 162.0
370.0 863.5
373.5 599.0
374.33 661.33
376.8 549.6
378.12 380.88
379.0 299.5
386.65 183.23
381.3 348.7
380.5 744.0
382.71 548.0
382.5 1053.0
384.0 982.29
384.71 1040.86
385.5 798.5
386.5 534.5
389.5 328.0
391.71 423.5
390.5 759.0
394.33 240.33
395.0 858.8
396.8 592.4
401.71 152.0
403.0 186.0
404.25 131.0
406.5 1011.0
408.2 401.4
407.67 510.33
408.67 381.33
415.08 17.03
412.67 771.33
422.6 643.48
417.5 145.0
418.12 664.12
420.0 964.75
421.2 618.6
421.33 276.33
421.5 708.0
421.0 796.5
422.88 305.88
423.67 345.33
430.46 36.78
427.0 690.71
431.29 543.5
431.5 748.0
435.37 470.08
433.67 663.22
436.5 893.0
438.5 364.5
439.0 263.75
442.84 619.59
440.0 223.0
449.95 277.9
451.5 60.0
451.5 775.0
452.5 1040.0
454.5 1077.0
455.2 338.33
456.0 887.5
456.25 436.0
460.88 2.12
461.5 620.5
464.33 800.89
465.33 100.33
466.0 320.25
466.12 728.12
469.33 558.89
471.4 882.8
473.0 439.25
473.0 649.0
475.0 1042.5
476.5 562.0
476.5 748.5
477.5 377.5
478.67 958.67
480.63 1004.37
487.01 39.13
479.0 281.5
483.75 723.0
488.0 462.0
492.22 330.95
494.33 284.33
496.0 791.0
499.5 63.73
498.0 211.5
498.6 335.8
500.65 789.0
503.5 420.5
505.71 819.0
507.5 671.5
508.5 204.5
510.18 543.82
511.5 165.5
510.88 259.88
512.0 1001.5
514.5 514.5
514.5 337.5
514.0 966.5
515.0 149.5
516.5 574.5
517.0 1073.75
519.5 883.2
522.5 392.5
524.0 192.5
525.0 221.0
531.38 363.5
530.33 563.67
537.32 64.74
531.4 240.8
532.5 1068.71
533.0 1007.5
537.3 253.86
535.88 127.12
538.28 641.59
537.5 413.0
537.5 1026.0
538.6 665.8
538.75 934.0
542.55 230.36
542.5 182.5
543.0 588.0
543.0 977.5
547.5 324.69
546.5 8.0
547.0 192.5
546.5 637.0
548.2 592.6
550.0 101.0
555.0 952.5
556.5 156.5
556.33 807.67
556.5 981.0
562.85 379.1
561.59 453.12
560.0 582.5
565.0 853.78
562.5 63.5
562.6 752.2
568.0 68.62
566.29 900.0
565.0 744.5
569.29 310.86
568.75 458.0
570.5 82.0
570.0 963.5
571.29 545.0
570.0 772.5
570.75 1002.0
578.28 708.16
572.5 359.0
574.0 793.5
577.71 211.5
578.2 785.4
578.5 328.5
580.0 365.5
581.5 568.0
584.33 292.11
584.09 637.64
583.5 954.5
585.5 609.0
587.5 200.0
587.5 491.5
588.2 606.5
588.12 880.12
589.5 281.0
591.5 220.0
591.5 493.5
596.0 999.65
595.0 774.5
597.5 329.0
598.11 575.33
597.5 668.5
598.67 786.33
600.88 372.88
602.21 451.0
600.5 554.0
601.38 826.38
601.0 1008.75
601.5 617.5
603.5 515.0
604.0 903.5
606.33 180.33
606.5 761.5
606.5 848.0
608.33 137.83
611.0 479.5
610.8 500.4
611.5 867.0
614.67 53.2
613.0 635.0
613.5 91.0
618.11 428.67
618.0 827.0
618.5 326.5
620.0 261.5
621.0 724.5
620.0 991.5
622.85 428.54
622.5 24.0
623.0 300.0
628.0 581.5
627.0 1012.5
633.29 1039.29
630.8 447.6
630.33 959.33
634.5 525.0
635.33 491.33
636.0 814.0
639.5 210.5
641.33 501.33
643.0 18.75
644.89 132.72
645.0 526.8
646.0 976.5
646.5 37.5
648.5 222.5
652.5 880.0
655.33 429.67
658.63 489.08
658.2 520.4
659.5 264.0
663.62 584.0
662.0 375.0
666.62 240.62
665.71 897.0
666.82 1047.82
670.0 47.83
669.0 367.5
669.67 644.33
670.67 448.83
672.0 765.0
672.88 899.25
673.0 361.0
676.64 279.09
674.0 176.0
675.33 148.67
675.33 184.67
677.95 923.07
676.5 584.0
677.0 868.25
681.0 561.5
681.0 941.0
682.67 1041.33
684.0 824.0
684.0 213.5
688.22 505.44
686.5 890.0
687.75 18.0
688.5 875.0
690.71 426.5
691.5 465.0
695.19 915.19
695.0 23.0
695.0 116.5
697.0 602.29
698.5 665.5
701.5 760.0
703.62 299.38
704.62 54.62
703.75 355.0
704.5 981.71
706.5 782.5
707.5 887.5
709.71 807.5
711.88 642.46
712.0 1042.0
712.5 158.0
715.67 937.67
715.0 1071.5
717.0 748.29
719.0 994.5
721.5 331.0
728.61 788.76
724.0 536.5
726.33 343.67
734.5 17.87
740.52 1073.5
737.0 537.0
736.8 918.6
738.12 315.12
740.89 483.11
738.67 727.67
738.67 1013.67
745.57 817.87
740.8 86.4
744.16 328.59
744.5 573.0
744.5 659.5
745.8 808.6
746.5 231.0
749.0 854.5
751.18 1007.82
750.0 542.5
751.5 641.5
759.37 424.61
753.5 463.5
755.67 889.83
757.0 349.0
757.67 628.67
761.0 81.41
760.58 804.58
760.0 482.5
761.67 895.33
763.5 17.5
765.0 234.29
765.0 767.2
765.0 861.0
766.5 1073.5
769.0 323.0
773.0 801.0
774.8 944.6
777.38 983.38
778.5 515.0
782.39 343.0
781.5 1027.5
784.88 235.88
787.5 874.0
790.37 829.63
789.88 358.12
790.5 585.0
792.29 221.0
796.12 605.12
794.0 142.5
797.09 626.64
797.0 670.0
803.76 681.37
802.5 91.5
803.0 115.5
803.0 467.5
805.43 881.55
804.2 351.4
804.84 551.16
806.17 914.17
807.5 760.0
809.0 119.29
809.18 957.18
811.0 666.0
812.0 385.25
814.5 605.0
813.67 853.67
821.53 338.39
815.5 166.0
815.0 578.0
817.0 170.71
819.2 547.0
820.33 906.33
821.33 944.89
821.4 166.8
822.88 0.88
822.5 691.5
823.5 76.5
825.16 149.84
824.5 394.0
826.12 376.88
827.0 844.5
829.5 460.0
831.79 546.5
829.0 921.0
830.4 257.2
832.72 539.89
833.0 472.5
836.0 683.2
835.0 992.5
836.33 619.67
836.0 982.5
836.8 988.6
838.38 490.38
838.5 104.0
846.58 172.98
839.4 241.2
840.0 813.29
841.5 931.0
842.8 29.4
843.25 555.33
842.5 1066.5
845.5 164.0
845.33 993.67
847.5 638.0
849.5 405.5
850.5 470.0
850.33 715.0
854.5 1008.5
856.0 120.0
856.91 209.36
858.0 187.71
858.29 1010.0
859.5 317.5
860.8 115.4
861.0 688.75
862.0 1072.71
864.5 458.2
864.5 156.5
864.5 596.5
864.5 756.0
864.5 1001.5
864.4 1011.8
866.71 296.5
866.5 23.0
868.7 288.22
867.83 1067.83
869.33 735.33
869.5 977.5
875.4 167.8
877.73 250.64
876.5 984.0
880.8 445.4
881.5 799.5
884.8 326.0
884.0 882.5
886.38 806.38
888.21 602.5
891.76 844.76
889.5 913.0
889.0 1057.5
892.71 334.5
892.17 582.83
895.0 2.5
897.0 417.0
901.0 1044.5
903.0 283.0
902.67 1012.67
905.45 71.64
905.3 685.3
904.0 866.5
906.5 645.0
907.29 835.0
908.0 337.71
909.72 633.41
908.22 1050.44
909.5 176.5
910.0 264.0
908.71 546.0
909.17 588.33
910.0 92.0
909.5 771.5
910.46 1003.15
910.0 35.5
918.0 264.0
917.5 299.0
918.5 419.0
918.0 963.5
920.64 793.55
919.5 1066.0
922.34 874.0
921.0 890.0
921.0 1062.5
926.8 1052.6
928.41 773.88
927.75 1063.0
928.5 56.5
932.0 490.0
932.62 605.62
933.0 74.0
934.0 876.5
937.0 226.25
936.5 873.0
937.0 890.5
937.5 566.5
938.67 879.33
940.0 247.5
942.0 300.5
941.0 644.5
946.29 755.5
941.33 141.33
941.5 509.5
942.5 1001.5
942.6 518.2
944.0 187.5
947.5 771.0
949.0 1063.29
950.14 47.81
949.33 134.89
949.2 303.6
948.5 546.0
951.5 97.5
951.33 30.33
952.75 362.75
951.5 984.5
953.12 560.88
954.67 269.11
956.71 337.0
955.5 589.0
957.5 1072.0
961.0 118.0
960.5 315.71
960.5 184.5
961.0 787.75
962.0 92.0
962.5 155.0
964.17 1074.17
965.0 325.5
965.0 646.5
966.4 13.2
966.5 227.5
968.0 439.0
970.33 10.33
973.29 948.0
974.0 1029.29
973.5 1077.5
974.89 901.67
976.5 693.0
979.0 200.25
979.17 1055.67
981.0 110.0
981.0 1003.0
982.0 721.5
985.33 86.33
985.5 546.5
987.59 566.93
988.5 727.8
986.5 790.0
986.33 1011.33
989.0 432.29
989.33 92.67
990.33 596.33
991.88 791.12
992.5 1075.0
994.6 888.2
998.64 469.91
996.0 855.71
998.0 963.0
1004.5 626.5
1004.5 934.5
1005.5 759.5
1007.8 63.0
1006.33 762.67
1007.67 38.67
1007.5 465.5
1007.67 611.33
1008.0 987.5
1009.5 941.0
1012.67 573.11
1011.5 1044.5
1014.2 92.0
1013.6 216.8
1014.67 855.33
1015.0 1036.5
1016.0 1054.5
1018.67 780.33
1019.0 248.5
1019.5 500.0
1022.93 150.59
1021.5 179.0
1021.4 363.2
1022.88 731.62
1024.5 905.0
1026.0 840.25
1026.71 189.0
1027.0 1001.5
1028.5 626.5
1028.5 689.5
1032.67 605.33
1032.5 906.5
1034.5 92.5
1036.4 980.8
1037.67 967.67
1037.5 997.5
1038.67 270.33
1045.13 337.13
1043.0 518.29
1043.67 914.25
1044.5 122.71
1043.6 877.8
1047.0 287.0
1047.5 1069.0
1048.5 61.5
1049.5 488.5
1049.0 626.5
1051.8 652.6
1053.0 139.5
1053.12 212.88
1052.5 1058.5
1056.5 59.5
1056.5 184.5
1060.71 547.0
1062.91 684.91
1063.43 261.43
1066.33 187.67
1067.2 649.4
1069.69 519.92
1070.4 1034.2
1073.12 790.88
1080.96 651.62
1075.5 558.5
1077.0 4.5
1077.0 99.0
1078.0 493.75
1080.0 621.5
1082.0 961.5
1082.6 596.8
1082.5 620.0
1082.67 693.67
1082.33 737.67
1084.36 212.55
1084.0 1058.5
1090.5 221.38
1084.71 272.0
1086.0 24.29
1086.0 79.5
1087.71 313.0
1089.0 995.0
1090.5 480.5
1096.89 361.55
1092.5 572.5
1094.18 53.82
1094.5 329.0
1094.6 848.2
1096.0 607.2
1097.5 345.0
1105.14 1066.16
1105.12 653.12
1104.67 682.67
1104.5 806.5
1112.33 339.24
1112.77 795.65
1107.0 859.5
1107.82 926.18
1107.67 856.33
1109.71 125.0
1112.0 377.0
1112.5 465.0
1113.67 217.67
1116.0 25.25
1116.5 508.5
1116.8 1026.4
1119.0 146.83
1121.25 40.25
1123.83 574.0
1124.5 779.0
1126.21 836.63
1126.2 178.6
1126.4 626.6
1127.12 687.12
1127.5 822.5
1128.33 329.83
1128.36 503.09
1129.5 922.5
1136.47 604.85
1133.0 403.75
1134.0 349.71
1137.5 229.5
1138.0 596.5
1137.5 851.5
1139.92 86.5
1138.86 203.57
1142.67 273.67
1142.67 893.67
1146.29 324.0
1145.5 875.5
1148.0 244.0
1149.5 131.0
1149.89 511.67
1152.15 835.85
1151.5 95.0
1152.5 166.0
1153.5 324.0
1154.0 619.5
1155.8 6.4
1156.5 286.5
1157.6 668.2
1157.5 905.0
1159.17 532.83
1159.5 490.5
1160.0 725.25
1160.4 81.8
1160.71 911.0
1161.5 283.0
1161.5 564.0
1166.0 422.5
1167.67 319.75
1170.65 837.65
1167.5 12.5
1169.0 1059.0
1169.0 972.5
1170.33 714.67
1174.0 565.5
1174.5 731.5
1175.0 905.25
1175.33 276.33
1176.33 611.25
1178.0 751.5
1178.83 148.33
1178.5 285.0
1180.0 418.75
1179.4 867.2
1180.0 174.5
1186.11 238.66
1184.5 654.5
1184.0 876.5
1186.5 955.0
1189.0 577.5
1189.0 136.5
1192.5 527.5
1193.12 813.12
1195.87 17.53
1195.38 52.38
1194.0 513.0
1195.71 496.0
1197.5 1064.5
1200.67 140.12
1205.09 256.49
1199.0 552.5
1201.5 408.0
1200.0 509.5
1201.5 30.0
1201.88 75.88
1202.6 240.6
1202.0 390.71
1202.5 550.0
1204.18 16.18
1203.5 437.5
1203.71 613.0
1207.67 31.33
1208.12 722.12
1208.5 349.5
1208.0 377.5
1209.5 498.5
1213.0 1012.5
1215.72 180.11
1214.5 869.0
1216.0 915.0
1219.0 62.5
1219.5 764.0
1219.0 800.5
1219.5 873.0
1220.4 788.2
1225.45 699.36
1224.75 996.0
1226.33 631.33
1227.5 270.0
1228.86 973.57
1230.25 925.0
1232.12 191.88
1232.5 619.0
1233.67 817.67
1234.5 289.0
1237.16 682.58
1236.8 4.0
1235.71 469.0
1236.0 370.5
1240.0 725.0
1243.5 250.0
1243.6 506.2
1243.6 611.2
1244.2 871.5
1244.5 383.0
1244.0 560.5
1244.0 701.5
1244.5 734.0
1246.5 961.0
1252.0 930.0
1251.0 287.5
1251.33 651.33
1253.29 711.0
1255.0 385.0
1255.33 175.33
1256.5 919.5
1257.5 942.5
1259.0 396.5
1259.5 582.0
1260.0 725.0
1261.5 237.5
1263.0 472.5
1263.89 588.33
1263.5 920.0
1264.0 128.5
1265.0 402.5
1265.0 438.5
1266.5 531.5
1267.67 142.67
1269.17 230.83
1269.0 410.5
1275.54 873.36
1271.0 883.57
1269.33 925.33
1272.2 180.2
1272.91 647.09
1272.67 373.67
1273.67 320.33
1273.5 676.0
1276.0 338.5
1275.0 707.5
1278.35 997.06
1277.6 416.2
1278.55 623.36
1279.29 354.0
1279.12 976.88
1281.6 37.4
1285.5 86.0
1285.67 311.0
1288.28 208.89
1289.5 169.0
1289.0 584.5
1290.0 411.5
1290.33 841.33
1291.5 376.0
1291.5 1043.0
1293.0 448.5
1293.0 468.0
1293.86 572.81
1294.25 671.25
1295.0 207.0
1297.71 213.5
1296.5 219.0
1297.56 1005.78
1297.5 993.5
1299.94 730.22
1299.5 288.5
1299.8 530.4
1300.33 631.33
1302.85 659.85
1301.0 205.5
1302.67 768.67
1305.2 47.5
1304.29 134.0
1304.75 671.25
1304.5 714.5
1305.33 112.67
1306.5 300.0
1307.0 437.5
1306.67 751.33
1307.5 757.5
1308.67 407.67
1309.5 365.0
1309.5 847.5
1312.0 260.25
1312.2 796.4
1314.0 46.71
1315.0 193.5
1316.12 329.88
1316.88 693.69
1318.59 243.68
1320.33 120.33
1321.5 323.5
1323.0 229.71
1323.2 350.5
1324.47 734.13
1323.5 895.0
1325.0 402.5
1325.5 452.5
1327.5 522.5
1327.5 964.0
1330.5 694.5
1333.6 327.2
1335.0 1024.0
1335.25 586.0
1338.67 334.33
1339.0 89.5
1340.5 284.5
1341.38 475.38
1340.5 970.0
1350.0 221.31
1345.0 970.25
1348.5 836.5
1350.91 207.91
1349.88 692.12
1351.8 492.6
1351.5 741.0
1354.44 705.56
1353.5 769.5
1353.5 797.5
1354.88 484.88
1354.5 732.0
1356.29 802.0
1355.33 908.67
1357.12 113.88
1358.42 873.42
1358.2 1029.4
1359.5 485.0
1359.0 600.5
1360.0 817.5
1364.07 1068.72
1361.5 851.0
1362.5 1013.5
1362.5 135.0
1362.5 164.5
1362.67 943.67
1363.5 432.0
1364.75 980.0
1368.6 797.8
1372.82 266.4
1369.88 545.88
1369.0 662.0
1369.0 702.5
1370.0 468.5
1371.5 335.0
1374.5 12.0
1374.0 823.5
1375.33 377.67
1375.0 770.5
1376.4 225.8
1376.5 979.0
1376.71 1028.0
1378.0 53.2
1380.5 280.0
1380.5 731.0
1381.8 1042.0
1381.25 233.0
1381.33 384.67
1381.8 467.6
1383.5 417.5
1383.6 139.2
1384.0 594.5
1389.69 82.61
1386.5 844.0
1389.0 477.0
1389.0 688.5
1391.67 954.17
1392.5 848.0
1394.0 337.0
1393.67 1043.67
1394.0 688.0
1395.5 152.5
1396.0 980.71
1397.67 156.33
1397.5 385.0
1398.5 275.0
1399.5 242.5
1402.0 375.0
1402.0 1051.0
1404.88 26.88
1404.5 1031.5
1410.0 661.22
1406.5 1040.0
1409.0 185.5
1409.5 1000.0
1411.8 347.0
1412.0 107.5
1412.0 735.29
1412.5 144.0
1414.0 191.71
1415.88 97.88
1416.5 12.0
1418.0 439.5
1416.4 934.2
1418.6 23.2
1421.09 935.36
1425.8 807.0
1427.0 755.0
1429.0 786.0
1430.0 1012.0
1431.5 0.0
1431.5 983.0
1434.5 165.5
1434.0 763.5
1435.71 820.0
1438.75 1074.0
1442.5 304.0
1442.5 654.5
1445.5 54.0
1443.5 446.5
1444.0 485.0
1446.0 40.0
1447.9 175.05
1446.5 536.5
1447.5 279.5
1448.0 977.71
1455.92 895.07
1451.5 219.5
1452.5 333.5
1452.5 861.5
1458.5 782.0
1459.88 40.88
1460.0 278.75
1460.0 13.5
1465.5 770.67
1473.23 4.07
1464.33 202.67
1466.5 458.0
1468.59 1063.32
1471.16 169.71
1469.5 144.5
1471.0 585.0
1472.5 610.0
1472.5 614.5
1474.82 446.95
1473.5 1037.0
1476.0 230.0
1475.0 459.5
1477.0 108.75
1481.0 515.5
1480.0 549.5
1482.33 799.67
1484.0 939.0
1486.6 260.1
1487.0 724.0
1488.0 230.0
1489.17 184.83
1488.0 413.5
1490.0 709.71
1490.0 234.5
1492.81 951.19
1493.0 351.25
1492.5 992.5
1494.0 243.75
1494.5 325.5
1494.0 833.5
1495.33 35.33
1497.23 497.23
1496.5 1035.0
1498.86 771.19
1498.5 900.0
1500.5 764.0
1500.71 842.0
1501.33 490.33
1501.5 933.5
1502.5 423.0
1503.67 1074.75
1509.55 778.06
1509.0 622.0
1510.0 2.0
1510.88 37.12
1511.33 115.33
1511.5 702.5
1511.33 1053.33
1515.5 2.71
1514.5 1025.0
1515.25 176.0
1516.5 259.5
1516.71 296.0
1517.5 881.5
1519.0 56.5
1520.0 628.5
1521.83 582.17
1523.0 665.0
1525.83 4.17
1525.0 517.0
1528.89 387.42
1530.85 529.15
1530.5 96.5
1530.5 661.5
1532.2 475.4
1531.5 880.0
1533.55 275.64
1532.5 904.5
1533.5 362.0
1539.41 555.42
1535.0 669.5
1535.5 682.5
1537.2 342.6
1537.5 105.0
1538.2 274.4
1539.0 809.2
1540.0 660.25
1540.5 296.5
1542.09 111.36
1544.0 203.34
1541.5 284.5
1541.33 981.33
1544.0 21.0
1542.5 872.5
1543.0 708.5
1544.2 758.6
1543.5 1019.0
1547.83 360.0
1547.29 947.5
1549.33 108.12
1548.29 289.0
1549.5 184.0
1551.0 193.5
1552.2 602.0
1552.5 85.5
1553.2 730.4
1555.0 766.83
1556.27 305.5
1555.5 544.0
1555.5 549.0
1555.5 896.5
1556.0 913.5
1557.25 18.42
1556.5 114.5
1557.82 722.0
1560.3 714.1
1562.88 64.41
1562.2 198.6
1564.11 295.0
1564.5 650.0
1565.0 194.5
1569.5 961.5
1570.33 400.33
1570.0 473.5
1572.0 277.29
1573.88 317.5
1572.15 346.46
1572.5 435.0
1574.0 2.8
1573.5 1037.5
1574.5 495.5
1574.0 825.5
1575.5 439.0
1578.93 993.81
1577.0 1034.8
1580.0 310.5
1581.5 318.2
1581.0 685.71
1586.97 561.99
1584.0 423.0
1582.5 447.0
1583.67 215.33
1584.33 17.67
1585.0 58.0
1586.5 521.5
1586.4 792.2
1588.0 603.29
1589.5 127.0
1590.09 179.22
1589.67 27.67
1589.0 350.5
1591.38 435.38
1592.0 144.0
1594.8 1016.0
1595.47 688.35
1595.29 1062.5
1596.0 969.5
1598.67 610.67
1597.5 860.0
1599.67 645.33
1601.0 37.5
1601.5 175.0
1601.33 287.67
1602.5 451.29
1603.5 42.2
1603.83 464.17
1606.37 689.37
1605.0 139.5
1605.5 676.5
1606.5 1055.5
1609.5 182.0
1608.67 1020.33
1609.6 423.2
1611.0 813.5
1612.5 1065.0
1615.5 120.0
1615.0 158.5
1616.5 949.5
1617.5 39.0
1618.67 541.33
1619.5 146.5
1619.4 993.2
1621.17 639.83
1622.76 721.24
1622.5 982.5
1624.75 866.0
1625.5 346.5
1627.5 304.0
1628.29 1028.0
1630.0 247.5
1632.5 1003.5
1633.75 69.0
1634.0 169.0
1635.5 229.5
1636.59 635.74
1634.5 810.5
1635.0 22.5
1636.5 759.0
1639.2 904.0
1640.84 67.16
1641.5 811.79
1639.0 839.5
1640.0 588.5
1641.5 412.0
1641.5 1017.5
1642.6 191.8
1642.67 481.33
1643.0 876.5
1643.5 991.0
1644.5 470.0
1646.6 257.6
1647.5 290.0
1648.6 136.2
1648.5 1035.0
1650.25 87.0
1650.0 548.5
1650.0 943.5
1650.0 996.5
1651.5 125.5
1659.37 817.35
1651.0 842.5
1655.25 235.75
1653.67 870.33
1653.67 924.33
1655.92 342.5
1655.5 41.0
1655.5 98.5
1655.0 464.5
1656.5 115.5
1656.25 273.0
1659.0 146.5
1659.0 311.5
1661.89 842.28
1663.28 262.89
1661.33 351.33
1661.0 976.5
1664.5 733.0
1666.17 15.17
1666.5 412.0
1672.57 3.37
1668.0 417.5
1669.5 461.5
1670.2 857.6
1671.62 38.38
1671.33 122.67
1672.5 649.0
1673.33 719.89
1674.2 252.6
1674.0 147.5
1675.5 603.0
1677.53 980.13
1678.0 1000.2
1678.5 189.8
1678.78 396.5
1677.6 415.8
1677.6 518.2
1680.33 358.67
1680.33 470.33
1681.5 465.0
1682.5 1077.71
1683.41 348.12
1684.5 670.0
1684.5 699.0
1685.0 185.5
1687.0 618.5
1686.5 969.5
1688.33 233.2
1686.5 609.5
1687.67 669.33
1687.5 841.5
1689.0 267.8
1690.0 986.5
1695.67 416.33
1696.38 283.38
1695.0 665.5
1696.33 526.33
1698.29 523.0
1698.0 871.29
1698.5 726.0
1699.0 900.5
1700.5 1033.78
1701.0 435.5
1701.5 533.0
1702.0 692.5
1703.25 191.33
1703.67 85.33
1706.5 581.0
1705.0 712.5
1707.0 1045.5
1707.5 1076.5
1711.71 36.0
1711.5 109.5
1711.4 145.8
1713.29 139.0
1713.2 319.6
1713.6 885.8
1717.12 258.88
1717.2 291.6
1719.0 241.17
1719.15 31.46
1721.5 94.25
1720.33 226.33
1724.5 648.0
1723.5 678.5
1724.0 957.5
1726.2 753.6
1726.5 895.5
1726.5 970.0
1728.75 0.62
1730.0 266.5
1730.0 362.0
1731.0 464.5
1731.0 994.0
1732.55 512.36
1734.0 702.0
1735.0 109.5
1736.0 626.5
1739.78 108.91
1738.0 961.5
1740.58 488.42
1739.33 91.33
1739.5 582.0
1741.41 830.28
1743.71 101.0
1745.5 385.0
1746.5 60.0
1746.5 293.5
1748.55 949.36
1748.6 216.2
1748.5 343.0
1749.0 47.5
1749.0 817.5
1755.63 107.0
1753.0 415.25
1753.5 932.0
1758.12 285.88
1760.41 137.32
1761.62 764.85
1759.5 791.0
1762.73 20.95
1763.29 338.5
1764.5 879.0
1769.0 418.5
1770.0 664.29
1772.0 43.0
1773.83 685.17
1777.57 343.0
1778.0 240.25
1779.5 95.0
1780.0 400.25
1779.0 456.0
1780.5 304.0
1782.5 127.5
1782.5 396.5
1784.5 587.0
1785.0 209.5
1787.0 614.0
1787.67 480.33
1787.5 510.5
1788.0 1007.5
1790.71 461.0
1790.0 757.5
1791.5 949.0
1792.5 839.5
1794.0 1066.5
1795.78 336.67
1795.0 427.5
1795.25 587.0
1798.0 142.0
1799.11 187.72
1799.0 863.5
1800.0 347.5
1807.0 857.5
1807.5 303.5
1807.83 519.17
1810.14 84.57
1809.33 777.67
1811.17 376.83
1811.0 662.0
1812.0 735.0
1812.29 968.0
1813.5 432.5
1814.43 870.14
1815.33 295.33
1817.5 248.0
1818.67 710.33
1818.89 1022.67
1819.89 254.33
1820.0 97.5
1820.0 138.5
1822.2 1.5
1821.5 404.0
1822.75 460.25
1822.88 172.12
1822.5 633.0
1823.6 235.8
1824.0 475.71
1824.2 686.4
1825.5 609.0
1826.0 726.5
1826.5 23.5
1827.5 100.0
1827.5 1004.0
1830.14 434.43
1831.5 884.0
1832.33 1001.75
1834.0 87.0
1834.0 422.5
1837.2 18.6
1837.0 233.29
1836.5 636.0
1842.28 602.09
1838.5 1048.5
1839.0 373.5
1839.0 432.5
1843.65 189.65
1840.5 1061.5
1841.5 234.5
1842.0 313.5
1842.2 494.6
1842.55 525.64
1841.5 620.0
1842.0 366.5
1844.5 752.71
1846.38 381.75
1847.5 477.5
1849.0 713.0
1851.0 12.5
1851.33 131.33
1852.0 724.2
1854.5 511.5
1855.0 204.29
1855.71 141.0
1857.5 332.5
1863.83 951.05
1860.0 270.0
1860.38 120.62
1860.8 420.4
1862.2 297.6
1862.67 91.33
1864.0 225.0
1864.0 555.5
1865.0 929.71
1865.17 1050.17
1865.0 206.5
1867.7 310.91
1865.0 451.5
1865.8 967.6
1868.2 121.4
1867.5 194.5
1873.07 660.81
1871.62 976.38
1872.18 146.45
1871.5 475.0
1873.0 600.0
1872.5 605.0
1872.67 713.67
1873.71 997.5
1873.5 169.0
1880.5 634.13
1874.0 76.5
1877.25 1024.25
1876.0 84.5
1877.0 170.8
1877.0 498.8
1876.8 611.4
1878.65 58.0
1877.5 409.0
1879.0 120.5
1879.0 355.5
1882.58 112.0
1882.0 568.5
1881.5 706.5
1881.5 1064.0
1884.0 165.5
1885.88 105.88
1886.5 174.0
1887.5 121.5
1888.0 432.0
1890.56 667.33
1892.65 254.46
1889.5 445.0
1891.83 285.0
1890.88 758.88
1890.33 990.33
1891.5 4.0
1892.0 96.5
1891.5 212.5
1894.5 590.0
1894.0 986.0
1898.0 171.25
1898.12 720.12
1901.0 831.5
1901.5 540.0
1902.5 283.5
1903.0 1.5
1906.62 519.62
1906.33 134.33
1909.71 711.5
1907.5 100.5
1908.67 775.33
1909.33 95.33
1913.1 325.1
1911.17 526.92
1913.18 58.32
1911.4 217.2
1911.33 412.67
1914.2 184.2
1912.5 195.5
1914.0 204.5
1915.4 411.2
1915.0 621.5
1918.12 209.12
1918.0 263.29
1918.5 66.5
!