2.5 494.5
5.67 803.67
27.0 109.5
27.5 178.0
30.0 79.5
33.67 425.67
35.62 693.62
35.5 428.0
36.5 486.0
39.0 381.5
46.4 289.8
48.0 708.5
51.0 858.5
52.0 708.71
56.29 478.0
58.0 235.5
68.5 143.0
69.5 387.0
70.0 685.5
77.0 452.5
77.0 568.5
86.0 549.5
88.67 152.67
90.5 506.0
102.5 799.0
110.5 666.5
114.29 743.0
119.0 434.5
124.5 747.5
127.71 135.5
126.5 406.0
127.5 208.5
127.0 859.5
135.0 161.5
137.67 461.67
138.67 76.33
139.0 163.71
139.5 566.5
143.0 530.5
150.88 164.12
151.0 460.71
154.0 511.0
158.8 475.6
159.5 629.0
160.5 460.0
174.07 258.09
171.5 73.5
175.0 396.5
177.0 837.5
180.33 848.67
187.67 353.67
192.67 326.67
198.32 541.96
196.5 815.5
197.0 859.5
202.71 290.0
203.0 278.5
211.0 801.5
211.0 566.5
216.83 794.17
217.2 819.6
220.0 180.5
222.09 774.64
223.0 827.29
233.5 828.0
234.5 669.0
234.33 671.67
237.33 405.67
237.67 816.33
240.33 221.33
244.5 545.0
246.0 720.5
251.5 311.5
252.0 788.5
260.88 192.88
265.5 777.0
268.67 843.33
270.5 751.0
272.0 406.5
282.5 818.0
283.33 195.33
288.0 393.5
295.0 156.5
299.9 219.44
298.29 702.0
299.85 527.46
299.67 438.67
307.8 580.6
312.5 527.0
324.0 66.5
336.5 80.0
342.0 521.5
353.33 136.67
353.33 565.33
356.3 17.1
354.0 277.5
364.5 741.0
365.0 723.5
367.8 234.4
378.43 250.64
373.5 667.5
380.0 33.0
383.5 443.0
396.0 46.5
396.0 357.5
400.0 178.5
401.5 662.0
403.5 414.5
412.0 364.71
412.0 701.5
415.4 540.2
415.5 647.0
416.5 68.0
427.33 769.67
430.5 850.0
434.33 187.33
437.67 289.67
441.5 724.5
442.33 344.67
445.0 118.5
451.0 343.5
452.67 274.67
454.0 180.5
455.5 241.5
458.5 235.0
471.33 260.67
472.0 156.5
475.5 97.5
477.29 280.71
478.5 27.0
481.33 73.67
494.25 472.75
494.5 752.0
497.0 554.5
502.67 84.33
507.18 360.35
508.67 640.67
512.0 496.5
520.0 794.5
520.33 307.33
520.67 569.33
524.4 764.96
533.5 429.0
536.5 332.5
536.5 506.0
540.0 669.5
543.0 188.5
547.0 344.5
547.5 569.5
551.0 219.5
554.38 48.25
553.6 60.8
554.8 43.4
556.5 718.0
562.0 356.5
584.5 18.0
584.5 55.5
589.67 464.67
590.5 343.5
590.5 583.0
594.26 559.47
593.5 678.0
600.5 245.5
606.0 720.5
609.5 661.5
612.0 137.75
611.0 234.5
615.0 770.71
617.5 639.5
619.0 761.5
621.0 593.5
625.79 758.37
627.67 545.33
632.5 612.0
638.0 95.0
642.88 591.12
643.5 436.0
645.41 97.12
648.0 429.5
653.5 346.33
649.33 828.33
652.0 142.5
665.45 247.49
665.5 810.0
668.0 420.5
670.2 382.4
672.5 145.0
680.0 806.0
681.0 346.5
682.5 539.5
686.67 296.33
700.67 337.33
703.67 750.33
707.33 403.33
708.5 101.0
708.0 799.5
710.0 648.29
719.5 180.5
722.0 341.0
723.8 117.4
724.67 129.33
726.67 718.89
730.0 560.5
732.29 362.0
731.0 627.5
732.29 774.0
739.5 775.5
740.5 209.0
743.5 772.0
748.95 630.14
753.83 185.17
758.0 395.5
760.67 125.67
760.0 502.5
765.5 194.0
767.0 603.71
770.5 859.5
789.0 706.5
793.5 47.0
801.0 400.5
804.11 746.33
810.67 346.33
816.5 56.5
816.5 266.0
816.67 334.67
825.33 112.67
829.21 303.63
828.5 55.5
829.0 555.5
830.75 474.0
831.0 192.5
831.67 808.33
834.6 395.2
835.17 636.17
836.12 99.88
835.0 148.5
839.67 851.33
842.0 17.5
843.5 337.5
858.5 542.0
862.91 223.91
886.5 426.5
887.5 141.0
889.5 357.0
893.0 432.5
892.5 144.5
892.5 655.5
895.0 8.5
898.71 128.0
899.5 743.0
903.12 206.88
904.5 645.0
905.5 246.5
905.5 840.0
906.5 336.0
909.0 545.5
911.33 814.33
917.71 655.0
921.25 332.0
923.5 541.5
924.5 726.5
926.0 179.5
928.5 434.0
929.27 714.27
929.5 19.0
931.0 381.5
931.5 814.5
942.5 737.5
947.5 224.5
949.5 764.0
954.5 513.0
956.67 113.67
956.5 160.5
959.12 173.12
961.0 420.8
963.67 154.67
974.5 80.5
979.67 576.33
984.68 744.41
985.28 697.89
984.5 473.5
988.0 772.5
991.5 724.5
996.13 497.47
1004.33 228.5
1005.32 477.82
1006.5 736.0
1013.0 187.5
1024.0 658.0
1024.33 519.33
1030.29 592.5
1033.5 745.0
1034.33 363.67
1035.5 373.0
1037.33 41.33
1038.0 801.5
1039.5 236.5
1040.5 161.0
1040.5 521.0
1042.0 769.5
1045.5 106.0
1048.0 270.5
1049.5 549.5
1049.5 669.0
1051.5 363.0
1052.0 617.5
1053.67 823.67
1058.0 580.5
1060.5 484.0
1067.0 206.5
1067.5 251.0
1069.5 769.0
1072.5 500.5
1073.6 285.2
1073.5 352.5
1076.5 764.5
1079.5 227.5
1083.5 701.0
1084.5 752.5
1086.5 852.0
1103.5 6.5
1103.5 756.5
1106.0 793.5
1107.5 739.0
1112.5 845.5
1115.5 489.0
1122.0 210.5
1123.5 835.0
1127.0 363.71
1141.5 782.0
1145.65 820.0
1147.5 527.0
1147.0 632.5
1148.0 296.5
1149.5 550.0
1150.0 663.5
1155.0 661.5
1157.5 644.0
1158.0 734.5
1164.0 130.5
1166.5 157.5
1166.0 249.5
1183.0 139.5
1196.5 522.0
1197.0 504.5
1198.67 411.67
1201.5 347.5
1201.0 414.5
1202.5 235.5
1209.33 68.67
1211.33 123.33
1217.09 145.36
1223.5 111.5
1228.5 158.0
1231.5 381.5
1234.5 365.0
1235.5 293.0
1239.5 32.5
1239.67 829.67
1246.5 337.5
1250.5 276.0
1253.67 144.67
1260.0 339.0
1264.33 405.67
1265.0 359.5
1266.2 814.6
1266.5 47.5
1268.67 279.67
1269.33 100.67
1271.0 168.5
1272.5 89.5
1275.5 67.5
1275.67 131.67
1278.4 320.2
1278.0 758.5
1285.5 135.0
1292.25 49.0
1299.5 6.5
1300.5 625.0
1305.33 116.67
1310.67 350.67
1314.4 571.8
1318.5 11.0
1318.0 393.5
1318.67 832.33
1328.67 545.67
1331.0 777.5
1347.0 435.5
1347.6 646.2
1356.5 144.5
1358.5 474.5
1360.33 626.67
1360.5 818.0
1364.5 268.5
1365.67 600.33
1368.0 609.5
1368.0 70.5
1368.0 320.5
1369.83 54.17
1373.5 16.0
1374.5 326.0
1375.5 459.0
1376.0 29.5
1380.5 80.0
1381.0 779.0
1385.25 82.25
1384.0 330.5
1386.5 347.0
1398.5 492.0
1404.0 740.0
1404.38 720.38
1410.68 648.32
1406.6 536.8
1408.0 156.5
1408.0 360.5
1411.83 209.17
1413.17 471.17
1417.5 666.0
1421.5 23.5
1428.5 779.5
1430.5 46.0
1432.5 638.71
1433.5 322.5
1436.2 345.6
1437.5 259.0
1439.5 806.0
1444.5 496.0
1448.0 383.5
1450.5 145.5
1450.5 184.0
1452.57 742.0
1454.5 84.0
1457.5 136.0
1463.5 799.0
1466.5 794.0
1467.5 705.5
1467.83 710.17
1467.0 825.5
1469.0 463.5
1471.0 233.5
1471.5 344.5
1477.0 141.5
1478.0 435.5
1482.5 470.0
1485.63 703.21
1485.67 100.67
1487.0 166.5
1487.33 540.33
1488.5 551.0
1492.0 703.5
1508.33 383.33
1515.5 390.5
1516.5 486.0
1516.89 625.67
1521.2 189.5
1522.6 748.8
1523.5 679.0
1528.67 531.33
1531.0 438.5
1534.67 399.67
!