0.0 128.5
2.12 139.41
1.38 150.38
5.13 824.42
2.5 948.0
4.5 1071.0
7.2 339.4
6.8 483.6
8.0 22.5
8.6 217.2
9.12 640.88
8.5 1029.5
9.5 731.5
10.0 167.5
11.29 1056.0
12.5 118.5
13.6 31.8
16.0 691.0
17.09 187.09
17.5 1023.0
19.0 135.71
19.0 291.0
21.72 505.11
20.25 632.0
22.5 1009.5
27.0 77.29
27.38 303.38
28.0 389.5
29.0 4.5
29.0 312.5
29.88 695.88
30.33 798.67
32.0 828.29
34.5 63.5
36.33 902.67
38.6 352.2
39.17 431.17
40.0 1020.0
40.5 494.5
41.5 374.0
43.0 254.5
43.67 697.67
45.25 669.0
47.9 719.05
48.0 178.5
48.0 1038.5
55.0 848.87
51.45 434.64
52.5 178.5
54.75 576.75
58.0 185.0
60.0 486.0
68.9 462.6
65.0 641.5
66.12 776.88
68.67 163.67
73.83 322.83
77.75 323.0
79.0 628.5
84.5 276.5
83.67 637.67
85.5 219.0
86.0 792.0
87.0 611.5
88.0 566.5
91.5 38.5
91.5 269.0
91.67 430.33
92.5 473.5
95.17 588.83
97.0 404.5
96.5 1004.5
99.0 647.5
100.0 244.5
100.5 753.0
101.5 739.5
106.5 186.5
106.5 650.5
110.91 76.09
107.67 423.67
110.4 268.2
110.4 1003.2
111.8 309.4
112.0 579.0
112.0 759.71
111.4 1018.2
114.0 168.5
112.5 390.0
113.5 722.5
115.0 556.5
117.12 633.12
120.0 807.0
121.5 288.5
121.0 341.5
122.5 143.0
125.5 897.5
128.54 377.85
128.5 885.0
128.67 894.67
129.0 621.0
132.19 303.14
131.0 683.8
130.33 720.33
138.5 998.5
138.5 287.5
139.5 392.5
144.0 661.5
147.0 746.25
149.2 1013.6
151.0 190.25
150.0 1056.5
157.04 90.01
162.03 486.93
154.38 605.38
153.0 1025.5
154.89 554.67
154.5 884.0
155.8 113.4
155.5 504.5
160.78 339.5
159.33 630.33
161.17 408.17
161.0 82.5
162.5 530.0
164.33 399.67
164.5 679.0
165.75 235.25
165.5 1005.0
167.8 251.4
167.0 1014.5
170.0 20.71
169.88 30.88
177.6 411.8
179.17 499.17
180.0 403.5
180.33 949.33
183.93 976.19
184.6 1032.4
184.71 423.0
187.0 230.43
187.0 485.0
187.2 606.4
188.67 783.67
190.0 201.5
191.25 136.0
192.0 909.71
193.5 299.0
195.0 847.29
196.0 1027.0
196.5 930.0
203.5 1022.5
204.0 137.5
206.0 456.0
208.68 295.32
206.5 659.0
206.8 765.4
208.0 283.75
211.62 18.38
212.0 1018.75
215.33 385.33
215.33 648.67
215.33 958.67
216.5 1024.5
217.5 60.0
221.72 847.89
222.33 890.67
228.0 748.83
226.4 813.2
227.67 1031.33
230.62 102.38
229.0 321.5
233.15 408.65
232.14 672.71
230.33 856.33
238.93 610.56
237.5 743.5
240.0 300.0
242.71 560.5
242.5 960.0
243.5 839.5
245.0 1048.5
251.29 208.71
248.0 931.8
251.11 92.21
253.12 522.12
253.0 934.0
253.0 1061.0
256.5 394.5
254.0 451.5
257.0 889.75
261.12 420.88
261.0 722.75
264.5 624.0
266.36 763.09
265.5 838.0
269.09 784.78
269.29 896.0
270.0 44.5
273.47 871.87
276.5 512.5
275.67 380.67
276.5 577.5
277.2 597.6
277.71 623.0
279.0 9.5
283.67 927.67
284.0 486.5
286.58 626.94
287.5 1054.71
287.5 447.5
289.0 682.5
293.5 313.29
296.0 578.5
301.71 200.0
303.5 750.5
310.8 133.6
312.0 464.5
310.0 847.5
314.0 252.5
315.8 688.6
322.81 854.86
326.6 337.6
325.0 1002.5
327.5 85.5
329.75 490.56
329.5 404.0
335.0 770.5
338.0 129.0
340.82 289.82
346.33 660.33
350.0 259.0
348.0 64.5
350.88 171.88
351.0 941.5
353.67 627.67
354.83 225.67
355.0 847.5
356.29 993.0
357.5 38.0
360.4 1.2
360.71 330.0
361.5 724.0
363.5 431.5
365.63 484.79
364.5 1036.5
367.0 508.5
366.5 885.0
367.6 636.8
367.83 1067.83
371.0 1019.5
370.4 1056.8
371.5 95.0
374.6 237.2
375.0 739.5
376.0 781.29
377.0 342.0
379.67 954.67
383.41 1062.0
382.15 38.54
383.36 95.91
387.12 758.58
386.0 963.5
386.33 89.33
386.5 875.0
388.0 566.5
394.0 549.55
390.33 588.67
390.0 941.0
391.5 20.0
392.83 1032.0
395.0 844.5
396.0 463.5
403.9 278.72
399.67 363.67
401.41 380.12
402.33 170.89
403.83 404.17
409.0 598.0
411.0 948.29
414.18 717.68
412.29 766.0
412.5 361.5
415.5 407.5
417.5 202.5
417.5 238.0
421.0 226.0
424.71 799.86
421.5 738.5
426.49 376.56
425.67 220.17
425.4 827.2
429.2 916.0
431.0 198.0
431.5 223.0
434.0 470.25
433.6 478.2
435.0 214.5
437.5 325.0
438.67 567.67
440.62 868.38
439.5 915.0
443.5 82.5
444.67 47.67
444.0 536.5
451.0 347.29
451.0 921.0
458.0 248.5
459.0 155.0
464.5 90.0
466.88 713.12
472.0 507.5
473.2 153.6
472.5 774.0
475.0 317.5
477.29 804.0
477.5 314.0
478.2 369.0
478.2 578.6
478.5 600.0
480.5 475.0
480.5 504.0
484.37 999.63
484.2 98.6
486.5 279.5
489.22 145.09
491.33 638.67
493.0 226.5
498.0 957.5
502.0 661.5
501.8 1022.6
502.5 131.5
503.36 140.45
502.5 260.0
504.4 330.2
505.0 1072.0
505.0 721.5
507.88 1067.12
509.0 392.29
510.59 942.72
512.5 12.5
514.5 227.5
515.33 14.67
516.0 687.0
531.12 227.12
532.67 467.67
535.4 12.8
535.88 303.12
535.0 606.5
537.12 694.12
543.53 471.87
544.0 556.71
545.5 39.5
545.0 160.0
552.26 223.91
554.0 662.5
555.0 157.5
556.33 63.67
556.5 486.5
559.0 310.0
560.8 419.4
562.5 334.5
565.0 597.5
565.0 911.5
571.25 799.25
571.8 666.0
573.84 70.55
572.17 144.83
571.8 689.6
575.37 775.37
574.33 738.67
575.5 528.0
577.5 701.71
577.8 854.6
579.0 401.5
586.5 322.2
587.5 109.5
589.5 220.0
589.67 452.33
593.29 575.0
593.5 675.5
597.5 59.0
599.0 339.5
601.0 356.0
601.4 570.6
608.0 132.75
608.5 1017.5
609.0 451.5
609.5 602.5
612.5 247.0
612.5 305.0
615.25 310.0
616.5 744.0
617.5 261.5
622.0 307.0
623.5 437.0
626.0 61.0
626.5 532.5
627.5 875.0
631.5 711.0
633.0 553.29
635.5 459.0
643.21 647.96
639.5 992.5
640.33 695.33
642.71 970.5
645.38 778.15
644.18 924.18
650.8 809.4
653.0 302.5
657.68 240.96
662.5 613.5
666.5 104.0
668.52 780.39
666.33 852.67
669.5 41.5
672.0 229.8
672.0 553.0
671.5 909.0
673.71 169.0
674.5 597.5
678.67 862.67
679.33 721.33
679.67 995.33
683.0 179.25
682.75 833.0
688.67 592.67
689.5 721.5
692.0 133.0
691.33 149.33
692.0 289.0
699.0 261.5
694.17 874.17
694.0 301.5
698.26 351.59
701.0 19.5
701.12 377.12
701.5 474.0
702.75 128.0
705.4 688.2
707.5 99.0
710.33 108.67
710.25 876.0
712.5 158.5
712.5 655.0
713.0 1044.0
714.0 326.5
714.5 988.0
715.0 756.5
716.33 2.67
719.5 109.0
719.5 327.5
720.0 275.5
723.0 821.5
727.0 789.2
729.0 287.5
730.33 595.33
732.0 130.5
734.5 415.0
737.0 820.0
736.4 833.2
737.5 380.5
737.5 620.0
740.47 694.87
747.2 744.77
740.4 1065.8
742.5 241.0
744.0 597.5
744.0 1033.75
746.33 36.33
747.33 480.89
748.6 562.2
749.0 356.5
753.0 567.0
754.36 670.45
755.82 679.82
758.5 497.83
756.6 611.8
759.17 103.17
758.75 1069.0
759.0 766.0
760.5 601.0
761.5 631.0
763.64 58.09
767.0 979.5
768.5 399.5
771.0 143.5
772.0 599.0
774.17 432.0
775.3 100.3
777.14 311.29
779.77 739.43
781.83 381.0
782.0 292.8
785.33 443.67
785.33 1078.67
788.62 29.38
790.0 491.5
792.2 94.6
797.0 686.5
798.12 991.88
800.88 607.12
801.5 666.5
801.0 938.5
803.67 362.67
803.67 404.67
805.0 725.25
805.4 539.2
806.5 756.5
812.0 29.75
812.5 824.5
813.17 326.17
814.5 615.71
819.78 451.39
819.0 574.5
821.5 915.0
822.5 179.0
824.0 921.0
825.0 140.0
825.0 939.5
826.4 402.2
826.88 897.88
828.0 392.5
829.5 595.0
831.5 109.0
832.0 229.0
836.5 627.5
840.0 276.5
841.5 124.0
844.5 1046.0
848.0 65.5
847.67 378.67
847.5 850.5
849.0 762.5
850.0 1014.5
852.5 518.5
852.5 1070.0
854.71 867.0
857.5 565.0
861.5 378.5
862.5 886.0
864.5 322.5
865.0 957.5
868.2 158.6
873.0 584.25
872.67 841.33
876.36 317.09
876.5 952.0
879.0 1071.5
885.33 66.33
885.88 655.12
890.0 432.5
895.43 512.0
894.0 811.5
895.5 482.0
901.5 661.5
903.5 504.0
904.0 447.0
908.2 542.6
908.5 862.5
918.18 449.23
913.67 413.67
916.0 928.0
918.29 353.5
920.5 530.0
926.33 306.33
928.5 445.5
929.0 805.0
930.0 376.5
929.0 728.5
933.67 505.67
942.68 641.96
947.5 676.5
952.0 179.25
953.5 140.0
956.0 127.75
964.17 759.83
966.5 653.0
972.5 417.5
973.67 532.67
974.5 424.0
977.0 857.5
985.35 635.37
983.5 741.71
984.5 1015.0
990.4 460.8
991.71 945.0
994.72 674.41
995.0 645.25
996.0 1005.5
997.12 179.88
1002.12 366.88
1001.33 529.67
1002.5 898.5
1004.83 73.0
1005.5 354.5
1007.5 364.0
1007.5 865.0
1009.33 318.67
1010.89 197.67
1010.33 279.67
1012.5 632.5
1014.17 209.83
1015.33 202.67
1019.0 568.0
1017.5 300.0
1018.5 761.0
1020.0 137.0
1021.0 0.5
1025.0 208.75
1026.8 151.5
1028.67 214.67
1031.72 114.89
1032.67 506.33
1034.0 547.8
1034.0 36.0
1036.0 224.0
1043.07 395.81
1047.2 336.4
1050.17 633.83
1052.71 734.0
1056.21 1013.63
1059.5 202.14
1060.33 28.67
1062.0 259.71
1063.5 411.5
1066.0 794.5
1066.0 942.5
1069.6 579.8
1078.06 890.84
1081.41 435.88
1085.0 191.5
1092.0 242.29
1092.5 280.5
1093.75 654.0
1094.5 217.0
1094.88 568.12
1100.55 666.98
1098.5 247.5
1100.0 55.5
1101.5 182.5
1105.7 964.7
1105.0 150.5
1105.5 168.0
1109.45 1056.58
1109.0 750.0
1110.25 913.67
1111.67 20.67
1115.0 100.37
1113.5 310.0
1120.86 155.08
1120.41 494.26
1120.8 18.6
1121.5 256.5
1126.0 1.0
1127.5 469.67
1128.0 922.5
1129.0 434.5
1131.5 704.5
1134.5 195.0
1135.0 1042.5
1140.12 346.88
1139.0 421.5
1139.5 500.5
1139.5 1049.5
1143.0 555.0
1149.75 177.38
1148.6 98.2
1149.5 285.5
1150.13 447.53
1150.5 131.5
1152.2 733.6
1152.0 927.5
1157.5 783.2
1159.4 407.6
1158.67 658.67
1166.56 1030.86
1164.0 998.5
1165.33 861.33
1167.82 773.18
1169.67 33.89
1170.0 107.5
1175.25 39.75
1174.5 240.5
1177.67 1032.11
1178.0 529.75
1180.5 984.5
1180.0 104.5
1181.88 1021.88
1186.5 133.5
1187.5 128.0
1191.8 94.4
1192.83 487.17
1194.0 694.71
1194.0 779.71
1197.0 204.0
1198.29 325.0
1201.71 1046.36
1201.33 313.67
1201.5 378.0
1203.67 148.67
1205.08 247.5
1205.0 623.5
1205.0 842.0
1209.0 406.5
1208.5 498.5
1210.33 1007.33
1211.5 394.0
1211.33 749.67
1219.43 349.43
1212.5 438.0
1212.67 903.33
1219.21 141.79
1217.5 38.5
1223.67 428.67
1224.5 93.0
1226.12 269.88
1227.5 1017.5
1235.16 73.72
1232.0 867.5
1232.5 729.0
1235.0 967.0
1241.71 16.0
1245.5 638.5
1249.5 72.95
1248.0 5.25
1251.5 506.5
1257.0 750.0
1259.88 789.88
1262.4 60.3
1269.0 759.0
1272.0 1024.75
1274.0 316.5
1280.0 257.5
1281.0 913.75
1282.0 27.75
1283.0 472.71
1284.0 422.5
1287.0 141.5
1286.0 305.5
1287.0 600.0
1293.25 280.75
1297.0 420.5
1301.0 554.0
1299.0 1006.5
1302.0 600.0
1303.78 121.5
1305.0 210.25
1305.5 421.5
1306.5 246.5
1310.37 115.37
1312.76 985.0
1319.48 744.62
1314.5 944.0
1316.33 825.33
1316.5 924.0
1321.59 155.72
1322.33 256.11
1324.67 673.67
1331.0 206.5
1331.0 261.5
1332.5 969.5
1334.11 609.67
1333.6 671.8
1337.33 873.84
1337.5 615.0
1338.67 666.33
1341.0 463.5
1342.67 459.67
1345.12 226.88
1349.12 273.12
1352.67 65.89
1353.0 144.29
1356.72 994.83
1355.25 194.0
1358.24 773.0
1360.12 248.38
1361.5 236.5
1361.5 321.5
1362.67 665.33
1367.5 64.0
1377.0 832.0
1379.17 574.17
1379.6 701.8
1385.36 599.45
1385.5 127.5
1392.0 918.71
1393.5 441.0
1396.5 939.0
1401.29 18.5
1402.67 573.67
1402.5 1071.5
1405.25 750.0
1407.0 0.5
1411.5 20.0
1412.0 36.5
1411.5 348.5
1413.0 183.0
1414.0 336.5
1414.0 511.5
1417.5 330.0
1426.87 121.87
1422.67 920.33
1426.5 266.5
1429.0 327.5
1431.32 367.1
1429.5 727.0
1432.0 458.0
1438.67 156.33
1439.0 137.0
1440.0 356.5
1442.0 266.0
1443.29 393.5
1446.5 355.5
1449.0 808.75
1449.0 831.5
1454.35 965.0
1456.5 231.27
1456.5 479.0
1458.0 197.5
1461.0 806.5
1464.0 961.0
1465.88 353.12
1469.5 34.0
1470.0 455.71
1473.67 123.67
1473.5 305.5
1477.0 824.0
1482.0 273.29
1482.5 625.0
1487.91 372.21
1489.8 392.93
1494.0 943.5
1494.5 970.5
1504.0 74.5
1505.8 651.0
1514.0 881.5
1518.88 942.12
1518.75 995.0
1519.4 120.8
1519.88 1057.12
1520.33 408.67
1522.0 35.0
1534.6 882.8
1537.5 277.5
1540.5 100.0
1542.0 173.5
1549.29 534.0
1550.4 258.2
1552.67 140.33
1553.67 183.33
1557.0 89.29
1556.4 800.8
1560.5 321.5
1560.67 814.83
1561.25 726.0
1566.65 363.35
1567.5 20.5
1569.5 337.0
1572.5 198.5
1574.5 194.0
1576.5 337.5
1576.25 1010.0
1579.0 325.5
1582.5 207.5
1581.45 461.64
1581.0 596.71
1583.0 332.5
1582.33 422.67
1582.67 588.67
1587.2 77.6
1586.5 658.5
1588.0 96.5
1591.72 371.9
1590.88 361.12
1592.0 937.5
1593.67 301.33
1595.5 785.0
1597.0 684.8
1603.77 411.34
1603.5 1042.0
1606.5 79.0
1608.5 431.5
1610.0 505.25
1618.0 5.0
1618.0 468.75
1618.33 988.67
1624.63 691.08
1626.5 915.5
1628.5 198.0
1631.5 626.5
1634.5 610.0
1640.18 842.82
1641.2 159.4
1640.33 681.33
1641.5 886.0
1645.0 68.75
1649.91 525.0
1647.88 633.12
1648.5 94.0
1653.6 358.2
1655.77 815.15
1663.5 674.0
1664.29 867.0
1676.8 331.4
1682.25 901.0
1685.5 14.5
1688.5 1066.0
1692.88 980.88
1701.06 593.06
1705.12 273.12
1704.0 1051.5
1706.0 694.8
1710.5 74.0
1711.6 131.4
1710.0 466.5
1712.5 225.5
1718.5 1070.0
1724.0 420.71
1731.0 593.0
1731.5 812.5
1732.5 167.5
1733.0 661.0
1734.33 785.33
1736.0 269.25
1741.32 254.36
1744.5 764.0
1745.71 477.0
1748.2 510.4
1748.5 19.0
1749.0 407.0
1749.0 763.0
1752.13 910.47
1751.5 190.0
1751.5 452.0
1759.3 251.91
1757.09 111.09
1754.88 943.12
1755.25 703.0
1763.5 185.0
1762.67 705.33
1764.75 879.75
1767.36 170.45
1771.5 669.0
1772.67 50.33
1774.0 455.25
1776.5 293.0
1776.5 668.0
1777.0 979.0
1781.59 615.26
1782.5 115.5
1805.5 887.5
1807.2 505.4
1812.0 945.0
1812.5 581.5
1822.53 668.87
1824.53 1030.13
1824.5 844.5
1825.5 84.0
1830.64 819.91
1831.5 479.0
1834.0 351.5
1834.33 448.67
1834.0 852.5
1836.8 713.6
1837.67 1032.67
1839.0 678.5
1841.2 961.4
1841.5 1057.5
1846.38 144.25
1849.79 30.83
1858.0 425.5
1864.0 151.0
1867.5 217.0
1865.0 398.5
1866.36 806.91
1870.33 1035.33
1876.84 892.95
1877.5 530.0
1879.91 593.84
1878.82 726.18
1884.2 193.6
1884.0 170.5
1887.71 215.0
1889.33 832.67
1895.75 83.75
1895.0 588.5
1897.6 245.8
1899.5 491.0
1901.33 305.67
1906.76 181.0
1911.6 319.6
1910.0 444.5
1911.5 544.5
1914.0 527.5
1918.75 53.0
1918.6 111.2
!