0.0 609.5
3.0 626.17
3.0 858.29
3.75 61.0
3.6 301.8
8.5 310.0
7.5 565.5
10.8 540.4
12.38 84.62
12.12 203.12
14.28 398.81
13.83 356.17
15.5 737.5
15.33 1042.67
16.88 342.88
18.29 709.0
19.33 91.33
24.12 928.12
25.5 936.5
29.0 162.5
30.33 900.33
33.0 597.5
37.5 595.0
40.4 62.44
47.8 145.38
41.5 577.0
44.33 812.67
45.5 927.0
45.25 159.0
46.5 540.5
49.0 282.5
49.0 766.5
50.71 266.0
51.5 399.5
51.8 845.4
51.33 1066.33
53.67 740.33
56.21 678.63
54.67 766.33
62.1 254.69
64.0 611.17
65.0 556.5
69.0 507.0
68.67 95.33
68.75 458.0
70.0 499.0
69.0 513.5
70.5 899.5
73.0 510.71
74.5 162.5
77.0 306.5
78.67 290.33
81.0 684.0
82.29 963.5
84.5 464.5
88.12 176.88
94.18 936.18
95.73 259.33
96.5 335.0
97.0 643.5
96.0 861.5
99.0 640.29
100.0 920.5
103.0 144.5
102.17 862.17
104.5 865.0
110.55 1061.0
109.33 934.67
114.38 970.38
115.0 530.5
116.0 690.2
115.33 994.33
118.67 905.33
120.0 276.0
120.5 687.5
123.0 40.5
127.8 74.4
140.83 966.17
143.8 646.08
145.0 574.0
151.37 439.21
150.0 674.5
152.5 164.0
153.33 552.67
154.5 699.71
155.0 287.5
156.33 814.33
160.25 721.0
166.0 200.0
166.33 11.33
172.5 1064.0
180.64 995.45
187.0 622.0
188.29 167.0
187.5 969.0
190.8 363.5
196.28 440.9
197.6 810.2
200.0 450.5
200.5 554.0
202.67 790.33
205.0 960.5
207.29 745.0
210.45 665.36
213.2 12.0
215.5 921.73
215.0 588.0
216.5 991.0
219.33 110.33
220.5 579.0
222.0 527.75
227.07 762.26
226.0 329.5
230.34 369.53
227.67 235.67
229.33 958.25
231.0 55.25
230.88 141.12
235.0 326.5
237.0 695.8
240.0 459.5
241.71 939.0
242.0 1009.5
245.5 1.5
245.5 591.5
251.4 607.8
252.5 869.0
258.0 24.29
260.5 797.0
262.0 360.25
262.2 557.6
262.76 969.62
263.5 274.5
266.07 249.59
266.5 322.5
265.0 919.5
267.5 894.0
275.5 80.0
276.67 358.67
276.5 395.0
276.5 920.5
276.0 1025.5
278.0 1037.29
278.75 17.0
280.12 748.12
284.17 778.33
287.13 1013.53
288.0 308.5
290.12 478.12
301.29 275.5
301.4 492.2
304.0 114.5
304.0 197.5
305.5 715.0
310.38 284.62
310.33 300.33
311.5 573.5
314.5 339.0
314.0 540.0
315.0 866.0
316.2 325.4
315.5 447.0
318.29 279.0
320.5 491.0
321.5 338.0
322.0 811.71
325.29 132.0
326.33 322.25
334.5 359.21
335.0 820.5
337.75 98.0
340.0 313.5
341.5 256.5
342.2 318.6
347.12 92.12
347.12 844.88
349.0 849.5
351.0 827.5
352.83 500.17
352.5 504.0
354.4 1015.8
357.83 809.83
369.5 90.83
364.0 883.5
364.0 718.0
366.8 920.4
369.67 122.67
370.0 131.5
371.5 769.5
377.28 723.89
378.41 519.32
376.5 617.5
378.29 191.0
378.0 1047.0
379.38 701.38
380.0 864.5
381.88 850.12
383.12 453.88
389.5 420.0
389.0 1016.5
391.5 407.5
391.33 991.33
397.41 13.41
394.0 972.0
394.88 733.12
401.3 1063.22
401.0 294.5
404.4 382.6
406.67 430.33
412.04 162.61
411.5 435.0
414.5 346.0
416.5 510.0
420.25 423.0
421.4 385.8
430.0 942.5
430.0 114.5
435.0 313.75
436.83 151.0
437.0 175.29
446.78 658.5
446.0 795.8
447.0 148.5
446.33 163.67
448.17 1027.83
449.2 645.4
450.12 346.12
457.0 149.5
457.0 454.29
457.0 991.5
460.29 616.14
458.0 445.5
460.4 228.2
465.5 395.0
473.37 166.63
467.5 40.0
468.12 206.88
468.5 369.0
471.0 224.5
472.0 844.2
474.0 1050.5
475.0 565.0
478.71 207.5
479.0 70.5
479.0 369.5
483.52 49.11
481.5 614.0
483.2 268.6
484.5 326.0
484.0 553.5
487.12 146.88
487.67 244.33
490.25 1027.0
495.0 329.0
499.0 38.5
501.75 314.67
501.0 380.5
508.0 42.5
509.0 406.0
510.5 858.0
515.0 443.5
515.5 754.5
516.5 270.0
516.5 785.0
517.5 7.5
522.67 139.67
524.0 1068.5
525.5 1064.0
529.71 265.5
529.0 291.5
530.17 384.17
529.4 602.2
533.7 805.88
530.33 1028.67
535.0 74.5
534.38 457.38
534.25 511.0
534.0 878.5
535.0 391.5
538.0 156.5
541.17 783.0
540.8 391.4
544.5 471.0
545.0 1078.0
551.88 21.88
553.33 487.67
553.5 979.5
567.2 529.4
569.0 801.5
576.96 175.09
577.0 828.71
581.5 426.0
582.5 10.0
582.5 158.5
583.2 273.6
583.5 615.0
586.91 407.64
587.67 418.67
590.33 184.33
591.5 678.5
592.2 912.0
594.0 986.79
594.67 455.33
594.0 596.5
597.9 668.05
597.67 76.33
599.5 55.5
600.5 80.0
603.5 165.71
606.0 440.5
607.5 247.0
607.5 641.5
611.0 483.71
614.5 111.0
614.0 982.71
615.0 385.5
616.2 544.6
618.5 1025.0
623.6 441.8
626.76 971.24
629.4 595.04
628.11 1066.67
630.33 613.67
639.65 1053.35
635.29 184.5
635.0 132.5
636.33 62.67
637.5 939.5
637.5 1019.5
638.0 332.5
641.0 692.5
642.0 307.75
643.0 366.5
643.5 819.0
645.0 64.71
644.0 326.5
645.0 156.5
650.0 491.83
649.0 875.0
650.5 999.5
652.5 147.5
652.5 572.5
653.5 69.0
653.5 889.5
659.5 420.0
660.8 27.6
660.33 120.33
660.0 229.5
660.33 238.67
662.88 73.69
662.5 212.5
662.5 429.0
663.75 13.0
666.0 568.0
667.12 669.88
667.5 200.5
667.5 355.0
670.17 509.98
667.88 936.88
669.0 212.5
671.0 76.5
671.88 1037.12
673.2 174.5
672.67 677.67
677.5 324.0
678.0 1028.0
679.0 128.5
680.5 567.0
685.0 437.5
688.12 301.12
687.5 359.0
688.5 277.5
689.0 695.0
690.5 465.5
690.5 327.0
691.0 409.5
695.0 105.5
697.67 127.67
700.0 404.5
700.33 524.67
700.8 618.6
706.5 219.5
709.16 368.84
709.29 363.0
708.0 461.5
711.2 212.2
710.33 349.67
710.8 899.6
711.0 969.5
715.94 527.71
713.0 568.75
717.29 858.0
719.0 366.5
721.12 353.12
722.17 94.17
721.5 1021.0
725.0 279.0
724.0 306.0
726.5 266.5
729.08 869.2
727.5 302.0
729.0 359.5
728.0 638.5
731.5 596.5
731.5 942.5
733.6 93.2
733.5 225.5
734.5 402.5
735.0 444.5
738.0 320.0
742.24 179.81
738.5 842.5
740.0 385.25
745.88 328.88
745.5 460.0
748.38 581.62
747.5 1002.5
751.81 395.86
751.0 708.29
751.0 801.5
754.0 567.5
755.0 635.0
755.0 943.0
755.4 543.2
755.0 599.5
757.5 781.0
759.5 409.0
759.2 1011.4
760.8 218.6
760.0 455.5
762.82 898.82
765.24 188.0
765.0 777.5
767.2 289.4
767.5 229.5
768.0 1000.0
771.5 91.5
772.0 1024.0
775.25 672.75
780.5 971.0
781.5 560.5
783.5 648.0
785.33 281.33
791.58 160.73
787.5 245.0
787.5 269.0
788.82 756.82
798.18 74.57
799.22 178.09
800.0 656.5
805.21 329.37
807.62 249.38
810.49 558.44
810.38 989.38
812.0 378.27
811.5 949.0
811.8 983.6
814.0 406.5
817.29 577.0
820.5 200.0
824.2 210.0
823.5 215.5
825.5 573.29
826.83 1040.17
828.29 547.0
829.78 591.5
830.4 228.2
832.0 415.0
834.75 68.0
834.5 194.5
836.12 61.12
835.4 877.2
837.0 779.8
842.5 274.5
842.5 779.5
844.0 492.5
846.0 142.5
847.3 677.9
847.0 799.0
851.33 217.67
852.71 114.0
854.5 235.5
853.0 244.5
852.5 939.0
855.71 602.0
857.36 287.09
856.5 587.0
857.5 330.0
859.83 332.83
870.25 50.0
873.22 260.69
871.5 561.5
873.75 450.0
880.69 392.72
876.29 343.0
877.0 612.71
877.5 1021.5
878.67 267.67
881.19 667.14
879.0 681.5
879.0 946.5
880.71 139.0
881.5 486.0
883.09 159.64
888.6 262.8
888.5 275.5
889.5 341.5
889.0 968.5
891.4 472.2
893.33 546.33
895.33 80.33
898.2 273.6
901.07 283.53
898.5 339.0
898.67 948.67
899.0 1031.5
901.29 1044.0
901.5 306.0
901.5 334.5
908.82 461.87
904.5 646.5
905.5 299.0
905.88 1078.12
907.75 307.38
906.33 501.33
907.5 960.0
909.71 1074.0
912.5 1056.5
922.0 957.5
921.0 301.5
922.0 670.0
925.71 414.0
927.0 582.5
930.5 496.0
933.14 894.29
934.0 975.0
937.5 986.5
938.5 14.5
939.29 952.0
941.5 51.5
941.38 431.62
941.5 129.0
941.5 846.5
945.5 790.0
947.12 160.88
947.5 1041.0
951.5 469.5
952.5 823.0
952.5 975.0
959.06 348.15
956.5 166.5
960.5 646.5
965.71 1011.0
966.5 44.0
966.5 309.0
971.5 749.0
975.0 411.5
977.5 944.0
980.0 1000.43
980.5 16.5
983.12 886.88
986.5 731.5
989.83 186.17
995.0 302.5
1001.24 907.0
1005.69 259.31
1004.59 859.12
1005.0 452.5
1009.5 79.5
1007.5 991.0
1008.5 1035.5
1010.11 307.33
1013.0 758.29
1013.5 788.0
1015.88 990.88
1021.24 999.24
1025.62 62.38
1024.5 331.5
1032.67 225.33
1036.0 725.5
1038.7 58.7
1039.5 65.0
1040.5 883.0
1040.8 31.4
1042.0 892.0
1042.0 917.0
1045.68 253.88
1044.0 627.0
1046.5 912.78
1047.0 821.5
1050.33 945.33
1052.67 845.33
1065.84 389.07
1058.67 429.33
1061.0 743.29
1060.67 968.33
1061.0 560.5
1062.33 461.33
1068.57 634.9
1065.0 493.5
1066.0 936.5
1069.88 970.12
1073.0 856.0
1074.5 840.0
1077.8 958.0
1078.12 594.88
1085.75 824.0
1084.0 860.5
1087.12 1066.12
1087.8 80.4
1088.4 341.4
1087.5 1029.5
1088.0 1025.5
1093.2 945.5
1097.5 983.88
1096.5 545.0
1100.88 790.88
1103.5 917.0
1107.47 179.26
1107.0 418.0
1106.5 861.5
1108.2 191.4
1113.6 111.96
1112.5 610.5
1117.74 985.32
1114.5 1072.5
1119.11 1060.67
1123.0 1045.5
1125.93 965.19
1132.0 491.0
1132.5 352.0
1134.71 908.0
1135.0 695.5
1136.59 1013.88
1138.67 197.67
1142.0 242.75
1148.51 619.06
1147.5 729.29
1147.0 780.5
1149.33 917.67
1153.0 717.75
1157.5 168.5
1156.71 991.0
1161.5 1064.5
1163.2 98.6
1165.33 834.67
1168.0 625.29
1171.5 780.5
1177.9 162.83
1174.25 679.0
1176.67 926.33
1177.67 812.67
1190.99 959.16
1179.5 914.0
1180.33 762.67
1185.88 6.12
1185.5 304.0
1190.5 483.5
1191.0 871.5
1192.0 1023.29
1202.83 814.17
1204.5 925.0
1207.0 568.29
1208.83 817.83
1208.67 1070.33
1219.0 170.5
1219.33 967.67
1225.5 201.5
1225.33 877.67
1230.29 1032.0
1231.5 770.0
1237.29 971.0
1237.5 2.0
1245.37 371.92
1244.29 895.0
1246.5 954.0
1251.29 210.0
1250.5 234.0
1252.0 670.5
1253.12 225.88
1254.5 1055.5
1257.5 476.5
1259.0 152.29
1258.33 817.67
1259.0 851.0
1260.47 385.13
1260.71 290.0
1261.5 980.0
1262.2 1072.6
1266.5 334.0
1268.12 382.12
1269.5 500.0
1271.62 1012.62
1273.0 90.25
1275.8 526.4
1276.5 790.5
1281.33 906.78
1280.0 1010.0
1284.0 967.29
1284.0 156.5
1290.4 84.2
1292.5 1034.5
1294.0 671.5
1294.0 901.5
1295.0 123.5
1295.33 771.33
1295.67 789.67
1296.0 978.0
1300.67 285.43
1300.65 243.0
1302.0 586.29
1304.12 384.59
1306.5 97.5
1306.88 749.12
1310.62 781.62
1312.5 16.29
1322.14 453.14
1319.0 78.5
1328.68 730.6
1325.75 756.38
1324.71 873.0
1326.8 211.4
1330.5 180.0
1332.0 112.5
1331.33 151.33
1334.69 568.98
1335.86 942.29
1336.5 665.0
1341.5 717.0
1344.5 339.0
1346.0 945.0
1346.0 578.75
1346.0 1008.0
1347.5 819.0
1356.81 324.14
1359.0 722.8
1367.67 890.67
1371.5 1021.08
1371.4 998.2
1380.0 816.5
1383.5 1036.5
1389.71 1075.06
1388.25 712.67
1387.6 1020.8
1389.25 987.0
1394.0 86.5
1401.31 513.77
1402.92 368.37
1401.5 284.0
1403.4 666.4
1403.5 776.0
1405.2 592.6
1405.6 630.6
1407.2 1056.4
1409.3 634.3
1412.5 96.0
1414.33 533.67
1414.0 614.5
1418.33 910.17
1419.0 697.5
1420.2 894.0
1420.88 869.88
1423.2 143.6
1424.0 772.0
1425.0 641.5
1426.17 909.17
1427.0 893.0
1428.0 740.5
1428.0 1029.0
1427.67 1041.33
1431.83 19.0
1430.5 927.0
1439.5 200.0
1440.84 752.84
1442.5 809.5
1444.0 185.25
1445.5 1040.5
1445.5 427.5
1444.67 525.33
1444.0 796.5
1447.5 755.0
1447.5 776.5
1449.5 952.5
1450.88 988.12
1451.5 663.5
1453.55 796.64
1452.5 1058.0
1453.67 1067.33
1460.0 529.24
1458.0 752.5
1464.2 306.4
1464.67 146.33
1469.2 300.4
1470.0 592.71
1469.0 971.5
1470.25 678.0
1472.5 934.5
1477.0 970.5
1481.0 995.8
1482.5 940.0
1485.5 534.5
1486.5 874.0
1487.2 658.0
1487.5 13.5
1491.0 643.5
1499.0 1063.0
1503.57 1037.9
1503.67 415.33
1503.5 781.0
1504.5 777.5
1507.11 143.72
1507.5 159.0
1516.5 261.5
1519.0 662.0
1526.5 72.5
1528.5 120.0
1529.0 781.5
1531.0 153.0
1532.57 1058.0
1543.29 953.0
1548.0 1021.71
1555.0 1061.0
1557.88 1038.12
1563.24 12.24
1560.25 1020.75
1566.0 80.29
1569.17 619.17
1569.0 896.5
1570.88 1066.12
1573.67 1057.67
1575.62 309.38
1574.83 1023.17
1575.25 197.0
1581.5 438.78
1584.5 130.0
1585.5 512.5
1588.79 158.37
1588.89 671.72
1590.8 740.4
1592.12 981.12
1600.37 120.63
1605.38 646.38
1614.6 1055.8
1618.0 1032.0
1621.28 909.93
1619.5 933.0
1625.88 710.31
1631.0 1011.71
1632.67 628.67
1634.0 444.5
1634.0 915.5
1636.5 1010.0
1640.69 161.88
1642.5 712.5
1648.5 65.0
1655.33 798.67
1658.29 671.0
1659.5 160.0
1661.2 253.6
1661.0 605.0
1661.0 942.5
1662.5 12.0
1665.0 52.5
1668.5 21.5
1669.0 1006.5
1671.64 63.55
1671.5 295.29
1671.4 923.2
1674.0 1067.5
1680.0 481.5
1679.0 952.5
1682.5 848.5
1687.5 1005.8
1692.5 690.0
1700.5 794.5
1702.8 936.0
1714.29 405.0
1712.5 260.0
1718.0 81.72
1716.73 385.5
1720.71 490.0
1721.5 649.0
1722.0 1035.8
1724.67 1073.67
1726.5 1010.0
1727.12 1042.12
1730.5 63.5
1730.4 693.2
1732.2 518.6
1731.5 602.5
1743.6 227.2
1747.62 639.62
1756.5 808.5
1761.5 490.0
1765.33 231.33
1782.35 393.75
1777.6 596.8
1780.0 707.5
1782.2 408.0
1783.0 347.29
1784.5 965.5
1787.5 768.5
1787.5 279.0
1790.0 956.5
1791.5 754.0
1792.5 569.0
1795.5 138.5
1794.71 844.0
1800.33 883.67
1801.5 888.5
1802.2 1044.6
1803.5 172.5
1812.2 580.4
1813.88 1037.12
1816.33 1018.67
1819.29 902.0
1826.5 941.0
1828.0 830.5
1828.29 994.0
1832.5 206.5
1836.0 674.0
1841.12 1027.12
1842.5 374.0
1843.0 700.25
1842.5 939.5
1845.0 755.25
1846.5 253.5
1846.71 773.0
1847.88 14.12
1847.88 896.12
1849.2 835.4
1850.33 1033.67
1855.67 286.33
1859.33 1069.33
1869.16 540.32
1868.0 91.0
1870.45 208.36
1870.5 276.0
1870.71 731.0
1874.0 472.5
1877.0 257.0
1876.5 446.5
1879.5 112.0
1881.0 427.29
1885.71 146.5
1892.5 714.0
1894.5 972.5
1895.71 701.0
1898.64 1078.09
1899.29 893.5
1909.5 1045.5
1911.29 1033.0
1915.5 387.0
1915.0 736.5
1918.5 315.0
!