1.8 45.4
1.5 732.5
4.0 454.5
7.0 472.5
8.67 491.33
9.33 908.67
9.0 976.5
11.5 725.0
14.29 397.5
16.5 442.2
17.09 993.64
18.2 223.6
18.67 10.33
20.71 49.0
21.5 91.0
22.12 326.88
22.5 938.0
27.5 801.0
28.83 627.17
29.71 564.0
31.0 609.0
32.12 146.12
33.29 417.0
32.0 596.5
32.67 967.67
35.0 632.0
34.0 846.5
35.5 1062.71
42.11 765.11
40.0 49.5
42.0 6.5
45.4 308.2
47.0 721.5
49.0 956.5
49.0 861.25
49.5 62.5
50.67 1025.0
51.8 121.4
51.33 157.67
53.2 861.4
54.0 756.0
54.0 773.29
54.0 989.5
56.33 271.33
59.0 633.5
59.0 263.5
61.68 540.32
59.5 577.5
61.0 198.0
61.0 826.5
61.5 88.5
61.5 669.0
61.5 731.0
61.5 1056.0
63.5 420.0
64.5 152.5
64.0 939.5
65.0 521.5
65.0 859.5
67.8 1061.92
67.75 27.0
67.5 108.5
71.5 911.5
71.5 1074.0
72.5 136.5
72.5 167.0
78.71 333.29
77.5 293.5
79.0 316.5
80.0 36.5
84.5 206.5
84.5 225.5
84.0 1018.5
86.0 238.29
86.0 266.5
85.5 417.5
86.5 629.22
86.78 891.5
87.0 23.5
87.67 98.33
87.5 122.0
88.0 567.5
88.6 581.2
89.75 812.0
90.33 75.33
92.0 567.5
93.67 90.75
93.82 166.18
98.07 134.81
101.76 34.69
96.5 37.5
96.8 548.6
98.0 1042.0
98.5 221.5
100.33 115.33
102.54 666.15
102.6 268.8
103.6 890.8
104.5 1.5
105.0 119.25
107.79 677.5
108.5 831.5
109.67 223.67
109.89 347.67
112.65 381.65
110.33 506.33
110.5 922.5
110.33 1076.33
113.12 59.88
113.5 823.0
114.0 979.0
115.0 138.5
118.0 48.75
118.67 597.67
120.33 101.33
122.5 78.0
122.5 117.5
123.29 131.0
122.5 670.5
125.0 807.5
127.12 475.12
127.2 939.6
127.75 693.0
132.41 880.28
133.37 16.63
133.6 542.8
135.17 52.17
139.67 805.33
139.0 1056.5
140.0 296.5
145.0 53.4
144.5 435.0
145.33 1015.33
146.67 50.33
151.5 79.88
147.82 368.27
146.33 465.67
146.5 1002.5
150.0 61.0
149.5 526.5
153.8 451.4
154.0 663.0
155.0 525.0
155.8 654.6
160.0 57.0
158.5 699.0
159.5 602.5
160.91 632.64
160.0 972.5
161.0 1003.71
162.38 620.62
162.0 765.0
163.0 21.5
163.2 223.6
163.2 1030.4
164.5 170.0
169.85 581.56
166.0 840.0
168.2 310.4
168.2 516.4
171.65 138.65
170.0 153.75
170.5 336.0
172.5 294.0
174.17 197.83
175.04 308.0
174.33 264.67
175.5 321.0
176.5 219.5
179.5 626.0
180.33 322.67
181.5 909.0
182.5 616.0
184.0 307.0
189.67 337.89
190.0 195.25
190.0 153.5
191.0 766.5
191.5 572.0
192.5 59.5
194.0 117.5
195.5 974.5
200.92 299.24
198.67 761.33
198.67 1031.33
203.4 1020.96
203.0 103.0
202.67 995.33
205.0 849.5
205.38 973.62
204.0 1011.5
206.5 165.5
205.33 178.67
205.0 790.5
207.67 63.67
207.67 927.67
207.5 952.0
211.0 271.29
211.0 985.0
212.0 727.0
212.5 657.0
213.0 798.29
213.29 816.0
218.34 969.18
215.8 633.6
217.0 154.0
218.5 302.5
217.5 786.5
217.5 837.5
218.6 879.2
219.0 22.5
219.67 26.33
221.0 160.0
219.0 1020.5
220.5 961.5
223.67 186.75
223.5 39.5
225.5 616.5
226.33 601.33
229.0 152.5
230.0 562.0
230.33 900.33
234.71 805.0
234.5 847.0
236.29 266.0
239.0 837.75
237.2 215.4
236.5 554.0
237.65 762.53
239.5 163.67
239.0 863.0
241.33 88.67
242.2 133.6
242.15 1006.46
244.0 860.5
247.58 659.55
247.5 979.5
247.21 1030.37
247.12 273.12
247.5 411.5
249.67 232.67
252.9 725.83
251.12 133.12
250.5 400.5
252.8 617.0
255.0 14.0
257.5 282.5
255.33 858.67
256.2 979.4
258.5 494.0
259.5 710.0
260.0 867.0
262.0 168.0
263.75 438.0
263.0 947.5
267.63 41.37
269.35 1.73
269.0 428.5
275.19 933.5
274.5 393.0
275.0 564.5
277.67 716.33
280.0 513.5
284.5 1026.83
283.5 36.5
284.4 167.2
284.0 939.5
287.0 110.25
288.78 346.61
290.0 857.0
293.0 43.75
294.5 948.5
296.7 194.1
296.33 779.67
298.6 15.8
298.5 1055.0
304.43 257.09
302.5 901.0
305.0 180.71
304.5 697.0
307.5 280.0
307.5 302.5
311.5 940.0
312.0 1046.0
315.75 548.67
314.0 868.0
315.0 356.0
316.5 733.0
318.29 608.0
318.71 185.0
320.33 181.33
321.53 742.13
322.5 666.0
324.0 434.0
324.0 142.5
326.0 350.0
331.61 669.11
325.5 622.5
325.0 735.5
326.5 530.5
328.0 153.0
327.67 446.33
328.67 625.33
330.0 806.5
331.5 125.0
331.33 714.33
332.8 848.6
333.0 483.5
333.75 703.0
335.33 943.67
336.5 632.5
337.5 752.0
340.0 532.0
341.0 202.5
340.8 266.4
340.0 985.5
342.6 712.2
344.0 810.5
346.33 244.67
346.33 417.67
353.93 609.21
350.33 693.67
354.75 435.06
356.6 891.6
357.38 309.38
356.4 427.2
357.2 450.4
357.5 422.5
359.0 702.5
362.5 277.5
363.6 190.8
363.67 695.33
364.67 85.33
364.33 135.33
364.0 882.5
366.29 607.5
366.0 642.5
367.5 719.0
370.84 48.67
370.33 345.33
371.0 690.25
373.0 326.0
373.12 498.12
373.0 589.71
373.67 518.67
373.75 600.0
373.88 747.88
375.33 916.33
378.5 919.5
382.29 0.43
382.5 583.0
382.5 669.0
386.2 298.6
387.0 176.0
387.67 896.33
388.71 626.0
389.83 349.17
390.0 770.0
391.25 1056.38
393.0 220.0
393.6 480.8
395.5 767.5
395.0 823.5
397.8 402.0
398.12 437.12
399.71 566.0
400.0 313.5
402.67 357.67
405.0 310.5
405.0 728.5
406.25 577.0
408.67 389.33
410.0 587.5
410.89 604.33
411.18 705.73
410.4 925.8
411.0 991.0
411.88 620.88
412.5 138.0
414.8 395.93
415.24 417.0
413.5 49.0
417.33 945.22
415.33 96.33
417.64 317.09
417.0 883.0
420.8 830.4
421.0 142.5
422.5 815.0
424.5 179.0
426.5 653.5
429.59 431.72
429.36 576.91
431.29 38.14
430.88 274.88
430.0 644.5
430.88 692.88
435.22 642.91
434.0 1068.5
435.0 98.5
435.5 224.0
436.5 29.0
440.5 814.0
442.0 685.0
444.0 933.5
449.5 786.0
451.2 108.0
450.8 295.4
451.5 469.5
451.67 581.33
453.0 672.5
454.5 159.0
456.0 221.5
456.0 243.0
457.89 106.67
459.0 882.5
472.9 608.35
464.62 710.38
464.0 171.5
466.0 314.0
469.33 30.33
469.5 251.5
471.5 395.22
472.29 551.0
474.02 720.59
474.5 192.5
474.5 832.0
476.5 780.0
477.71 277.0
479.5 589.0
481.5 416.0
482.67 1042.67
485.38 50.38
484.0 997.5
486.0 306.0
485.67 1032.67
489.5 235.5
490.71 779.0
491.33 843.11
491.5 745.0
495.0 282.5
495.83 954.17
498.65 150.47
499.5 1035.5
500.5 75.0
500.0 165.5
503.75 379.0
506.5 335.5
511.27 380.95
510.71 510.0
511.5 276.0
512.0 651.0
513.2 707.6
513.5 522.5
516.38 449.62
517.5 717.22
517.5 769.5
518.0 620.5
519.5 201.5
521.0 171.25
520.5 855.5
523.2 552.0
525.8 298.6
525.0 526.5
529.5 961.5
533.6 150.8
536.0 272.0
535.67 505.17
535.4 947.2
539.21 349.16
538.5 605.0
541.33 933.67
541.33 952.67
544.4 575.8
545.5 115.0
545.25 271.0
546.0 146.5
547.0 432.5
547.5 176.5
548.5 198.0
548.5 925.5
553.09 151.64
554.33 343.67
556.87 727.87
560.0 947.5
557.67 64.33
561.38 879.62
563.17 272.83
564.33 917.33
572.0 171.29
571.5 845.0
574.5 568.25
574.0 474.5
577.2 224.6
578.0 744.43
579.75 635.25
581.67 718.67
583.67 333.67
584.4 944.2
585.0 651.5
586.33 610.33
587.6 46.8
588.0 174.0
588.0 2.5
593.0 529.5
596.38 693.38
597.2 84.4
597.0 400.2
597.5 25.0
597.5 481.0
597.5 817.5
598.75 156.0
598.5 215.0
600.0 792.5
601.5 56.5
601.5 758.0
602.5 2.5
602.5 830.0
606.5 37.5
606.5 105.0
608.76 430.24
610.27 230.0
611.0 855.5
613.67 730.33
614.5 484.5
614.0 812.5
615.0 137.5
616.33 452.67
618.57 652.29
620.83 401.17
622.67 238.67
624.0 696.5
626.5 374.0
629.0 241.5
629.0 785.5
631.0 135.71
633.09 689.36
633.67 454.33
635.5 268.0
636.5 965.0
638.79 722.63
644.58 769.63
641.5 460.5
644.0 110.5
644.5 686.0
645.33 1075.33
647.5 446.0
649.0 784.5
649.0 333.5
651.4 154.4
651.5 1042.5
655.71 1040.0
657.8 847.6
661.0 207.75
664.0 756.5
666.5 139.8
666.33 450.33
672.68 287.21
667.0 317.5
667.5 915.5
670.25 70.38
669.5 808.0
670.0 81.5
671.88 539.88
672.5 711.5
673.9 1033.7
675.4 521.8
676.0 715.0
678.32 275.32
676.89 738.33
677.29 834.0
679.0 255.25
680.33 4.67
681.0 349.0
681.5 676.5
685.74 376.62
682.67 464.67
684.82 154.82
688.0 640.24
686.5 356.0
688.0 919.71
688.0 938.5
689.71 732.5
689.0 626.5
691.0 930.0
692.67 617.67
693.67 885.33
697.5 163.5
698.7 299.3
700.0 859.5
701.33 390.33
702.88 839.88
704.5 746.29
705.78 83.67
706.25 31.0
706.5 504.0
707.5 954.5
712.0 366.71
719.18 246.53
715.0 337.5
715.0 354.0
716.33 21.33
716.4 75.8
716.5 739.0
717.5 217.0
720.33 361.56
720.0 998.0
722.0 125.0
721.5 608.5
723.2 333.6
722.67 476.33
722.5 690.5
723.67 910.33
728.0 59.75
729.67 313.67
730.4 802.2
734.0 891.24
734.5 202.5
739.62 389.89
734.0 956.5
735.88 36.12
737.5 629.0
738.5 747.5
738.67 487.67
739.25 263.0
740.0 402.0
742.5 773.5
742.5 916.5
743.75 341.0
752.59 569.35
750.45 312.36
751.0 307.0
754.71 8.5
753.57 484.86
754.67 909.33
757.5 551.5
759.5 764.5
761.4 831.04
761.0 58.5
761.8 703.6
765.6 414.4
765.0 811.5
766.4 547.8
767.5 182.5
767.5 755.0
768.83 329.17
770.0 349.5
771.8 128.6
773.5 735.5
782.04 909.98
775.96 440.6
775.5 434.0
775.88 568.12
779.0 69.5
779.0 521.5
779.5 999.5
781.5 37.0
781.4 123.2
783.6 143.2
784.0 49.5
784.5 585.5
787.5 526.71
787.67 32.33
789.5 738.5
792.11 417.48
790.0 828.0
790.0 863.5
794.0 787.75
795.75 262.67
796.25 371.0
798.0 468.75
797.71 628.0
798.67 232.67
799.0 1018.0
802.83 146.92
801.33 421.33
802.5 33.0
802.67 867.67
803.67 37.67
803.0 656.5
804.0 989.29
805.0 317.5
806.5 279.0
806.33 980.33
808.0 447.5
809.29 430.5
812.0 1025.0
813.42 396.08
814.08 565.8
815.0 372.5
815.0 557.5
819.18 1001.32
817.29 1031.5
818.75 290.0
821.0 840.71
821.5 77.0
823.0 1033.71
823.67 510.33
825.0 859.0
826.5 110.0
826.5 831.0
828.12 163.12
828.6 480.8
831.28 797.34
828.5 1041.0
832.81 674.81
832.67 350.33
833.5 764.5
834.0 304.5
835.0 756.0
835.5 369.0
836.5 99.0
837.5 554.0
839.29 907.5
843.0 174.75
842.5 629.0
844.2 89.6
844.0 373.5
845.5 505.0
847.0 542.0
850.18 589.66
847.67 512.67
849.87 64.53
849.0 925.5
851.0 533.75
851.33 1077.67
852.5 714.0
854.38 1041.38
862.29 13.0
864.0 565.5
865.5 122.5
866.0 733.75
868.0 202.29
868.0 304.0
869.5 140.5
870.33 137.67
870.8 1068.6
873.2 581.5
879.0 625.0
877.5 1048.0
879.5 994.0
880.83 715.17
881.33 171.33
882.5 361.5
882.5 662.5
886.0 1044.5
886.33 485.33
888.09 854.64
889.0 110.5
891.89 39.67
892.0 937.75
894.0 372.0
896.5 194.0
897.0 653.29
898.67 537.67
898.83 555.67
900.0 741.5
900.5 919.5
900.0 937.0
907.44 502.89
904.5 535.0
904.5 970.5
905.0 326.5
907.41 474.88
907.5 6.5
912.5 323.0
910.35 376.47
908.5 401.0
910.0 659.0
910.0 596.0
911.67 778.89
910.5 999.0
911.5 663.0
915.0 350.5
918.71 441.5
918.75 116.0
919.0 387.71
919.0 1076.5
923.25 763.75
927.0 719.0
925.5 989.0
926.5 1025.0
928.0 104.5
927.67 326.33
930.91 980.09
930.8 453.6
931.12 747.88
931.83 295.83
934.29 372.0
934.67 25.33
934.88 947.12
935.0 299.5
935.0 646.5
936.25 551.0
937.5 330.0
940.1 571.68
937.5 606.5
937.5 757.5
938.12 880.88
938.5 420.5
939.67 107.67
940.5 488.5
941.5 121.5
942.5 337.5
942.5 705.5
946.75 377.67
945.5 791.5
947.0 82.75
947.7 281.3
948.5 420.5
952.5 5.0
952.67 886.33
954.33 122.67
956.71 245.5
955.4 736.8
955.89 820.33
956.33 1025.33
959.0 472.0
959.25 700.0
960.4 135.8
961.5 917.5
963.25 697.67
963.2 802.5
963.67 256.33
964.71 142.0
965.52 275.29
967.5 89.79
968.07 758.46
966.67 1029.89
966.5 776.0
968.0 188.0
968.5 224.0
969.71 541.0
971.17 748.83
971.64 889.55
972.5 844.0
974.0 74.2
973.0 701.5
974.0 742.0
974.5 579.5
976.2 45.4
975.5 218.5
976.44 731.22
975.5 956.0
976.5 422.0
977.67 709.33
980.33 258.67
980.8 862.6
984.3 963.7
984.5 158.0
984.4 373.2
985.0 621.0
984.5 727.5
985.88 413.12
988.67 993.67
989.6 128.2
990.0 486.0
995.24 509.05
993.15 967.54
996.8 814.4
997.5 286.0
999.5 417.71
998.67 918.67
1004.26 212.65
1005.16 18.38
1003.12 148.88
1002.5 445.5
1012.36 651.18
1004.0 120.5
1009.21 515.37
1008.17 667.83
1010.0 873.0
1013.7 464.3
1013.5 234.0
1015.0 32.5
1015.0 69.5
1017.5 9.0
1020.0 198.8
1019.0 321.0
1020.0 784.29
1019.5 1010.0
1021.0 279.5
1023.0 186.5
1024.62 869.38
1024.0 597.0
1024.83 681.17
1026.5 562.5
1029.17 205.17
1030.21 222.5
1044.71 372.81
1031.33 920.33
1033.8 634.0
1036.68 851.41
1037.0 555.5
1037.33 810.33
1040.8 989.5
1042.0 299.5
1044.5 925.5
1047.5 76.0
1047.0 116.0
1047.5 906.5
1048.0 955.0
1049.0 181.5
1049.67 632.67
1049.0 902.5
1050.5 685.0
1050.5 790.0
1054.39 258.96
1052.83 440.67
1053.5 818.5
1056.5 828.5
1057.5 591.5
1058.0 965.0
1058.5 597.0
1058.5 935.0
1059.0 327.0
1060.5 453.0
1059.8 486.4
1061.0 80.5
1062.25 588.33
1062.5 723.0
1063.09 831.64
1063.5 301.5
1068.71 803.0
1069.0 16.5
1069.5 912.5
1070.0 145.5
1071.4 197.2
1072.6 278.2
1074.0 478.5
1077.0 386.0
1076.5 539.0
1079.0 839.5
1076.5 1010.0
1079.0 361.5
1083.04 319.4
1081.5 436.5
1083.2 383.6
1084.0 609.0
1087.0 595.25
1089.29 304.0
1090.0 346.5
1091.5 90.0
1091.71 373.0
1092.5 608.5
1094.33 522.67
1097.5 86.5
1100.33 123.67
1100.5 774.0
1102.2 239.6
1103.0 695.0
1103.0 919.0
1102.5 998.5
1103.67 639.33
1109.5 821.5
1112.11 764.28
1111.5 513.5
1115.2 875.2
1112.33 661.33
1112.5 886.5
1113.6 46.8
1117.08 714.37
1114.5 760.0
1116.17 64.17
1116.0 1037.5
1120.35 110.0
1122.0 461.5
1122.5 400.0
1123.0 734.0
1124.91 738.91
1125.17 700.67
1126.0 937.0
1127.0 14.0
1129.5 899.0
1130.0 416.5
1130.33 655.33
1132.0 624.5
1135.82 771.82
1135.0 551.5
1135.4 693.2
1137.0 457.0
1138.62 805.38
1139.0 1058.5
1140.5 658.0
1143.0 268.0
1141.5 300.0
1142.67 113.67
1144.0 37.5
1147.71 60.5
1147.2 574.0
1147.5 779.0
1148.5 298.0
1149.17 374.17
1150.5 342.5
1150.0 877.0
1156.71 61.5
1155.0 1031.5
1157.5 272.29
1158.0 718.75
1159.5 431.5
1160.0 357.5
1160.8 785.4
1161.67 870.11
1162.0 544.0
1162.5 895.0
1164.33 418.33
1164.0 615.0
1165.0 0.25
1169.17 140.83
1168.89 612.33
1169.29 905.0
1172.2 539.4
1174.2 918.6
1174.5 560.0
1177.0 905.0
1176.5 1017.5
1179.0 340.25
1179.0 461.5
1182.0 773.76
1181.8 755.0
1181.5 117.0
1181.88 846.88
1181.5 850.0
1183.5 1027.67
1182.5 1.5
1183.67 883.11
1186.71 988.29
1185.0 431.5
1187.0 4.5
1188.4 595.0
1188.5 917.5
1191.0 352.5
1192.0 578.29
1200.61 223.45
1195.0 586.5
1202.93 414.75
1199.71 746.5
1200.0 532.5
1201.0 560.0
1201.5 388.5
1202.0 401.71
1202.5 523.0
1203.53 716.13
1204.0 13.5
1204.0 511.5
1206.33 92.67
1206.88 212.88
1207.5 542.5
1208.75 768.0
1211.5 385.5
1211.5 910.0
1212.5 255.0
1215.8 55.4
1215.0 275.5
1216.17 884.83
1217.0 595.0
1218.0 229.29
1217.5 313.0
1217.5 735.0
1220.67 542.11
1219.5 766.5
1220.8 19.5
1221.0 1004.5
1221.0 616.5
1224.22 288.5
1223.2 500.0
1222.5 780.0
1223.67 193.67
1223.67 886.33
1224.0 101.5
1229.17 261.67
1228.6 411.8
1236.54 86.27
1230.33 602.67
1232.0 242.29
1234.5 138.5
1235.0 462.8
1235.8 27.6
1237.71 447.94
1237.75 988.0
1238.6 157.2
1239.33 962.67
1241.0 327.0
1241.0 485.0
1240.0 921.5
1242.0 46.5
1242.0 409.0
1243.0 123.75
1242.67 716.33
1245.4 914.8
1246.5 753.5
1248.0 113.75
1247.5 952.5
1249.5 660.0
1249.5 744.0
1249.0 856.5
1251.45 53.64
1251.0 141.5
1250.0 1016.0
1253.67 132.67
1254.0 220.71
1255.6 188.7
1255.0 398.5
1256.0 1076.25
1257.5 542.5
1260.2 473.6
1261.5 645.5
1262.5 252.5
1264.0 152.0
1263.83 505.17
1264.67 851.89
1266.33 527.67
1266.5 797.0
1268.67 47.67
1270.33 293.67
1271.5 228.0
1275.09 556.91
1274.0 31.5
1274.0 802.0
1280.36 139.45
1276.25 248.0
1277.5 296.5
1277.5 534.0
1277.8 708.6
1278.12 852.12
1279.0 875.85
1278.67 324.67
1281.1 573.95
1280.0 805.25
1282.12 837.88
1285.8 1030.0
1289.0 224.71
1290.68 769.59
1289.0 889.0
1290.33 950.33
1291.5 64.0
1291.33 379.67
1292.5 595.0
1294.12 800.88
1295.67 503.11
1296.0 444.0
1299.0 448.29
1302.42 989.02
1302.6 926.8
1303.75 395.0
1303.6 908.2
1304.0 967.5
1305.67 323.67
1306.17 722.83
1307.71 475.0
1310.84 869.33
1309.0 323.5
1312.0 293.83
1312.81 741.81
1311.5 375.5
1311.33 587.67
1314.0 246.5
1317.0 34.5
1316.5 731.5
1317.33 259.33
1319.8 97.0
1322.57 784.07
1322.67 9.33
1323.0 820.0
1327.97 326.97
1325.0 548.5
1325.5 881.0
1327.5 149.0
1329.11 548.67
1332.0 34.5
1342.35 374.17
1335.5 496.5
1336.0 481.5
1337.5 796.5
1337.5 1069.0
1341.64 539.55
1342.0 474.5
1341.5 739.0
1347.87 603.2
1344.0 911.71
1348.0 31.25
1347.67 439.33
1348.5 136.5
1351.88 362.12
1352.29 405.0
1351.5 519.0
1352.0 937.75
1352.5 765.0
1352.5 821.0
1354.5 100.0
1357.0 453.0
1356.33 619.11
1355.5 914.0
1357.5 1076.79
1357.0 984.0
1357.67 134.67
1359.5 369.5
1359.0 470.25
1359.17 992.83
1359.0 111.5
1359.5 597.5
1360.5 164.0
1360.33 750.33
1363.0 228.5
1363.2 447.6
1365.0 463.5
1366.5 524.5
1374.5 347.5
1375.5 393.5
1378.0 622.5
1380.5 518.5
1380.5 1002.5
1381.5 90.0
1381.5 668.5
1382.5 173.5
1383.5 760.0
1385.71 825.0
1386.5 608.5
1389.77 590.54
1390.0 905.25
1391.5 982.5
1395.17 97.5
1392.6 442.2
1393.2 557.6
1396.5 547.0
1397.5 151.5
1400.0 685.0
1400.5 551.5
1402.38 168.62
1401.5 642.5
1403.0 452.0
1404.67 817.67
1406.85 895.46
1408.83 474.17
1411.33 664.67
1412.6 686.8
1413.5 366.0
1413.5 489.0
1413.0 574.5
1414.6 101.8
1414.67 433.67
1415.5 510.0
1415.88 630.88
1416.5 1009.0
1416.4 456.8
1416.83 823.83
1418.0 1004.5
1418.6 387.2
1420.33 262.67
1421.5 320.5
1422.0 395.0
1421.5 603.5
1423.5 583.0
1426.4 522.8
1427.6 340.8
1429.41 1041.28
1429.25 641.0
1430.8 207.5
1431.5 621.0
1432.5 614.0
1434.5 513.0
1438.5 629.0
1441.25 570.95
1441.12 115.88
1441.5 412.5
1442.25 548.67
1442.5 804.0
1444.0 771.5
1448.67 97.67
1451.14 541.19
1452.0 308.0
1454.67 96.89
1454.0 263.0
1454.0 902.5
1455.71 424.0
1455.4 515.8
1457.0 176.5
1458.88 692.12
1460.0 578.5
1460.25 845.0
1461.5 355.5
1461.8 1075.4
1463.6 429.8
1464.5 435.0
1464.6 702.2
1467.0 93.5
1465.5 147.5
1465.0 658.0
1466.5 330.0
1467.29 369.0
1467.67 507.67
1469.82 929.18
1469.0 265.5
1470.0 273.5
1471.0 309.0
1471.5 601.5
1471.25 721.0
1472.5 977.29
1471.0 1036.5
1473.0 802.2
1473.29 1061.0
1475.0 749.75
1479.58 9.42
1479.17 738.83
1478.67 998.67
1479.33 272.67
1480.11 342.33
1479.0 365.5
1479.5 1028.0
1481.0 369.29
1480.88 661.88
1480.0 702.5
1480.5 955.0
1481.5 722.0
1483.29 774.0
1483.2 82.0
1483.67 753.67
1484.5 64.0
1485.8 200.4
1487.0 474.71
1489.42 500.19
1487.71 511.5
1489.5 555.0
1488.67 668.67
1490.29 33.5
1490.25 204.0
1492.0 212.0
1493.09 37.64
1494.0 71.5
1496.0 877.0
1496.33 462.67
1496.5 626.0
1498.67 512.67
1500.71 718.0
1500.91 757.36
1500.25 859.0
1502.17 1072.0
1501.5 191.5
1502.2 1062.6
1504.0 812.0
1506.0 414.5
1507.6 902.2
1508.67 376.33
1511.0 773.5
1513.0 607.0
1515.0 197.5
1517.09 8.36
1517.5 991.5
1519.5 922.5
1521.12 622.88
1522.0 510.5
1524.0 335.0
1523.5 619.0
1526.0 266.0
1525.33 474.33
1526.5 648.0
1525.4 802.8
1527.0 554.5
1529.33 962.67
1530.0 164.5
1530.5 265.0
1530.5 450.0
1531.59 576.12
1530.33 789.67
1532.29 430.0
1533.42 721.94
1534.39 510.74
1534.11 915.67
1534.88 410.88
1535.0 707.5
1537.67 322.67
1538.0 918.5
1539.0 69.5
1542.33 110.78
1541.5 321.5
1542.5 86.5
1542.5 525.5
1542.5 531.5
1543.0 924.0
1542.5 935.0
1543.29 1002.0
1542.4 1032.2
1546.5 609.71
1543.67 650.33
1548.26 959.5
1548.13 310.0
1546.0 695.25
1547.5 341.0
1548.6 298.2
1549.0 493.75
1549.0 861.0
1550.8 670.5
1551.5 167.5
1553.5 826.5
1555.0 228.0
1557.0 563.5
1557.0 894.5
1557.5 527.5
1558.0 386.5
1563.74 884.59
1559.5 247.5
1569.56 723.11
1563.0 670.25
1563.5 1069.0
1569.0 652.5
1570.4 213.2
1574.81 175.28
1577.12 257.12
1578.91 30.09
1579.0 415.25
1580.0 516.5
1580.5 941.0
1581.33 488.33
1583.5 237.0
1585.0 213.5
1587.91 294.91
1587.5 287.5
1589.22 556.5
1588.12 1075.88
1589.82 596.18
1591.0 970.0
1591.8 709.4
1592.8 281.4
1592.67 350.33
1593.5 810.0
1593.67 994.33
1596.48 241.39
1594.0 571.5
1594.5 635.0
1596.5 218.5
1598.5 375.2
1598.83 303.83
1599.5 441.5
1600.4 462.2
1601.0 700.71
1605.22 860.33
1606.69 781.44
1606.5 327.5
1610.83 257.17
1611.5 510.0
1612.0 742.29
1612.5 480.0
1614.33 299.33
1614.8 620.4
1615.0 64.5
1615.0 183.5
1617.0 888.5
1618.0 492.0
1623.9 32.83
1621.0 686.5
1620.25 824.25
1622.5 178.5
1622.5 252.5
1624.5 539.0
1628.0 151.25
1628.2 169.4
1628.6 293.2
1628.83 574.17
1628.75 628.0
1630.0 445.75
1629.0 782.5
1629.8 801.6
1629.5 991.5
1630.0 1078.29
1632.0 228.0
1632.5 686.0
1635.13 1073.53
1636.59 670.12
1636.4 566.2
1636.5 964.0
1639.0 337.5
1640.25 150.0
1642.88 70.88
1643.67 493.67
1645.0 12.5
1646.29 606.5
1647.64 392.09
1647.29 737.0
1647.12 852.12
1648.5 330.5
1648.67 272.67
1650.12 10.88
1649.0 982.5
1650.71 1009.5
1652.5 265.5
1652.5 1033.5
1654.5 319.5
1654.0 352.0
1661.66 501.3
1657.5 574.0
1659.55 815.06
1657.67 600.33
1657.5 608.5
1658.67 688.25
1660.5 571.5
1662.5 74.0
1662.5 759.0
1663.6 92.8
1665.8 691.4
1666.33 863.67
1667.5 459.5
1667.8 676.4
1668.5 170.5
1669.5 694.0
1671.0 72.5
1670.5 812.5
1670.0 889.5
1673.25 451.5
1673.0 908.75
1673.6 621.2
1676.0 805.25
1676.4 260.8
1676.5 1054.0
1677.5 534.5
1679.67 498.67
1679.0 661.5
1683.62 451.38
1683.5 315.0
1685.0 642.2
1686.0 678.5
1684.88 1062.12
1685.25 140.0
1687.0 631.5
1687.2 535.0
1686.5 569.5
1687.5 3.0
1688.0 553.75
1691.88 202.12
1692.5 120.0
1693.0 487.0
1694.0 772.5
1694.0 1055.5
1695.5 304.0
1698.29 171.0
1697.5 516.0
1697.67 793.67
1698.5 640.0
1703.28 769.89
1709.45 1050.73
1705.39 429.35
1703.5 231.5
1705.0 996.0
1706.5 46.5
1711.92 476.92
1711.5 919.0
1714.0 658.5
1718.5 866.71
1717.5 958.5
1719.5 56.5
1720.5 752.0
1722.5 413.5
1723.55 564.64
1722.67 897.67
1723.5 604.5
1725.67 148.89
1726.4 398.2
1727.6 525.8
1728.67 925.33
1729.12 985.88
1731.0 51.5
1732.5 535.0
1735.8 90.4
1741.0 540.5
1740.0 1026.5
1741.71 782.0
1743.12 22.12
1744.5 349.5
1749.29 29.0
1749.0 64.5
1750.25 503.0
1750.0 972.5
1752.67 839.33
1753.5 619.0
1760.0 37.5
1760.0 170.5
1761.5 44.5
1762.0 791.0
1767.94 462.4
1763.5 935.0
1765.0 481.5
1766.5 738.5
1766.33 1063.67
1767.5 139.0
1768.5 46.0
1772.98 405.55
1769.0 693.29
1770.5 686.5
1773.4 890.3
1772.67 1076.33
1774.0 84.0
1773.0 830.5
1774.5 25.0
1774.0 997.5
1776.0 137.5
1776.33 476.33
1781.0 23.29
1780.5 385.0
1780.5 600.5
1782.0 1019.5
1782.0 277.5
1783.5 379.0
1781.5 1007.5
1782.5 456.5
1782.5 497.5
1782.67 672.67
1783.29 963.0
1784.7 1066.0
1784.14 733.57
1783.5 825.0
1784.5 445.0
1785.67 151.33
1785.5 501.5
1785.5 582.5
1794.32 173.41
1793.67 145.33
1793.71 356.0
1793.5 751.5
1795.0 32.0
1797.0 500.71
1796.8 1026.5
1798.33 827.83
1799.0 975.5
1799.2 990.4
1800.58 39.25
1801.0 45.5
1803.5 319.0
1805.0 583.29
1806.62 269.38
1807.12 32.88
1808.8 475.5
1807.5 915.0
1808.5 284.5
1810.0 170.71
1810.5 519.5
1819.67 748.67
1820.83 546.17
1820.0 866.5
1824.67 224.67
1824.5 451.5
1825.83 685.17
1826.33 507.67
1829.0 929.5
1831.5 146.5
1832.0 546.0
1831.5 941.0
1832.5 302.5
1836.0 699.0
1838.88 331.88
1839.5 410.5
1839.5 499.0
1840.67 631.33
1844.5 276.5
1845.0 13.5
1845.33 546.33
1845.25 992.0
1846.5 862.5
1847.0 1032.0
1847.5 508.5
1848.2 531.0
1849.5 274.71
1848.0 581.5
1849.0 823.5
1851.0 163.75
1850.0 474.5
1850.4 974.2
1852.5 25.0
1854.5 161.5
1857.38 706.75
1858.5 398.5
1859.4 738.2
1860.5 431.5
1865.78 138.67
1865.33 512.67
1867.5 580.5
1869.0 272.5
1870.67 563.67
1872.0 140.5
1877.5 135.0
1879.0 341.5
1881.33 124.33
1882.29 529.0
1883.6 155.8
1886.29 273.0
1885.0 312.5
1885.0 837.5
1887.75 187.0
1887.5 296.0
1889.25 176.0
1891.5 438.5
1895.23 758.89
1893.67 504.11
1894.0 254.0
1896.5 274.0
1901.98 554.18
1900.0 898.5
1903.0 307.5
1904.5 460.0
1906.11 699.22
1906.33 689.67
1912.0 984.5
1912.5 80.0
1914.0 1059.5
1918.75 420.0
1919.0 911.5
!