1.8 50.4
13.61 471.24
11.35 727.47
10.5 560.5
13.63 486.92
16.0 230.25
16.5 814.0
22.0 919.0
25.0 381.5
37.0 562.5
45.25 631.0
48.12 64.12
53.6 1048.8
54.71 273.0
55.0 390.5
60.29 341.5
60.0 748.75
67.62 329.62
64.5 906.5
70.0 97.5
74.33 424.75
77.11 1074.33
86.34 809.66
80.62 249.62
82.61 891.39
81.2 163.6
82.0 26.25
81.5 229.0
91.5 471.0
103.2 448.6
104.0 977.5
106.0 114.71
107.5 778.0
108.5 679.5
110.8 539.6
112.5 89.22
112.33 439.67
119.18 614.15
118.8 182.0
118.5 466.0
126.33 899.67
127.75 828.0
130.88 657.12
136.5 138.5
138.5 3.0
147.5 1054.0
153.59 979.16
155.4 421.8
162.0 1060.0
175.8 970.0
177.2 881.4
180.0 860.5
189.38 408.38
190.04 800.39
195.18 946.18
196.17 998.17
199.2 8.0
209.0 327.0
213.0 1071.0
213.5 637.5
215.5 709.0
215.5 983.5
217.6 437.8
233.5 504.0
242.2 132.6
252.5 20.0
262.5 99.71
262.0 178.0
261.5 831.5
264.38 5.24
264.0 781.71
270.0 500.5
275.33 308.67
286.4 968.2
292.62 1045.38
294.33 268.67
294.71 846.0
303.66 255.9
303.83 322.0
305.62 836.62
308.0 454.29
307.6 956.8
309.75 902.0
320.4 317.2
329.5 891.5
335.33 558.67
339.1 749.05
338.67 772.67
339.0 485.5
342.0 357.0
352.2 918.73
349.17 552.83
348.67 955.33
356.46 353.42
350.33 39.67
356.8 53.6
357.5 985.0
360.88 366.12
365.0 500.25
367.17 790.83
374.0 1009.5
378.6 884.2
380.5 194.0
380.8 781.4
384.0 1045.7
389.0 805.25
396.2 740.4
396.5 284.0
404.11 271.33
405.6 105.4
407.5 499.5
412.5 656.71
413.12 100.88
413.0 992.5
417.12 740.88
421.4 810.8
422.5 13.5
424.0 295.5
428.82 54.82
431.5 1039.0
433.83 324.83
433.5 512.5
435.5 391.5
443.68 931.68
447.63 867.63
455.33 201.33
457.67 805.33
464.71 377.0
470.5 64.0
475.13 995.47
474.0 517.5
475.0 442.5
476.33 506.33
477.38 960.62
483.86 398.5
483.6 825.8
483.5 1075.5
489.0 180.0
488.75 236.0
488.0 613.5
492.6 445.8
503.29 221.0
502.67 1075.33
504.5 749.5
512.0 1072.5
523.62 658.62
524.5 1017.5
534.5 614.0
539.12 530.88
554.0 379.5
558.5 274.5
556.8 800.4
562.0 709.71
562.5 285.5
563.2 660.4
566.0 315.5
568.0 935.0
571.5 9.0
576.33 561.33
581.5 1010.5
587.0 317.75
587.29 867.0
589.0 617.29
604.4 31.8
607.2 275.4
608.0 6.0
612.6 403.2
615.5 574.5
619.21 730.0
618.5 380.0
625.67 183.67
625.4 229.2
647.0 477.0
646.8 971.4
647.5 327.5
648.0 729.0
656.5 607.5
667.0 867.5
669.25 1031.0
678.82 450.18
682.67 852.67
683.5 631.5
685.91 904.09
688.15 448.62
687.0 769.0
690.0 944.5
695.2 91.0
702.09 265.64
708.2 306.4
707.5 412.0
709.0 646.5
715.25 144.75
716.5 798.0
720.88 28.12
721.5 82.5
726.5 1061.0
729.5 419.0
731.85 1041.46
745.86 216.71
747.0 36.5
753.0 355.0
752.5 649.0
756.5 299.0
762.5 16.5
766.5 217.5
770.0 810.0
778.37 858.95
777.0 42.8
778.0 608.0
781.0 276.5
784.0 958.0
784.0 487.5
786.5 601.5
790.5 710.29
793.0 36.71
793.44 720.6
794.0 1068.5
796.0 648.0
800.33 38.67
801.33 460.33
803.16 868.84
803.5 125.0
812.2 36.4
812.12 357.12
813.12 644.88
816.0 17.79
819.0 3.5
821.0 218.17
820.0 997.5
821.5 279.0
825.5 287.5
826.0 781.25
827.67 632.67
829.0 536.5
831.33 258.67
832.5 25.0
833.75 640.0
836.5 112.29
837.0 1012.5
840.0 607.5
842.5 889.0
846.0 137.5
848.73 203.86
852.4 36.4
851.0 307.5
852.5 695.0
853.12 720.88
853.5 141.5
858.0 582.0
858.0 615.0
859.5 1073.5
861.0 1055.0
864.0 741.5
870.5 4.0
874.0 158.5
874.83 832.83
874.5 917.5
882.5 639.5
891.35 1076.42
887.0 1031.25
891.62 850.62
894.5 996.5
900.59 186.41
896.8 210.4
896.33 911.33
900.33 511.33
900.0 519.5
904.0 233.0
907.5 583.0
911.0 199.0
915.1 609.66
912.5 932.0
913.0 108.8
923.0 54.0
922.5 961.5
929.0 477.76
928.16 827.95
935.5 62.5
942.2 541.4
947.5 517.5
950.5 553.0
952.5 547.5
953.83 898.33
954.8 5.4
955.45 554.64
955.88 549.12
957.0 59.0
956.4 562.2
957.0 1073.5
957.91 536.36
959.83 27.33
960.56 554.44
962.17 545.17
961.5 565.0
963.29 36.0
965.29 1015.0
967.5 549.0
970.8 389.4
973.5 24.5
978.0 952.5
980.5 565.5
982.5 205.5
988.0 949.2
989.0 299.5
994.0 522.5
995.33 374.67
996.88 722.88
996.5 784.0
1001.0 1071.5
1003.0 552.29
1007.5 884.0
1012.5 600.0
1016.91 997.36
1020.0 804.71
1019.0 911.5
1023.0 373.0
1027.25 518.25
1026.5 164.0
1029.5 724.0
1032.0 932.5
1036.5 373.29
1035.33 822.67
1037.5 576.0
1038.9 611.7
1039.5 942.5
1044.0 576.5
1045.0 869.5
1050.8 27.6
1050.5 288.5
1053.2 362.6
1063.0 370.2
1062.6 998.2
1065.0 832.5
1069.5 766.29
1069.5 489.5
1074.0 1057.0
1077.15 258.54
1076.33 866.33
1076.0 1067.5
1079.16 220.16
1080.4 354.2
1088.65 828.0
1089.5 1046.5
1092.0 1029.0
1094.5 652.5
1096.0 82.5
1096.5 378.0
1100.0 1032.29
1101.33 528.67
1104.5 647.0
1107.6 957.2
1116.64 600.91
1117.89 908.33
1125.0 1062.5
1126.5 687.0
1127.5 535.5
1130.33 457.67
1133.67 742.67
1136.72 245.41
1134.0 321.0
1136.64 373.09
1135.0 788.5
1142.38 503.62
1148.0 280.25
1149.0 366.5
1152.5 957.5
1155.0 276.5
1155.0 1013.5
1159.0 237.5
1159.0 688.0
1160.5 251.0
1162.5 340.0
1165.5 45.0
1168.0 705.5
1174.0 967.0
1175.0 483.5
1180.67 966.33
1182.67 978.11
1192.39 965.07
1189.0 863.0
1190.0 890.5
1191.5 1038.0
1193.5 145.0
1197.5 503.5
1199.0 688.5
1200.4 31.8
1200.67 406.17
1204.29 624.0
1209.0 809.5
1211.0 924.0
1217.5 670.5
1219.0 40.25
1219.5 897.5
1220.0 916.5
1223.32 624.68
1222.5 165.0
1225.5 310.29
1225.88 166.12
1227.0 296.71
1227.0 770.5
1227.0 884.0
1229.0 669.5
1231.0 681.5
1233.5 792.5
1236.2 230.4
1236.25 337.0
1239.5 745.0
1243.5 938.0
1254.0 964.0
1258.09 465.91
1262.5 4.5
1263.11 783.67
1264.5 227.0
1267.67 430.33
1267.5 803.0
1269.36 423.09
1282.34 215.0
1284.8 930.4
1288.5 276.0
1290.0 487.5
1292.0 574.0
1293.5 444.5
1294.4 787.8
1299.59 803.26
1299.67 513.67
1304.67 156.33
1304.67 908.67
1305.88 322.12
1308.17 779.83
1310.33 369.33
1311.91 309.64
1311.5 957.5
1315.88 382.12
1316.8 840.4
1319.33 728.67
1320.33 15.33
1320.5 809.0
1325.5 829.0
1327.0 533.0
1327.82 667.82
1328.67 397.67
1331.5 571.5
1331.5 595.5
1332.6 633.4
1338.8 971.0
1340.5 127.5
1343.1 819.7
1344.0 28.5
1347.5 279.0
1353.0 795.8
1354.0 968.0
1355.0 186.0
1356.36 663.55
1359.0 484.5
1360.8 377.6
1361.5 420.0
1369.0 988.5
1371.8 197.6
1372.5 692.0
1374.8 249.67
1375.05 527.1
1375.0 793.5
1379.0 1038.29
1379.5 52.5
1385.0 980.2
1385.0 151.5
1385.5 477.5
1386.5 1052.5
1387.5 598.0
1393.0 427.5
1396.5 906.5
1399.0 820.25
1399.5 0.0
1401.5 189.5
1401.33 680.33
1402.0 970.5
1405.0 223.0
1404.33 647.67
1404.5 950.5
1405.33 785.33
1409.0 352.5
1410.0 267.0
1412.0 547.0
1412.5 165.5
1417.5 169.0
1420.25 338.0
1432.0 391.5
1443.36 192.59
1437.67 726.33
1444.25 590.75
1448.6 584.2
1452.5 807.0
1452.67 834.33
1457.91 156.09
1455.89 784.67
1465.22 338.03
1461.0 103.29
1463.0 282.0
1469.5 575.5
1468.5 380.0
1473.5 26.5
1473.0 502.5
1475.5 659.0
1480.25 935.0
1482.12 417.12
1482.0 506.25
1481.5 961.5
1489.0 423.75
1490.0 888.0
1492.5 395.0
1494.0 312.0
1500.0 427.5
1502.25 390.33
1501.5 705.0
1501.5 749.0
1504.71 802.0
1519.73 25.81
1514.0 340.5
1519.64 64.21
1522.24 746.24
1522.12 333.88
1526.29 775.5
1527.5 1069.0
1528.67 158.67
1532.21 229.29
1528.67 504.33
1535.68 604.32
1535.0 75.5
1535.5 414.5
1536.0 763.0
1536.5 155.5
1549.5 502.0
1550.67 306.33
1550.5 552.5
1556.0 384.0
1558.67 838.67
1561.5 633.5
1563.0 737.5
1567.74 23.81
1563.5 749.5
1564.5 216.5
1566.5 958.5
1571.5 997.5
1574.5 182.5
1578.12 387.88
1582.21 181.5
1585.39 172.82
1587.0 447.5
1590.0 27.5
1592.5 15.5
1594.29 195.0
1599.09 673.91
1602.0 681.5
1602.5 818.0
1603.5 204.5
1606.5 248.0
1607.6 1010.8
1609.0 312.5
1609.0 482.5
1611.89 621.28
1611.5 470.0
1612.12 887.88
1619.34 181.58
1614.5 509.5
1617.17 869.17
1623.6 516.2
1625.5 437.5
1626.29 801.0
1630.71 186.5
1629.5 412.5
1632.4 440.96
1637.5 750.5
1640.0 859.5
1640.67 436.17
1642.33 538.33
1645.46 488.15
1647.5 729.5
1650.16 825.58
1649.0 698.5
1650.33 967.67
1651.5 96.5
1654.41 290.28
1653.6 794.2
1654.0 906.0
1657.5 477.5
1657.6 558.2
1657.5 842.5
1661.5 689.0
1661.5 715.0
1665.3 375.6
1664.5 572.5
1665.5 161.5
1666.0 995.5
1668.5 43.2
1668.5 12.5
1672.5 1047.0
1677.0 950.25
1673.67 967.67
1677.0 825.5
1680.8 213.6
1680.0 736.5
1684.6 1031.56
1689.46 975.46
1685.0 863.71
1688.29 880.0
1687.5 944.5
1689.71 678.0
1691.92 475.2
1691.5 564.5
1691.5 630.0
1701.59 410.74
1695.0 599.5
1697.5 110.0
1699.75 835.25
1701.37 933.63
1703.6 215.8
1704.5 683.0
1706.5 165.29
1710.4 892.8
1712.5 865.0
1714.67 510.33
1719.0 302.5
1721.5 137.5
1729.0 648.0
1729.67 53.67
1730.0 770.5
1734.19 62.57
1734.0 688.5
1736.2 286.0
1738.75 188.0
1739.5 292.5
1747.5 629.5
1744.5 405.5
1746.0 214.5
1748.0 248.0
1751.0 64.0
1754.5 201.29
1756.2 219.6
1759.0 882.5
1759.5 1055.0
1761.38 313.62
1761.5 463.5
1762.5 644.0
1768.38 1016.62
1772.6 7.2
1773.67 960.33
1774.0 427.5
1777.5 244.5
1781.5 141.5
1782.5 926.5
1787.5 48.5
1788.75 623.0
1788.5 918.5
1795.63 639.79
1795.8 1033.6
1800.29 428.0
1802.5 806.71
1803.67 915.33
1807.0 604.5
1806.5 738.0
1807.62 978.38
1808.25 87.67
1809.0 305.0
1815.0 275.0
1815.5 864.5
1819.0 496.5
1820.0 671.5
1820.0 1067.5
1835.0 64.5
1837.2 364.5
1845.0 635.0
1846.0 643.0
1844.33 759.33
1847.0 172.75
1847.5 249.0
1848.6 245.8
1850.5 659.5
1854.04 295.6
1853.2 1078.6
1855.5 1071.5
1856.33 566.33
1861.5 447.33
1862.0 917.5
1867.0 983.5
1868.67 849.33
1869.83 221.67
1869.0 382.5
1872.5 525.0
1873.5 384.0
1873.75 671.0
1874.89 213.33
1875.5 325.0
1875.0 501.5
1878.5 720.0
1881.5 699.5
1883.0 975.25
1889.0 666.5
1890.5 991.71
1892.0 159.5
1894.5 560.5
1899.18 605.18
1901.8 269.6
1905.5 918.29
1905.8 360.4
1905.0 702.5
1907.8 775.0
1909.38 659.62
1912.29 236.5
1916.5 590.5
1917.67 842.62
1918.67 850.33
!