1.67 10.89
4.0 431.5
8.8 340.0
9.33 316.25
14.0 925.5
16.0 534.0
15.5 747.5
21.5 409.0
25.32 686.74
25.5 250.0
29.15 481.15
26.33 760.33
26.5 873.0
28.29 467.5
28.5 597.0
29.29 933.14
30.8 715.4
31.88 142.12
34.5 39.5
36.0 523.29
42.67 596.33
44.76 82.76
44.0 355.5
45.4 45.8
56.0 481.71
55.5 590.0
58.28 104.11
57.0 537.5
58.62 521.38
65.5 521.71
68.2 63.6
72.93 740.5
69.5 410.0
71.5 394.0
73.0 777.0
73.0 494.5
77.5 444.5
87.14 624.86
83.0 499.0
94.0 265.5
95.0 931.5
97.0 417.75
96.0 976.5
105.85 71.15
107.67 629.67
109.5 764.5
111.5 456.5
114.45 979.58
114.5 498.0
116.0 403.75
116.5 244.0
118.0 1014.0
121.29 151.5
122.28 949.89
127.34 1021.0
126.5 779.0
127.5 971.5
129.5 707.0
135.0 1033.5
140.5 745.0
143.6 569.8
146.5 141.5
149.48 1049.39
153.4 627.32
152.0 262.5
152.0 938.5
152.0 976.5
154.5 448.0
154.33 531.33
155.0 642.5
159.0 261.71
160.33 254.67
163.2 456.4
164.0 55.5
165.5 935.0
173.5 517.0
176.5 436.5
177.5 24.5
181.0 248.42
179.11 937.67
179.5 794.0
186.5 936.5
188.09 361.36
187.5 1004.0
189.0 382.5
193.16 77.84
198.29 369.0
197.5 1075.5
199.5 1008.5
203.67 114.67
204.0 531.5
207.12 524.88
208.2 339.4
211.0 167.0
215.0 46.5
232.5 867.29
233.67 687.67
241.4 413.6
242.0 95.0
242.5 896.5
244.0 552.5
246.5 1030.0
247.0 1050.0
254.0 555.0
249.0 817.5
251.0 273.0
257.2 1006.0
258.29 361.0
259.36 940.91
261.5 592.5
263.5 589.0
265.62 981.23
266.5 259.0
270.64 776.45
275.0 350.5
278.8 313.6
281.5 355.0
282.5 345.0
284.0 678.0
287.12 771.12
291.5 531.5
295.0 692.5
296.71 348.0
307.29 700.0
307.5 396.5
309.2 406.0
310.4 630.8
314.0 207.5
314.0 547.5
317.2 42.4
320.49 413.73
319.0 934.5
320.88 432.88
325.42 668.25
324.33 790.33
326.4 586.6
325.88 1068.88
337.34 799.82
331.2 966.4
331.0 376.5
333.0 960.0
338.4 35.4
337.5 604.0
337.5 620.5
340.0 631.0
341.88 296.88
342.5 846.5
347.5 485.29
348.12 934.12
349.1 1034.3
354.5 850.0
356.33 418.67
358.2 1019.4
361.0 861.2
365.4 416.8
367.33 1065.17
373.0 77.82
373.2 782.6
374.67 630.33
377.67 881.33
378.62 915.62
384.67 290.33
384.33 1070.33
390.95 856.46
387.5 924.0
395.75 613.75
396.29 679.0
400.86 494.29
402.5 895.0
406.0 448.29
407.0 491.2
407.6 378.2
408.67 734.33
409.67 765.33
411.0 1070.2
412.67 118.67
413.5 247.5
420.17 665.46
418.67 105.33
420.37 641.21
424.28 475.11
424.0 488.5
425.0 1011.5
428.0 331.5
436.5 843.0
447.0 977.5
448.83 821.17
453.71 1061.0
454.5 611.5
457.0 816.5
457.8 975.4
459.5 653.2
460.25 500.0
463.29 590.0
469.17 209.17
476.5 825.5
487.67 711.33
491.4 172.2
493.5 1027.5
495.5 426.5
495.71 836.0
505.79 152.5
507.67 764.67
509.0 551.5
513.91 773.13
514.2 897.2
514.5 821.5
515.4 753.2
518.0 15.0
516.33 415.33
518.08 574.5
518.0 965.0
520.71 400.5
519.67 652.67
519.83 761.17
519.33 778.67
522.0 771.71
522.2 795.4
523.29 95.0
525.35 683.0
525.5 929.0
529.29 969.5
539.48 221.28
546.55 831.47
544.5 572.5
547.12 101.88
550.0 1041.5
551.5 403.5
556.5 936.5
556.5 972.0
560.25 916.38
566.5 715.0
566.5 859.0
574.19 914.81
574.0 404.5
575.5 689.5
575.0 726.5
582.5 1071.5
584.88 822.12
586.5 875.0
587.5 11.5
596.25 879.61
602.5 984.5
603.75 133.0
604.76 454.76
609.67 518.67
610.5 227.0
613.29 695.0
619.33 848.67
619.0 1077.5
626.63 863.63
626.5 830.0
636.54 818.94
632.5 740.0
634.0 297.5
634.33 723.67
641.33 985.53
637.37 457.37
639.0 506.5
640.88 380.88
642.5 79.0
647.0 139.5
645.4 458.2
647.22 614.0
652.63 822.04
651.0 446.5
655.5 931.5
663.79 369.5
661.5 806.5
662.5 320.0
663.6 276.2
666.83 477.26
666.67 564.89
671.0 235.0
676.0 746.25
682.0 1066.5
682.5 204.0
687.5 185.5
687.5 1006.5
689.0 449.5
689.91 455.64
693.5 778.5
696.0 814.5
699.0 831.0
705.88 1057.12
706.4 516.8
708.5 683.5
711.72 517.89
711.5 751.0
712.38 1008.38
713.0 1032.5
716.0 685.71
717.0 617.5
723.02 215.32
719.0 69.5
719.5 528.0
722.5 550.0
725.0 1048.5
728.29 709.0
728.0 770.25
732.2 548.6
732.5 529.0
736.0 1007.5
739.4 677.2
740.0 848.75
739.4 1004.2
740.4 266.8
746.12 1074.88
749.0 880.5
750.0 1021.5
751.33 829.33
758.6 853.2
759.67 375.33
759.5 619.5
760.29 872.0
763.5 511.5
770.43 975.91
767.67 345.33
775.0 487.5
780.0 488.5
781.36 1012.09
781.67 567.67
782.5 757.5
783.67 300.33
787.0 806.5
789.5 720.0
797.0 281.5
800.33 187.67
801.33 822.67
803.54 468.85
803.09 664.64
802.5 831.0
804.5 997.5
805.25 78.25
811.33 1036.33
816.0 316.5
816.5 768.5
820.0 241.0
821.71 416.0
829.0 814.5
831.88 693.88
834.5 1020.0
836.5 855.0
839.33 700.33
840.71 340.0
843.67 619.67
845.8 902.6
854.83 911.17
857.16 71.84
855.8 937.6
859.17 945.08
855.0 971.5
860.21 929.64
866.62 824.2
861.5 934.5
862.75 208.0
863.0 812.5
864.0 963.75
873.28 720.57
867.67 898.67
869.4 186.8
869.67 930.33
871.5 809.5
872.75 912.67
896.0 860.5
899.0 561.0
905.5 1059.5
908.12 900.88
909.0 659.5
911.5 826.5
913.12 908.12
914.88 324.88
916.29 264.5
917.67 1.33
918.2 449.6
918.0 273.5
919.0 541.5
920.71 688.0
920.0 1046.5
923.6 337.8
927.2 36.4
929.5 704.0
932.5 10.0
936.8 799.6
944.53 64.71
942.0 971.5
954.05 552.28
951.58 745.55
952.12 956.12
959.0 1022.5
964.0 989.5
974.0 64.5
976.5 927.2
977.83 367.0
979.79 730.5
981.5 506.5
984.96 233.22
985.0 1051.2
993.77 503.53
989.0 467.5
994.5 176.0
996.71 799.0
998.67 845.33
1009.5 3.0
1011.58 284.45
1009.0 1026.5
1016.88 810.12
1018.67 421.73
1018.0 855.0
1021.0 593.5
1022.6 986.8
1030.0 328.29
1029.0 507.0
1036.5 862.5
1039.83 952.83
1044.73 481.5
1049.2 442.5
1050.56 627.56
1058.33 131.33
1059.88 564.69
1059.75 960.0
1062.0 334.0
1066.8 186.4
1076.0 331.25
1075.0 364.5
1076.5 1029.0
1078.0 686.5
1081.0 649.5
1083.67 479.67
1083.5 911.5
1087.67 186.33
1087.5 578.0
1091.33 359.67
1092.5 288.5
1092.5 451.0
1094.89 4.67
1096.78 547.5
1096.5 561.0
1100.47 1026.35
1102.62 588.62
1101.33 856.33
1103.0 702.5
1104.2 102.5
1109.0 314.66
1106.33 677.67
1109.0 777.5
1110.5 520.0
1115.34 793.03
1114.5 456.0
1118.5 53.29
1119.0 10.5
1123.67 284.33
1124.67 504.89
1124.5 432.0
1125.4 823.2
1128.67 453.67
1130.29 844.5
1139.31 351.78
1136.2 695.4
1139.5 896.5
1141.4 430.8
1142.5 662.5
1143.62 933.38
1143.5 859.0
1143.5 999.0
1144.0 902.5
1146.0 129.5
1151.04 326.11
1148.5 840.14
1147.5 166.5
1153.0 583.75
1153.5 462.5
1154.8 493.8
1156.0 660.0
1159.5 816.5
1165.5 641.0
1166.5 882.5
1169.8 92.08
1168.67 780.33
1170.33 1036.33
1179.43 405.81
1176.71 719.5
1182.06 502.59
1180.0 1040.25
1186.12 467.12
1187.79 588.84
1185.8 659.6
1189.89 237.33
1191.4 640.8
1194.0 431.5
1198.12 9.88
1199.5 362.0
1202.5 508.0
1207.62 175.62
1206.5 538.5
1210.0 480.71
1211.57 713.23
1211.5 896.5
1212.5 225.0
1214.0 609.5
1216.11 461.33
1216.5 483.5
1217.0 446.0
1217.5 191.5
1218.5 833.5
1219.67 318.67
1220.5 179.5
1222.0 943.75
1227.79 1025.37
1229.25 341.33
1232.5 245.5
1231.5 496.5
1232.83 744.83
1233.0 511.5
1233.0 1015.5
1246.8 823.0
1245.5 895.0
1251.85 969.38
1252.53 1037.65
1252.5 174.5
1252.5 445.0
1253.12 1021.88
1255.5 748.29
1258.0 661.5
1262.0 873.29
1272.7 932.7
1273.0 742.0
1281.33 653.67
1283.17 902.83
1284.5 882.5
1284.5 915.0
1295.09 615.0
1294.33 957.67
1298.5 708.5
1300.0 221.0
1299.5 864.5
1303.62 449.62
1302.6 572.2
1304.5 334.0
1306.0 204.0
1310.5 570.85
1311.5 431.5
1312.67 148.67
1313.5 519.5
1314.5 867.5
1319.45 1041.57
1321.5 432.5
1325.0 325.5
1324.6 373.2
1325.5 570.5
1324.0 705.5
1326.5 343.0
1333.88 817.12
1334.0 901.0
1335.75 873.25
1340.0 813.5
1347.41 930.21
1353.0 30.25
1356.47 823.35
1360.03 201.68
1358.5 1014.5
1359.0 862.5
1359.5 937.0
1362.0 945.0
1366.71 808.29
1365.5 340.0
1369.6 1046.4
1369.67 354.33
1370.88 959.12
1371.88 261.12
1371.5 1069.5
1375.25 371.0
1375.33 833.67
1381.7 69.1
1382.0 43.8
1384.39 1072.78
1385.0 1027.5
1387.5 256.0
1392.5 280.0
1392.5 616.0
1394.0 81.0
1401.0 1005.5
1403.29 261.0
1402.33 542.67
1404.0 231.5
1408.5 671.5
1418.5 643.0
1416.5 812.5
1417.0 942.5
1417.6 890.8
1425.5 53.0
1429.5 959.5
1430.87 684.47
1433.67 954.33
1439.67 1042.67
1444.0 220.5
1450.53 1025.25
1447.0 141.5
1447.5 307.0
1450.5 83.0
1454.61 995.83
1453.5 825.0
1456.2 233.6
1461.0 429.5
1460.5 537.5
1467.0 513.5
1470.5 819.0
1470.5 881.0
1472.5 935.5
1474.0 477.5
1482.28 1046.89
1482.29 545.0
1481.8 676.4
1482.67 878.67
1486.5 924.5
1489.5 320.0
1489.67 667.67
1489.0 777.0
1491.5 301.5
1492.5 355.5
1493.12 728.12
1496.5 480.0
1499.0 361.0
1504.27 61.71
1501.67 341.33
1502.8 1052.4
1517.92 884.67
1519.0 488.5
1526.33 522.67
1524.0 602.29
1526.8 429.4
1528.0 771.0
1531.2 736.4
1536.5 1039.0
1537.83 757.17
1546.0 906.5
1547.5 595.5
1547.67 638.67
1549.0 272.5
1549.5 858.0
1551.0 266.8
1557.0 1055.0
1567.5 684.5
1576.38 1031.64
1577.82 900.18
1580.5 823.29
1581.8 1013.6
1588.09 824.79
1586.4 975.8
1588.12 422.12
1589.5 933.5
1591.5 516.5
1593.4 959.0
1597.04 614.6
1596.0 855.71
1604.0 307.5
1611.33 1002.67
1613.5 29.0
1616.67 22.33
1619.71 581.0
1621.71 50.5
1622.6 1051.8
1624.5 565.5
1626.0 128.5
1625.71 512.0
1627.5 947.5
1629.88 553.12
1629.0 709.5
1639.5 550.29
1640.0 138.29
1641.5 342.5
1642.33 982.67
1646.0 326.5
1652.6 485.8
1654.71 155.0
1659.54 277.98
1656.0 432.5
1659.8 541.4
1665.88 980.04
1679.88 225.88
1682.5 717.0
1686.71 1060.0
1694.5 939.0
1696.0 189.75
1696.5 267.5
1709.5 916.5
1713.0 849.29
1722.18 691.18
1738.71 1059.0
1742.67 103.67
1743.5 425.0
1749.67 812.67
1749.5 1071.5
1757.5 621.0
1761.33 817.67
1767.28 651.11
1770.5 134.0
1774.33 1042.67
1776.0 187.5
1779.0 564.8
1786.5 924.0
1797.0 640.5
1804.5 708.5
1804.5 795.0
1808.12 603.12
1809.0 426.0
1834.0 1077.5
1835.5 231.0
1836.0 655.8
1836.5 1058.5
1838.5 636.5
1845.0 316.5
1849.0 131.5
1853.33 234.67
1855.0 800.5
1862.5 574.0
1864.88 38.88
1864.5 401.0
1867.67 186.33
1868.17 932.83
1870.5 922.5
1870.33 958.67
1876.33 189.33
1876.5 400.0
1881.5 652.0
1878.5 17.0
1890.0 391.71
1894.0 944.5
1897.27 244.5
1898.82 964.82
1900.0 681.5
1902.5 805.0
1905.5 908.5
1908.0 862.0
1911.38 828.75
!