1.75 339.33
0.8 633.6
6.5 305.0
7.14 455.71
7.67 378.67
9.5 221.29
9.5 640.5
10.33 875.33
12.0 371.5
16.38 567.85
18.29 323.0
18.5 768.5
19.4 371.8
25.0 801.26
35.0 112.5
37.8 938.6
43.75 483.0
45.0 435.0
45.33 438.67
54.5 777.5
65.71 171.0
66.5 206.5
67.5 73.5
68.0 593.75
72.1 610.95
72.5 104.0
75.33 372.25
74.5 1079.0
78.67 463.67
79.5 896.71
82.38 471.38
81.0 1011.5
82.5 318.5
83.12 509.88
83.67 1036.33
84.5 799.0
89.5 127.0
92.29 1078.57
92.5 1012.5
97.5 453.0
99.75 646.38
101.2 264.4
104.8 106.0
104.5 140.5
112.96 46.89
108.76 635.24
110.84 1011.67
109.0 208.5
114.25 676.0
117.5 304.5
120.5 29.0
122.67 452.33
127.71 151.0
131.88 176.88
135.67 46.33
136.5 57.0
140.0 478.5
144.71 1069.0
146.5 450.5
147.5 731.5
150.88 603.12
153.5 1046.0
155.33 772.67
157.29 800.0
168.04 217.6
171.88 166.88
172.5 979.5
177.5 191.0
179.29 1044.0
190.5 796.5
192.5 285.0
193.6 178.2
195.33 612.67
197.0 817.0
198.2 608.6
200.88 266.88
200.33 616.5
203.36 359.45
204.12 143.12
206.33 302.67
215.32 500.0
215.0 239.5
215.5 452.5
216.0 262.5
218.0 99.5
219.83 382.83
219.75 750.0
223.0 957.71
228.86 423.24
229.2 148.6
229.0 738.75
233.5 274.0
234.0 151.5
239.5 161.5
239.33 1065.33
243.5 190.8
247.8 107.6
255.83 473.83
256.0 301.5
256.5 842.0
259.5 593.2
259.0 622.0
261.5 554.5
263.6 598.2
273.12 396.88
274.0 277.0
278.4 779.07
277.0 215.0
279.0 594.5
279.0 707.5
279.5 1053.5
280.5 131.0
285.0 1055.5
286.5 964.0
287.67 94.67
291.6 1014.4
301.0 446.5
304.0 597.5
305.0 958.0
309.0 312.5
312.6 791.8
317.11 19.2
314.29 245.0
316.09 757.91
315.8 79.6
315.33 785.33
320.5 650.0
321.33 389.67
325.5 541.5
331.0 96.71
330.5 279.0
334.29 707.0
337.0 18.0
345.0 43.29
344.0 378.0
349.5 692.5
351.25 444.0
352.29 1075.0
364.33 502.67
371.5 220.29
372.0 357.0
371.5 506.0
372.67 399.67
378.18 592.18
378.6 377.2
382.75 93.0
385.4 622.2
390.5 201.71
393.5 672.5
396.71 278.0
398.29 700.5
402.5 689.0
404.5 375.0
407.8 475.4
412.72 364.07
410.0 337.5
415.72 648.89
414.4 972.2
415.5 580.0
422.88 361.88
422.71 916.0
439.0 341.5
441.5 25.0
441.8 512.5
451.5 242.5
454.0 378.29
457.5 360.17
456.0 372.5
459.45 276.86
457.5 1046.0
461.33 711.33
462.5 989.5
464.5 189.0
469.0 288.5
478.67 398.67
478.6 743.2
481.0 948.75
481.0 590.5
487.0 173.29
495.0 593.0
496.8 1059.5
499.0 47.5
498.5 1011.0
500.95 121.1
505.22 273.06
504.33 297.67
509.5 860.0
512.0 590.25
516.0 970.71
518.4 228.93
519.5 372.5
523.67 440.33
525.71 730.0
531.0 352.5
534.23 641.69
537.5 13.5
545.35 255.56
547.5 609.5
552.12 640.12
553.5 462.5
555.8 1066.4
559.67 1071.33
563.67 1051.33
566.5 586.5
573.12 487.88
577.5 466.5
581.5 471.0
587.68 925.32
586.18 943.82
603.0 252.0
605.17 690.67
606.88 331.31
608.13 673.53
617.8 1047.0
625.88 439.12
626.0 644.5
628.0 558.29
633.5 395.0
637.4 500.04
639.0 226.5
640.88 677.12
643.5 768.5
645.88 461.12
647.2 661.0
647.5 277.5
650.4 200.8
652.0 330.25
656.5 425.5
660.88 41.88
660.4 332.8
660.33 1010.33
675.0 610.5
678.0 645.25
683.67 407.67
684.62 474.62
685.5 495.67
684.0 879.5
685.0 1064.5
688.88 178.12
688.6 566.8
701.0 341.5
707.5 719.0
713.59 1048.5
712.0 690.25
714.71 322.0
713.5 754.0
720.0 579.5
720.71 498.0
726.25 138.0
726.5 1009.5
736.0 534.76
735.71 263.0
737.5 794.5
740.33 264.33
744.5 610.5
749.5 605.5
750.0 853.5
760.31 6.21
770.88 871.58
769.0 937.5
773.67 612.67
774.0 462.0
776.0 685.5
782.0 789.0
784.5 26.0
787.5 724.5
789.0 472.5
804.0 330.5
807.0 137.29
807.5 525.5
809.5 575.71
809.5 1062.5
813.33 984.33
814.67 6.33
815.8 466.4
822.0 708.5
822.67 245.33
823.5 81.0
824.0 777.5
827.5 956.5
830.33 791.33
838.67 646.33
839.67 390.33
853.0 341.5
853.71 754.0
856.38 337.62
856.0 613.29
857.88 912.88
860.0 91.5
860.71 591.0
864.8 440.4
865.0 770.5
868.2 276.4
870.25 520.0
881.19 835.07
880.88 427.12
881.4 138.2
881.33 302.67
882.67 335.75
881.5 630.5
885.37 607.0
893.74 346.62
891.5 919.5
904.5 620.0
919.88 260.88
924.0 366.71
927.5 667.5
930.5 872.5
939.25 853.75
941.5 83.0
942.88 842.88
944.0 378.5
948.0 593.75
952.0 418.5
954.5 656.5
958.0 476.0
972.29 947.29
983.5 747.5
984.0 588.5
985.0 113.5
985.4 692.2
992.0 458.71
992.29 929.5
1000.12 611.88
1000.89 145.33
1002.0 440.0
1003.67 499.67
1011.33 227.67
1013.0 994.5
1015.0 860.5
1019.0 206.5
1028.0 1039.29
1032.28 300.1
1032.5 407.0
1036.5 805.5
1038.0 78.0
1037.83 964.17
1046.0 459.5
1048.5 561.5
1050.5 129.0
1062.5 879.0
1064.84 221.05
1068.75 1062.0
1069.33 150.33
1088.0 231.8
1104.5 661.5
1110.44 676.85
1108.12 897.12
1109.5 69.0
1109.75 329.0
1109.83 698.83
1114.09 130.09
1113.6 1031.2
1128.6 276.2
1129.7 407.1
1136.0 469.5
1144.33 839.25
1143.5 898.0
1156.0 725.3
1156.0 214.0
1160.5 155.5
1159.33 996.67
1162.67 681.33
1164.5 402.0
1164.67 505.33
1171.5 344.5
1180.2 128.0
1183.5 341.5
1190.33 730.33
1201.0 626.25
1207.67 335.33
1221.5 200.0
1222.6 186.8
1223.0 1037.29
1227.0 332.5
1227.5 406.5
1232.0 766.0
1233.38 200.62
1235.88 482.12
1236.5 302.0
1244.6 955.4
1244.5 1005.0
1247.5 925.0
1249.45 636.64
1250.0 1071.5
1251.5 12.5
1262.25 544.75
1264.5 348.5
1266.12 745.88
1271.0 93.5
1277.5 1034.0
1296.59 790.74
1294.67 1046.33
1295.25 687.0
1295.25 819.0
1303.29 235.0
1302.5 510.5
1303.5 557.29
1305.0 75.5
1308.5 412.0
1310.2 670.0
1313.0 318.0
1320.4 262.2
1324.0 360.5
1325.88 217.88
1330.0 218.29
1331.0 731.0
1333.5 114.0
1336.63 547.21
1345.33 827.67
1349.67 819.67
1352.29 789.71
1352.28 1040.41
1351.5 129.0
1364.5 428.0
1364.5 692.0
1366.33 719.33
1374.78 531.47
1371.0 972.0
1371.5 237.5
1374.65 288.0
1378.67 772.67
1381.5 356.5
1385.34 991.9
1381.33 1015.33
1383.0 844.5
1385.5 29.5
1395.45 38.36
1394.0 861.5
1398.37 472.63
1402.5 733.0
1402.5 767.5
1409.0 383.0
1415.0 442.29
1416.0 560.5
1420.17 905.17
1420.0 876.5
1428.0 892.0
1433.0 453.75
1436.0 367.76
1453.41 196.0
1450.33 399.67
1461.4 53.2
1462.12 457.88
1462.0 774.5
1470.8 217.6
1481.5 311.5
1481.8 652.6
1506.5 514.5
1511.33 541.33
1516.5 75.5
1519.0 545.0
1522.62 495.38
1522.0 681.5
1524.0 249.0
1525.25 91.0
1528.67 169.33
1532.5 366.0
1544.5 535.8
1549.5 689.0
1557.5 1006.5
1563.5 809.0
1584.0 439.5
1586.5 1.29
1595.93 198.47
1599.0 239.5
1600.0 987.5
1611.0 545.25
1618.33 467.1
1614.0 724.0
1620.67 656.33
1629.88 477.12
1629.0 767.5
1630.0 238.5
1632.0 655.5
1639.5 1064.29
1642.8 33.6
1650.62 392.38
1650.0 139.5
1651.67 1001.67
1659.85 373.62
1665.33 652.67
1674.0 575.5
1676.62 696.38
1682.0 236.0
1681.5 739.5
1704.67 703.11
1707.67 656.33
1713.5 557.5
1716.9 765.95
1720.5 770.0
1724.0 815.0
1741.4 1054.04
1742.0 897.8
1761.5 48.5
1766.0 617.5
1769.0 27.5
1787.6 105.8
1791.0 105.0
1808.09 455.64
1812.0 207.0
1812.5 200.5
1814.0 580.5
1825.37 601.0
1822.2 675.0
1823.5 966.5
1835.5 385.0
1839.0 70.5
1842.5 696.0
1846.4 752.2
1846.33 873.67
1847.33 174.33
1847.5 1063.5
1849.0 867.71
1856.0 133.0
1857.0 107.0
1858.0 373.5
1858.12 932.88
1860.5 272.5
1864.0 340.5
1876.8 745.4
1879.5 5.5
1886.5 1045.0
1890.5 815.5
1898.5 511.5
1913.5 1063.0
!