1.22 69.13
0.25 891.0
0.89 1035.17
2.42 264.75
1.25 467.0
2.67 623.33
4.5 663.2
6.0 236.5
8.39 497.06
8.29 469.0
9.0 94.75
10.5 195.0
11.4 501.4
11.5 590.0
11.0 197.5
12.0 441.0
13.0 554.0
14.5 229.0
16.18 268.82
15.71 408.0
16.2 534.4
17.5 1058.5
20.5 696.5
24.0 659.0
24.5 72.5
31.59 506.92
28.75 695.0
31.0 167.75
32.89 7.67
33.5 208.5
34.5 580.5
36.0 144.0
35.88 777.12
36.5 107.5
39.0 543.5
41.0 867.5
41.5 503.5
41.0 1018.5
47.35 344.42
47.11 437.95
43.5 372.5
43.5 872.5
46.0 621.25
46.25 258.0
47.0 390.0
49.0 13.0
52.5 262.5
52.67 617.67
52.88 997.12
56.21 367.0
60.5 27.5
60.5 535.0
62.68 705.68
61.4 168.2
61.4 423.2
65.33 350.22
68.05 373.96
64.83 191.17
67.0 325.0
66.5 757.5
69.5 612.0
73.5 976.0
73.67 168.67
77.75 268.58
77.87 507.27
74.91 608.64
75.0 357.0
75.5 450.0
75.25 983.0
78.5 537.5
79.0 369.5
82.0 238.0
84.5 303.0
86.5 928.0
88.12 596.88
89.0 225.25
90.0 662.0
95.43 360.14
94.67 646.33
96.8 548.6
104.58 1047.49
97.67 765.33
99.0 854.5
98.6 418.2
101.4 95.8
104.0 268.75
104.67 790.33
106.0 111.5
106.0 358.5
110.5 426.5
116.84 674.28
113.28 739.89
112.29 996.0
112.67 1058.67
114.72 540.89
116.33 766.89
116.5 297.5
117.5 758.29
121.29 470.0
121.5 650.5
121.8 1018.0
122.0 32.0
122.12 144.12
125.0 451.5
125.88 665.88
125.5 872.5
127.2 141.0
127.5 241.5
130.71 239.0
132.0 203.29
132.83 263.17
133.73 807.82
134.0 515.71
133.33 752.67
134.67 1064.67
136.38 801.38
136.5 649.0
137.5 752.0
139.0 222.0
138.6 388.2
139.0 699.5
139.5 786.5
143.75 662.0
148.29 1069.14
149.67 515.33
151.0 552.75
155.5 1050.5
157.0 375.25
159.5 495.8
159.5 520.5
165.44 140.56
159.5 1002.5
161.5 745.0
161.0 1075.5
164.0 313.0
164.5 577.0
165.5 348.0
168.5 342.0
168.5 636.5
170.0 27.0
172.83 417.0
173.5 725.2
172.5 441.0
173.6 616.2
177.0 74.75
178.12 1009.12
178.33 1039.17
182.0 890.0
183.0 170.0
182.67 582.67
188.91 423.91
187.5 998.5
188.75 663.0
193.5 514.0
196.0 598.0
201.5 511.5
202.5 134.0
202.5 737.5
202.5 882.5
204.0 784.5
206.33 750.33
206.25 878.0
208.5 729.5
207.67 1055.33
208.5 1039.0
209.0 18.5
211.0 303.75
216.08 866.5
220.88 1073.88
222.67 1034.33
231.5 319.5
231.88 694.88
231.0 716.5
235.0 810.0
238.33 333.67
240.5 187.5
240.5 511.5
241.0 811.0
242.0 498.0
241.83 954.83
244.0 590.5
245.62 638.38
247.25 542.67
246.0 922.5
248.5 1011.5
257.09 594.91
256.92 1028.46
255.0 742.5
257.2 735.4
257.88 709.88
261.19 1010.81
262.0 365.0
263.13 815.47
264.5 491.8
264.0 1031.5
268.05 1036.38
265.5 2.5
267.72 14.89
266.5 1025.5
267.5 51.5
270.5 51.5
272.0 146.0
270.33 518.67
271.71 48.0
272.5 612.5
273.2 780.4
274.09 1017.09
273.67 1030.67
274.5 1039.0
275.5 753.5
275.5 960.0
279.0 674.5
278.67 965.33
280.17 786.83
281.4 211.2
281.4 1072.2
286.5 963.5
286.5 1043.0
288.67 1013.67
290.5 257.0
290.6 664.0
290.5 947.5
294.0 636.0
299.37 586.79
301.28 501.07
299.0 522.0
299.0 775.29
299.5 572.5
300.8 979.5
300.5 1034.0
302.5 926.5
304.5 371.4
305.0 918.5
307.71 878.5
309.14 988.32
310.2 753.0
312.0 1074.0
314.0 233.5
314.33 274.33
315.17 288.33
316.0 129.5
319.29 167.46
316.5 264.0
317.33 959.67
319.31 896.06
319.33 519.33
322.83 276.0
323.0 670.5
328.36 193.0
328.83 927.17
329.0 1027.5
333.5 819.0
334.2 250.4
335.9 276.7
339.0 481.5
340.5 290.0
340.5 436.0
347.5 344.5
348.12 507.12
347.5 1034.5
352.94 267.51
349.0 564.5
355.18 344.59
354.0 776.5
355.0 206.5
358.92 540.35
359.2 612.6
359.5 39.5
359.25 621.0
362.5 485.0
363.8 549.5
364.0 433.0
366.5 191.5
368.6 802.2
370.0 103.0
371.2 560.4
373.2 838.6
377.0 36.34
375.0 453.0
376.0 980.0
381.5 423.0
381.5 902.5
385.0 391.0
387.0 448.5
390.81 98.23
393.1 368.72
391.5 414.5
391.5 639.0
392.0 709.71
393.2 393.6
395.8 838.0
395.5 47.5
395.0 952.5
396.5 439.0
397.5 216.5
402.89 548.28
403.8 85.0
405.5 481.5
417.0 623.5
416.0 687.5
419.2 738.5
419.0 632.5
421.5 721.5
426.0 420.0
427.0 850.0
426.0 906.5
429.88 600.88
430.4 666.8
435.33 38.33
435.67 991.33
438.5 610.0
441.0 703.75
440.5 791.5
448.33 168.67
449.33 95.33
450.88 819.88
454.69 387.22
452.36 426.91
451.0 851.5
455.88 507.59
456.89 519.33
458.15 193.54
458.75 426.0
464.0 20.8
467.0 208.29
467.12 401.88
466.25 439.0
467.67 255.33
470.0 57.5
473.12 716.12
476.5 100.5
477.5 359.5
476.5 535.0
476.5 686.5
477.67 388.67
477.5 425.0
477.67 874.33
479.5 31.5
481.18 24.82
481.29 836.0
484.0 425.25
483.67 849.33
484.8 781.5
489.0 523.0
490.0 1026.71
492.8 97.0
492.5 7.5
493.0 967.0
493.29 1009.0
497.1 469.72
494.0 721.5
496.8 356.4
506.25 333.0
512.71 766.0
516.0 599.5
522.0 954.71
524.2 444.6
527.0 82.5
527.0 692.5
529.5 164.5
530.8 732.08
528.5 785.0
530.5 81.5
530.4 1071.8
532.71 525.0
534.2 169.6
535.5 257.5
539.72 221.07
537.0 966.5
540.33 305.25
541.5 421.29
542.0 913.75
543.0 125.5
546.8 879.0
546.33 224.67
546.0 722.5
549.67 353.67
551.71 756.0
557.38 674.62
559.5 292.5
561.33 639.67
563.2 1052.0
563.5 251.5
564.5 706.5
564.91 847.09
564.67 670.33
572.77 415.46
569.6 690.8
574.0 13.5
575.5 832.5
575.4 274.8
576.0 312.29
575.33 858.67
576.5 337.5
580.5 226.5
582.2 587.5
582.5 230.0
583.5 244.5
584.0 626.5
585.0 221.5
588.2 729.4
589.0 521.5
591.33 760.33
599.0 561.0
601.67 443.2
601.5 924.0
601.5 938.0
603.67 51.33
606.5 52.0
608.0 921.5
608.0 946.5
608.5 704.0
611.0 578.5
620.2 38.57
615.0 70.5
617.89 497.28
617.5 671.5
619.67 486.89
623.0 259.81
623.5 131.5
623.5 494.0
625.88 50.88
626.8 398.6
629.0 102.5
630.5 609.2
631.2 841.0
633.0 650.71
644.35 285.35
644.5 754.5
646.5 310.0
647.93 606.8
653.67 506.33
656.4 881.6
660.71 348.0
663.67 243.67
667.2 285.4
667.29 511.0
670.33 240.33
670.8 541.4
671.8 83.6
675.0 385.71
681.94 961.76
677.0 514.5
680.4 136.8
681.8 383.6
682.88 57.12
682.5 485.0
685.5 789.0
692.12 295.88
692.5 275.5
695.0 4.5
696.0 923.5
702.24 513.45
698.29 631.0
699.0 264.5
704.0 389.5
705.0 528.0
706.0 817.5
709.71 480.5
711.5 346.5
712.5 156.5
713.0 947.5
716.33 672.67
719.5 1015.0
720.4 736.8
720.33 878.67
723.04 454.39
722.5 71.0
726.19 375.86
724.4 867.2
735.0 641.5
737.38 932.62
738.5 9.0
749.14 271.81
750.71 495.0
751.5 912.5
754.0 736.5
755.0 161.5
756.75 792.25
757.29 928.0
762.46 697.92
762.5 145.0
763.5 804.0
766.0 490.5
768.12 160.88
767.5 1015.0
782.0 491.27
769.71 943.0
773.88 831.88
774.0 101.5
779.29 944.5
780.0 1.5
782.21 466.0
781.5 840.0
784.0 752.21
784.0 832.0
785.0 900.5
786.5 640.0
792.0 419.0
795.71 314.0
796.0 269.5
797.0 296.0
796.88 521.88
796.4 885.8
799.89 955.67
800.4 488.2
802.5 279.0
804.12 670.17
804.8 458.6
807.5 776.8
808.2 260.4
810.0 43.75
811.91 861.91
812.5 669.0
812.83 374.17
822.2 858.0
824.25 1036.33
824.0 426.5
825.0 1016.5
825.25 534.0
827.0 490.0
828.0 530.29
828.29 848.0
829.0 571.5
832.5 551.0
833.67 1028.25
836.5 699.0
839.5 715.0
840.33 581.33
840.0 962.0
842.0 911.5
846.33 10.33
853.0 1033.71
855.71 436.0
857.18 806.18
861.4 103.8
863.5 1043.5
867.0 122.0
868.0 693.0
875.0 302.5
881.0 840.25
881.5 49.0
883.67 75.75
884.67 331.75
887.14 596.5
886.0 916.0
887.5 421.5
891.5 94.0
892.5 786.5
895.5 916.5
898.09 111.64
900.0 166.5
902.5 570.0
905.8 314.4
905.0 816.5
906.5 147.0
907.5 54.5
919.0 948.0
919.56 109.89
920.4 116.2
920.88 276.88
922.0 568.0
924.88 657.12
926.5 928.0
928.75 406.0
928.0 566.5
935.0 542.5
939.0 527.29
941.0 1006.5
945.0 754.5
946.5 846.5
949.67 52.67
951.8 1.5
953.08 411.5
952.0 865.71
952.8 594.4
955.8 748.6
956.8 57.6
958.8 1053.6
967.0 412.0
969.0 481.5
971.7 58.9
979.5 519.5
986.88 57.88
987.2 672.6
992.18 994.0
989.0 837.5
990.5 1062.5
991.0 822.5
997.76 481.24
995.88 843.12
995.5 1005.0
997.5 400.5
998.5 932.5
999.0 147.0
1001.5 334.0
1004.82 370.18
1006.0 1040.8
1007.5 214.5
1010.28 702.89
1011.5 669.0
1015.88 252.12
1015.5 945.0
1016.88 453.12
1019.36 4.55
1021.0 122.0
1021.0 531.5
1021.8 876.4
1028.68 655.01
1028.0 456.24
1027.89 601.33
1030.0 488.29
1036.8 303.6
1037.0 404.0
1042.0 904.25
1042.5 534.0
1050.5 102.0
1050.62 567.38
1050.5 27.5
1057.15 406.21
1052.5 92.5
1053.5 172.5
1054.4 300.8
1058.5 511.8
1059.5 627.5
1060.88 988.12
1064.0 693.5
1068.0 633.75
1071.4 140.8
1073.5 187.5
1072.5 99.0
1078.17 207.83
1080.0 772.5
1084.0 671.5
1089.0 173.5
1090.0 347.5
1091.5 795.5
1093.5 575.0
1096.0 235.25
1096.0 803.5
1099.18 151.18
1100.5 514.0
1104.17 1057.0
1109.23 971.44
1107.62 906.38
1108.0 122.5
1108.75 1019.0
1110.17 270.83
1110.8 600.4
1115.0 723.5
1116.5 581.5
1117.12 793.12
1119.0 37.5
1120.47 1043.87
1121.5 531.5
1125.4 926.2
1126.33 856.33
1128.0 389.8
1134.7 965.3
1135.0 707.0
1136.8 941.4
1137.5 1065.5
1139.67 246.33
1144.0 600.5
1145.5 167.5
1147.5 221.5
1149.29 489.0
1149.0 259.5
1150.33 275.33
1153.2 712.6
1155.17 873.83
1157.6 13.2
1158.5 228.29
1163.0 309.0
1162.5 441.5
1164.33 982.67
1166.5 909.0
1167.5 1070.0
1168.5 999.0
1172.15 801.15
1169.0 1057.5
1171.33 331.33
1176.2 784.4
1182.5 249.0
1186.33 314.67
1187.5 555.0
1188.67 238.67
1189.5 1006.5
1191.0 368.75
1195.88 897.12
1195.0 916.5
1202.12 163.41
1200.5 400.0
1200.5 956.0
1202.5 1026.0
1209.27 221.16
1207.5 578.5
1207.67 702.33
1209.0 537.5
1215.62 669.38
1217.0 498.75
1220.0 536.5
1222.5 481.5
1225.0 108.5
1226.0 49.5
1231.0 579.5
1232.5 1053.5
1238.0 175.25
1239.5 533.0
1241.5 434.5
1247.21 1037.16
1246.0 115.29
1248.29 846.0
1250.0 339.5
1252.56 448.78
1259.0 593.29
1261.0 1009.0
1268.6 86.4
1271.5 451.5
1274.5 403.5
1277.67 56.33
1280.4 651.2
1285.8 867.6
1286.0 252.5
1291.5 484.5
1290.4 508.2
1293.2 229.6
1294.0 205.5
1298.0 97.5
1299.33 525.33
1301.5 358.0
1305.5 479.0
1311.0 57.0
1311.0 289.0
1311.0 351.5
1316.53 753.06
1320.8 457.6
1320.0 739.5
1322.5 1065.0
1324.5 720.0
1325.8 630.4
1329.5 178.0
1336.0 64.0
1338.5 561.0
1338.75 656.0
1343.33 337.67
1344.0 842.5
1349.38 605.62
1351.17 1065.83
1351.8 690.4
1357.0 798.5
1359.0 309.5
1360.0 787.0
1364.12 793.12
1364.0 1036.5
1366.5 337.5
1371.5 1058.5
1371.33 498.67
1372.87 819.53
1372.5 354.5
1381.5 971.5
1387.5 715.5
1389.29 911.0
1395.11 372.61
1395.0 763.5
1397.0 604.0
1396.33 930.33
1399.5 839.0
1401.5 110.5
1401.5 411.0
1409.0 371.0
1409.5 381.5
1413.5 860.0
1415.79 355.09
1417.0 137.5
1417.0 1028.0
1417.5 621.5
1420.71 867.5
1422.5 893.17
1421.5 686.5
1424.0 552.5
1430.5 137.5
1432.67 738.89
1432.96 1017.6
1436.5 747.5
1438.73 1058.5
1439.0 375.25
1439.0 431.5
1440.5 359.0
1447.5 284.0
1455.0 632.0
1456.5 184.0
1459.0 582.5
1457.88 862.88
1463.5 605.0
1464.0 728.5
1466.0 867.29
1467.5 147.5
1474.91 1055.09
1473.67 1069.5
1475.64 498.09
1476.5 31.5
1482.0 832.0
1495.33 723.67
1498.6 650.8
1499.2 918.6
1500.0 10.5
1504.0 82.5
1511.5 1000.5
1520.8 411.4
1523.5 552.5
1525.0 88.5
1525.8 538.5
1527.0 262.71
1528.67 337.67
1539.5 430.5
1545.8 389.6
1547.5 680.0
1550.59 1066.72
1549.0 282.5
1555.45 690.85
1551.33 208.67
1556.15 455.62
1566.0 1006.0
1568.0 520.2
1576.29 350.43
1585.0 816.5
1587.33 807.89
1587.5 1050.5
1589.12 130.88
1589.0 897.5
1595.33 929.5
1593.6 298.2
1597.5 330.5
1599.0 367.29
1599.0 250.5
1601.5 52.7
1606.0 303.5
1607.5 750.0
1611.33 13.67
1615.0 166.5
1628.67 43.67
1631.5 210.0
1632.5 68.5
1633.0 235.25
1634.12 1058.12
1636.4 877.2
1644.17 619.17
1646.43 1048.33
1644.0 981.5
1653.54 1069.31
1651.5 718.5
1661.0 34.0
1667.5 0.8
1667.5 790.5
1669.0 976.5
1673.2 683.6
1674.5 445.5
1674.5 944.0
1681.8 215.4
1686.36 46.45
1682.5 1056.5
1689.33 503.67
1696.88 625.18
1701.0 940.25
1707.67 652.67
1711.5 534.0
1715.33 54.75
1715.0 1042.0
1718.18 297.94
1719.5 250.0
1720.0 1048.5
1729.0 219.5
1729.6 324.4
1733.0 668.5
1739.61 567.9
1746.24 875.24
1747.5 428.5
1749.0 782.5
1753.67 578.67
1754.0 844.29
1754.5 146.5
1757.6 137.2
1757.5 317.5
1773.0 228.5
1781.67 62.67
1783.12 37.88
1783.6 375.8
1787.62 196.38
1788.2 745.4
1796.36 83.09
1800.0 670.25
1800.33 737.67
1804.0 1057.0
1808.0 250.0
1808.2 860.4
1819.0 593.5
1820.0 624.5
1822.5 530.0
1824.0 13.29
1825.0 288.0
1829.0 789.5
1830.0 613.0
1831.88 18.12
1837.46 218.91
1840.0 141.5
1841.71 508.0
1848.0 322.5
1849.0 883.5
1851.0 374.71
1851.5 618.2
1854.5 811.0
1855.0 444.5
1859.0 370.0
1860.5 564.0
1861.5 2.5
1864.0 65.5
1867.8 688.0
1866.5 947.5
1869.0 398.5
1871.0 981.0
1873.29 780.86
1883.0 896.5
1891.0 730.25
1893.0 244.29
1895.29 462.0
1896.5 802.5
1897.5 865.0
1898.89 327.33
1899.29 792.5
1900.0 436.5
1903.0 1030.5
1906.17 535.17
1908.29 1008.0
1915.16 141.39
1913.0 546.5
1915.4 676.8
!