4.28 876.98
5.33 857.67
19.0 467.5
24.5 537.5
27.5 10.0
31.5 191.0
32.15 396.54
32.88 897.88
34.0 889.29
37.5 4.5
38.6 1013.2
51.33 718.56
51.0 434.0
52.5 134.5
52.5 618.5
54.0 1026.71
61.5 816.0
67.85 1052.46
63.0 385.5
69.79 406.5
81.5 36.0
85.0 768.0
89.5 974.5
88.67 989.67
102.67 887.33
105.5 79.0
106.0 789.5
107.5 209.0
110.0 596.71
117.5 450.5
118.12 744.12
129.17 241.61
127.85 523.54
128.7 19.7
130.5 97.5
146.5 453.5
155.33 28.67
156.5 167.5
157.2 444.6
157.67 347.67
157.5 592.0
159.0 987.5
174.0 599.29
184.33 666.75
189.0 831.5
199.0 698.76
202.85 338.54
204.0 542.5
207.5 381.0
214.0 480.0
214.0 846.0
217.5 887.5
219.6 832.8
226.0 315.8
226.0 701.25
234.5 1005.0
235.5 1074.0
237.5 51.0
249.5 365.29
253.12 747.12
254.0 413.5
260.0 242.0
261.5 220.0
263.0 776.5
263.88 150.12
270.0 162.5
270.4 546.8
273.67 246.33
275.0 500.25
275.0 742.5
277.0 285.0
276.5 1004.0
284.82 45.76
286.36 878.09
286.5 188.5
291.5 263.5
293.67 8.67
297.5 1044.5
298.6 450.8
300.79 435.37
301.0 155.0
305.6 148.83
305.0 13.75
305.0 126.0
306.71 844.0
307.5 605.0
309.17 1032.17
311.88 190.88
320.12 326.59
321.0 864.5
322.29 971.0
325.5 350.0
328.5 630.0
331.5 124.5
335.0 112.5
337.67 1056.33
345.5 95.5
357.94 826.26
361.0 37.5
376.5 577.5
377.0 931.71
379.12 921.59
388.5 898.5
412.5 780.5
420.0 70.0
419.5 757.0
422.5 604.0
424.83 281.17
431.5 639.0
434.22 855.31
433.67 179.67
439.5 173.5
441.29 1059.5
444.0 368.75
444.88 1.88
446.5 1053.5
459.0 365.0
460.5 274.0
461.0 333.0
465.93 84.12
470.5 19.0
468.0 428.5
472.0 515.0
472.67 755.33
474.0 1.5
475.12 751.88
485.88 396.12
492.5 862.5
494.0 237.5
497.0 794.0
500.5 665.0
500.33 734.33
505.0 997.5
508.67 452.67
510.78 837.67
515.62 498.62
526.8 996.0
527.0 227.5
527.4 555.07
530.88 1065.88
534.25 161.0
537.0 264.0
537.0 838.5
536.5 920.0
541.17 716.83
541.5 440.5
543.62 773.77
544.0 822.5
555.0 841.5
558.5 477.5
566.77 532.1
564.83 600.17
565.33 848.67
569.25 1073.47
568.5 54.0
570.58 156.25
572.2 264.0
579.67 709.11
579.0 769.5
580.0 82.5
581.69 370.92
581.5 694.0
583.5 172.0
589.66 324.77
586.33 826.33
593.7 173.4
596.0 624.25
595.33 905.33
601.38 1024.62
611.62 655.62
621.5 107.5
621.5 599.5
624.5 92.71
627.12 9.12
628.5 1069.0
630.5 675.0
631.33 819.33
636.88 967.12
644.89 101.0
642.7 260.35
639.0 177.0
640.5 516.5
642.12 202.12
643.5 460.0
647.0 112.0
646.5 688.0
652.5 905.0
660.0 535.25
664.0 707.5
670.8 837.6
673.52 331.89
680.33 673.67
682.5 385.5
683.0 1032.5
684.67 15.33
688.67 143.67
689.6 808.2
693.2 555.4
700.0 510.5
701.5 297.5
701.0 444.5
702.0 841.71
708.0 79.5
712.5 997.5
713.67 918.67
714.0 257.0
718.5 667.0
721.5 613.0
723.5 461.0
727.2 177.6
727.15 868.54
729.2 568.6
732.5 230.0
735.4 682.2
742.5 639.0
749.0 472.71
753.5 686.5
754.2 743.6
757.81 49.81
758.67 76.33
767.5 1031.0
769.0 902.0
775.5 558.0
785.09 610.91
785.0 876.5
787.0 907.5
788.5 470.5
791.5 542.5
795.5 325.0
798.53 462.13
799.5 823.0
814.0 314.5
817.2 449.6
823.0 710.0
829.0 854.5
829.0 920.5
831.38 797.38
837.29 543.5
835.8 623.6
839.5 981.5
842.8 118.6
850.4 77.73
856.5 649.0
857.0 897.0
867.41 960.12
878.12 1056.88
882.5 813.5
886.5 901.5
890.33 517.25
893.67 390.33
896.0 418.34
893.0 819.5
899.0 289.5
902.67 807.67
904.0 908.75
907.0 886.5
909.0 386.29
920.11 354.89
921.88 494.12
923.83 73.33
924.5 230.0
927.5 267.0
931.0 455.71
931.0 592.5
933.0 1074.75
938.12 593.12
939.5 70.0
942.88 878.12
950.0 342.5
950.0 381.5
950.5 599.0
957.0 862.0
959.5 691.29
959.4 101.2
964.67 398.67
964.0 718.5
967.67 102.67
969.62 86.38
972.0 910.29
974.0 616.5
982.5 1018.0
983.0 601.5
986.0 163.29
987.67 371.33
987.75 435.5
990.0 337.5
995.0 862.5
1003.29 696.0
1005.71 381.0
1005.5 440.0
1012.67 263.67
1024.29 860.5
1027.0 941.0
1030.0 1067.0
1033.0 211.5
1035.0 27.5
1037.0 869.5
1040.8 246.4
1044.5 717.64
1041.33 817.67
1047.2 278.6
1055.5 65.0
1060.88 971.88
1062.25 994.33
1063.2 3.0
1067.2 313.6
1067.95 887.25
1075.33 265.33
1078.29 348.0
1077.5 439.0
1077.5 697.5
1088.67 582.67
1101.5 49.0
1110.5 679.0
1110.33 875.33
1112.5 17.5
1115.08 309.37
1114.0 69.0
1113.5 249.5
1114.0 501.0
1115.5 827.5
1116.8 676.5
1117.5 134.5
1118.17 456.17
1119.0 861.5
1120.5 187.0
1125.0 837.5
1133.5 176.5
1133.67 520.33
1137.0 305.71
1142.5 87.5
1142.67 420.33
1143.2 542.6
1145.17 15.83
1144.5 146.5
1147.67 86.33
1149.12 855.31
1157.5 646.5
1158.0 941.5
1159.0 161.5
1164.0 276.5
1164.67 942.67
1167.6 947.8
1172.67 343.67
1178.2 46.4
1185.04 771.64
1180.25 888.0
1182.89 363.72
1181.88 894.12
1190.16 793.16
1189.5 1022.0
1190.0 726.5
1192.0 638.0
1191.5 1016.5
1200.5 161.5
1207.94 500.19
1204.0 881.5
1205.5 245.0
1211.5 149.0
1211.5 333.5
1212.6 216.8
1213.0 76.5
1215.4 1072.8
1220.25 38.0
1222.67 739.67
1227.5 131.0
1228.82 249.18
1232.85 1038.15
1233.12 665.88
1235.5 25.0
1235.0 71.5
1243.2 676.4
1250.5 832.5
1251.5 284.0
1254.25 586.25
1255.0 622.0
1257.6 814.2
1262.5 842.5
1263.6 236.8
1265.5 1038.29
1272.28 592.59
1273.91 270.09
1290.0 5.0
1294.2 921.0
1299.71 908.0
1300.88 852.88
1306.18 812.13
1307.2 248.6
1306.5 985.0
1308.0 701.5
1311.0 290.0
1309.33 746.67
1311.5 156.5
1317.5 845.71
1317.5 240.0
1322.0 848.0
1322.71 714.0
1325.09 87.91
1325.33 658.67
1335.5 684.0
1335.25 727.0
1337.5 676.5
1340.5 77.5
1340.0 962.5
1345.0 954.5
1348.11 11.42
1348.0 18.75
1355.0 477.69
1351.33 778.67
1357.0 859.5
1369.5 981.5
1372.5 820.0
1374.5 1067.5
1379.67 51.33
1386.81 141.08
1383.5 940.0
1389.5 872.0
1397.5 429.5
1398.12 843.12
1404.4 950.8
1407.5 850.5
1408.12 988.12
1410.5 526.5
1422.5 1056.5
1424.2 42.6
1425.91 603.09
1427.83 673.33
1434.0 52.0
1436.33 727.67
1441.5 978.5
1441.5 14.5
1445.71 678.0
1448.29 259.0
1447.5 330.5
1447.67 928.67
1451.5 596.5
1450.0 942.5
1450.88 1000.88
1457.12 913.12
1458.55 354.36
1459.17 451.17
1459.67 138.67
1466.5 565.5
1473.2 618.0
1475.0 621.5
1487.86 381.81
1487.0 871.5
1488.0 370.25
1488.71 182.0
1489.4 187.2
1490.0 902.5
1501.76 972.0
1505.0 536.5
1506.0 949.0
1507.0 790.5
1519.6 198.2
1529.0 479.83
1528.5 534.0
1528.5 690.0
1529.0 609.5
1534.33 611.33
1543.0 606.0
1544.4 811.8
1548.0 171.25
1548.5 24.0
1552.83 185.83
1554.33 418.33
1556.5 859.0
1560.4 309.2
1566.0 288.25
1569.67 878.67
1571.0 280.5
1574.2 932.0
1575.0 941.5
1578.0 421.29
1582.0 66.5
1584.33 999.67
1585.71 34.0
1586.25 77.0
1586.5 840.0
1588.21 934.5
1588.0 162.5
1591.5 214.0
1592.5 353.5
1594.29 490.0
1594.0 557.5
1596.33 482.67
1601.0 848.75
1601.0 930.8
1602.5 936.5
1614.5 137.5
1623.33 547.83
1626.18 139.18
1626.4 535.8
1630.0 844.0
1636.5 502.5
1638.0 456.25
1644.0 365.5
1647.5 766.5
1649.5 469.8
1651.88 245.88
1652.5 518.5
1652.79 771.0
1656.29 71.0
1658.67 597.67
1669.5 114.0
1672.6 535.4
1678.0 833.0
1678.6 517.8
1680.88 691.88
1684.33 174.67
1684.88 979.12
1692.72 904.41
1691.0 940.71
1697.5 1030.5
1704.61 44.61
1704.33 666.33
1704.5 990.5
1707.8 612.6
1713.6 516.2
1717.67 970.75
1720.07 1007.28
1724.48 303.11
1723.33 426.33
1731.5 115.0
1733.0 437.29
1737.5 909.0
1739.0 492.0
1742.2 384.6
1741.5 456.5
1744.5 70.0
1746.0 199.71
1745.0 797.5
1746.5 671.5
1749.5 785.0
1749.33 788.67
1757.5 890.5
1758.33 617.67
1759.0 267.5
1760.0 917.5
1761.33 961.75
1770.5 485.0
1775.17 804.17
1775.5 65.5
1775.88 716.88
1775.0 1071.5
1776.33 256.33
1782.2 218.0
1788.0 520.0
1788.5 875.0
1795.0 444.29
1796.33 279.67
1801.0 198.0
1804.0 907.5
1805.0 491.5
1810.67 562.88
1813.67 390.33
1817.0 784.8
1817.5 1027.5
1824.0 727.5
1824.8 1024.6
1826.12 488.12
1826.5 458.0
1836.38 171.38
1836.5 945.0
1838.5 7.0
1843.5 892.0
1847.72 234.34
1844.0 789.5
1848.67 209.5
1849.67 259.67
1854.28 557.89
1857.19 225.44
1855.71 551.0
1856.2 914.8
1861.0 196.29
1865.5 45.0
1865.33 829.67
1866.0 984.2
1867.29 397.0
1867.75 893.0
1873.5 277.71
1875.0 1002.5
1876.5 407.5
1883.29 997.0
1884.5 784.0
1885.0 677.0
1888.0 275.0
1888.0 810.5
1894.5 486.5
1899.0 417.5
1899.5 949.0
1903.5 1072.33
1901.29 791.5
1903.5 430.5
1904.5 149.0
1904.5 453.5
1909.0 820.0
1912.29 546.0
1912.5 371.5
1913.83 644.17
1914.33 325.33
1914.0 458.5
1917.72 97.86
1918.29 1038.0
!