0.25 511.0
4.51 328.08
12.5 880.0
19.0 256.5
21.5 561.5
23.5 751.5
31.0 642.29
32.5 429.0
34.5 1065.5
33.5 816.0
39.76 827.61
37.5 141.0
39.5 710.0
38.5 772.5
39.67 494.67
39.0 561.5
45.25 597.86
44.0 933.0
47.0 733.0
53.67 316.33
54.83 576.17
56.33 861.33
60.17 317.17
59.8 325.4
60.88 238.12
61.0 996.5
65.71 1059.0
68.67 414.33
70.35 819.0
69.0 240.5
75.5 862.5
79.33 624.33
83.36 325.91
87.5 731.0
98.0 125.09
100.5 22.5
103.27 629.18
104.0 647.83
112.5 318.5
113.67 559.33
118.11 733.5
114.4 852.8
124.33 840.33
127.5 629.0
134.83 320.17
134.8 1065.4
136.5 1031.0
143.83 783.6
144.5 319.5
153.6 256.8
156.5 366.0
157.2 670.4
159.5 930.0
159.0 937.5
161.5 1054.5
161.5 40.0
161.71 291.0
163.0 332.5
165.5 973.5
167.48 535.11
167.59 897.72
168.55 730.64
169.33 287.67
169.5 834.0
172.5 75.0
174.0 371.5
178.05 857.1
176.33 1045.33
181.0 955.0
182.22 970.5
180.0 1033.0
183.2 770.4
187.5 980.0
187.5 1010.0
194.5 404.5
197.0 170.5
198.0 724.25
198.5 1058.5
201.33 176.67
201.33 795.67
203.5 607.5
204.0 661.0
221.5 546.5
222.0 1066.71
223.5 293.5
225.0 1072.5
229.0 1039.5
230.5 807.5
244.0 477.5
245.5 869.0
250.0 459.5
251.5 557.5
255.11 394.28
253.6 411.2
258.15 677.85
257.5 805.0
261.45 985.45
263.67 761.25
272.0 176.5
271.5 789.5
276.5 780.5
284.71 233.61
286.62 330.62
286.6 412.6
285.8 903.6
304.16 385.84
307.6 755.8
309.5 604.0
313.5 394.5
316.5 78.0
320.4 296.8
320.0 563.5
324.5 859.0
333.38 100.62
335.0 1029.0
340.0 957.5
348.72 403.41
350.0 935.5
351.33 167.67
353.91 340.09
354.17 646.67
361.39 350.21
358.67 50.33
362.6 306.2
363.82 387.82
366.67 836.33
382.0 651.5
384.31 1043.69
394.0 265.0
392.5 863.0
393.83 278.33
394.0 1056.0
398.5 792.0
403.5 705.5
406.0 936.71
412.19 271.77
411.0 783.29
411.6 932.4
416.14 306.5
415.4 294.2
416.0 533.5
416.0 756.71
420.0 589.5
425.5 21.5
425.67 911.33
427.64 401.45
438.6 906.8
448.0 884.5
450.0 61.5
452.0 847.0
455.0 727.0
462.0 348.0
466.82 798.82
474.0 77.5
475.5 811.5
475.5 925.0
486.83 164.17
488.67 244.33
489.0 249.5
489.0 624.5
493.5 969.5
494.0 415.5
494.5 449.0
502.68 1001.32
501.5 879.5
506.5 630.5
512.83 67.83
515.0 337.5
522.5 155.0
523.6 774.2
524.0 232.5
531.25 888.25
530.0 47.0
532.0 206.0
536.62 379.55
532.8 650.4
534.0 352.0
536.0 790.71
537.75 221.0
538.67 575.33
544.0 254.5
545.4 271.8
545.0 617.0
551.33 273.67
555.5 243.0
566.33 56.33
567.5 989.0
575.38 279.1
579.5 1078.2
584.0 741.5
584.5 994.0
587.5 658.0
593.0 402.5
594.53 18.87
605.71 115.0
607.67 588.67
610.88 36.88
612.0 608.75
613.67 439.67
617.5 427.29
617.0 1008.0
619.0 590.0
624.31 245.87
622.67 467.67
638.15 955.46
638.5 278.0
644.33 655.89
644.5 855.5
651.5 384.5
657.0 380.25
658.0 175.0
659.29 322.0
659.5 386.5
661.5 75.5
664.5 939.0
668.29 109.71
666.5 130.5
666.4 198.2
666.5 204.5
676.15 428.54
676.62 537.38
677.2 293.6
682.5 760.91
681.5 154.0
683.2 498.6
686.33 547.25
687.67 780.33
688.0 109.5
689.17 319.83
689.0 747.5
703.5 830.0
717.6 773.8
717.75 1000.0
720.8 544.4
722.6 270.8
728.14 949.71
730.57 288.77
730.25 243.0
734.89 1024.72
734.0 757.5
741.2 516.0
748.6 282.2
752.29 233.5
754.0 300.5
757.5 722.5
759.0 320.0
760.29 260.0
761.5 1077.71
767.59 226.74
768.11 342.33
767.5 529.0
772.6 630.8
774.0 914.29
776.5 629.0
777.88 840.88
782.0 879.0
782.6 220.8
786.05 622.1
785.4 728.2
786.5 745.0
788.11 910.72
786.5 946.0
790.5 262.5
792.0 429.0
791.33 690.33
795.0 227.5
796.33 81.33
800.88 725.88
804.0 122.5
806.09 861.09
814.25 429.65
812.67 215.33
817.6 389.8
821.88 283.12
827.5 920.0
829.67 362.67
832.12 494.12
834.2 138.6
835.25 398.0
836.8 583.6
841.82 454.18
841.88 923.41
842.0 0.0
842.5 207.5
842.88 495.88
843.5 412.0
843.67 696.33
847.81 749.07
857.0 557.0
861.0 269.25
862.5 869.0
866.0 795.25
875.0 279.0
874.0 437.5
875.5 1009.0
879.5 106.0
878.5 333.5
882.0 626.5
888.0 698.5
890.0 253.5
892.67 81.33
893.12 372.88
892.5 503.5
898.5 778.0
905.0 120.5
908.5 948.0
913.56 464.9
911.5 175.0
913.2 770.4
915.24 916.24
920.5 679.5
920.5 440.0
922.5 1051.5
937.28 424.89
937.5 497.5
942.37 428.79
947.67 356.33
948.33 795.67
952.67 53.33
952.5 562.5
955.8 715.4
957.5 778.0
958.5 807.0
959.0 278.5
972.71 347.0
973.67 76.33
974.0 132.5
974.0 591.0
978.33 904.17
981.0 1018.29
983.0 713.29
984.0 312.5
986.0 540.0
990.58 882.25
992.67 1013.33
995.0 753.5
996.5 845.5
997.5 365.0
998.5 247.5
1000.62 962.38
1000.0 311.5
1004.67 353.25
1006.5 210.0
1006.5 326.5
1007.0 1055.0
1017.34 159.3
1013.88 325.88
1015.33 453.67
1017.67 841.33
1018.0 919.29
1021.22 422.31
1026.0 729.0
1028.67 955.33
1030.0 435.71
1034.5 129.5
1035.33 25.33
1037.5 894.0
1038.12 105.88
1044.5 876.0
1051.33 2.67
1053.67 283.67
1055.5 221.5
1070.0 48.0
1076.5 749.0
1089.5 800.0
1092.71 141.0
1098.67 341.33
1101.8 607.6
1108.4 132.6
1114.67 142.67
1114.33 868.67
1117.5 656.0
1124.0 457.0
1130.25 123.0
1130.5 710.5
1135.0 325.25
1138.67 210.33
1139.0 831.5
1140.0 499.5
1146.0 903.71
1146.5 672.5
1149.3 27.3
1153.0 494.0
1158.5 22.71
1158.67 159.33
1168.51 496.24
1166.4 386.2
1168.0 297.8
1168.71 998.0
1169.75 1014.0
1175.0 740.71
1176.0 625.25
1175.0 756.5
1176.33 420.33
1179.0 435.0
1183.52 771.77
1186.0 391.0
1189.0 955.71
1191.71 839.0
1192.5 590.0
1200.37 887.63
1194.8 340.4
1204.5 90.5
1205.5 171.5
1205.0 749.5
1206.29 898.5
1209.5 957.5
1211.5 944.5
1213.5 1077.5
1225.0 77.5
1226.33 743.67
1227.5 120.0
1230.0 615.71
1235.5 969.0
1237.75 544.25
1238.17 710.17
1246.88 991.59
1247.0 546.29
1248.12 846.12
1250.71 3.29
1255.42 907.84
1257.12 366.88
1264.5 419.0
1266.5 835.0
1269.55 1047.36
1272.5 210.0
1272.5 810.5
1277.17 207.0
1282.5 11.5
1285.18 641.82
1285.0 1062.2
1299.74 687.34
1300.0 792.0
1303.5 957.5
1303.67 312.67
1305.0 31.0
1307.5 932.29
1316.17 750.67
1316.5 142.0
1317.6 176.8
1323.75 309.0
1330.4 271.6
1331.88 399.12
1334.7 174.3
1340.5 400.5
1340.0 747.5
1343.62 395.15
1341.33 573.67
1350.0 367.5
1352.67 425.33
1356.3 596.1
1355.5 633.0
1358.75 13.42
1366.5 298.5
1370.88 692.41
1373.88 390.88
1373.5 514.0
1377.0 918.75
1378.36 270.91
1383.5 749.0
1390.67 1018.83
1392.67 653.67
1398.5 43.5
1411.5 784.5
1413.5 847.5
1415.0 464.5
1420.62 182.38
1422.67 50.33
1429.81 313.17
1424.5 719.0
1425.33 442.67
1427.5 489.0
1432.5 84.0
1433.0 831.5
1434.67 79.33
1442.5 559.5
1444.4 153.6
1447.6 411.32
1448.67 709.67
1449.75 978.0
1453.38 695.62
1452.5 945.0
1458.43 66.0
1461.5 723.5
1462.64 875.91
1463.0 173.29
1465.71 796.0
1467.5 632.5
1470.0 732.5
1473.83 95.17
1473.5 965.0
1476.8 477.6
1481.5 29.5
1481.0 1070.8
1481.5 360.0
1486.33 588.67
1487.67 521.33
1490.5 539.5
1491.71 1068.0
1495.0 613.75
1499.5 1012.0
1507.5 254.5
1509.0 1021.5
1514.5 481.29
1512.5 341.0
1516.5 383.5
1530.0 509.5
1530.33 675.33
1537.0 546.0
1538.6 530.8
1538.0 842.5
1540.0 749.5
1542.0 333.0
1552.24 438.64
1551.5 339.0
1551.5 507.0
1552.5 749.5
1560.0 925.0
1566.0 377.5
1569.67 497.67
1574.17 554.83
1577.5 388.0
1582.0 305.0
1583.25 388.67
1589.0 153.5
1590.33 388.67
1592.5 842.5
1599.79 943.5
1603.48 475.71
1604.62 800.38
1605.0 692.5
1607.5 1053.5
1609.67 823.11
1610.0 599.0
1614.36 653.09
1615.75 733.75
1615.5 154.5
1618.0 404.29
1620.4 877.2
1627.6 115.8
1629.5 690.0
1630.71 511.0
1642.5 802.5
1657.5 340.0
1658.12 655.88
1663.28 894.11
1663.29 38.0
1663.0 436.71
1664.0 1036.5
1666.0 127.5
1668.0 482.5
1670.0 552.5
1674.0 268.75
1674.33 137.67
1676.5 929.5
1678.83 953.33
1682.5 94.5
1682.5 725.0
1692.5 262.5
1692.5 359.5
1693.5 837.5
1696.28 473.11
1696.33 246.33
1703.29 170.0
1705.0 943.29
1705.33 236.33
1706.5 168.0
1706.4 1056.8
1710.5 785.5
1713.6 465.8
1714.88 10.88
1715.33 170.33
1717.8 1031.0
1719.33 770.33
1721.5 368.0
1736.5 978.71
1751.0 498.5
1751.8 562.6
1753.75 859.0
1758.75 804.75
1763.0 985.0
1762.5 532.0
1765.75 506.33
1766.0 911.5
1769.88 685.88
1772.0 887.29
1774.5 473.2
1772.6 871.8
1774.0 648.5
1783.2 1.5
1784.5 269.0
1784.83 1028.17
1787.5 270.0
1790.4 890.8
1794.67 344.33
1795.33 45.33
1798.0 151.25
1798.5 436.0
1799.83 560.17
1799.5 1045.0
1800.33 720.33
1802.5 818.0
1804.0 386.2
1805.09 1059.91
1806.5 135.0
1809.0 611.5
1814.5 194.0
1816.33 4.33
1817.5 557.5
1825.0 625.71
1828.0 315.64
1827.5 204.0
1831.0 597.8
1832.0 648.29
1833.29 229.0
1835.0 768.0
1838.5 978.5
1840.5 584.0
1842.0 447.5
1842.5 485.0
1842.5 689.0
1845.0 107.5
1846.5 400.0
1846.5 764.0
1847.67 590.67
1850.67 740.44
1851.4 957.2
1864.5 1053.0
1869.0 217.0
1878.84 342.84
1874.0 426.5
1877.67 239.67
1878.0 606.29
1878.75 11.0
1880.79 265.0
1882.5 839.0
1883.67 675.33
1893.0 566.0
1900.0 475.5
1908.33 844.67
1918.5 1015.0
!