1.27 935.0
1.0 832.5
6.17 347.83
7.6 272.2
10.38 857.38
11.5 618.0
13.88 511.59
16.5 322.5
17.62 594.62
18.5 403.5
21.57 872.23
20.0 226.5
22.19 854.19
23.8 203.07
23.24 376.76
23.68 1019.41
22.5 259.0
22.5 289.5
25.88 381.88
28.67 227.67
30.11 385.72
30.33 248.67
30.0 806.5
30.0 867.5
34.08 877.68
33.33 282.83
36.0 857.79
37.83 448.17
37.5 787.0
37.5 803.0
39.0 395.25
38.0 871.5
38.5 1079.0
39.5 456.5
40.5 716.71
41.0 878.5
45.0 764.5
46.0 755.5
49.5 851.5
53.67 653.89
53.0 880.5
54.5 19.29
54.12 815.88
55.08 731.38
54.25 909.0
57.5 311.5
59.0 1072.29
64.09 822.91
66.0 32.0
65.5 247.5
66.8 978.0
67.65 377.0
66.0 793.5
71.0 759.5
75.5 77.5
79.88 1010.88
81.0 1028.0
87.65 209.65
84.4 630.8
84.0 904.5
88.83 536.17
91.0 856.5
93.0 249.0
96.0 665.25
96.5 447.5
99.0 247.0
100.0 455.5
102.6 221.8
102.33 922.67
104.29 423.0
104.88 178.12
108.31 991.22
107.5 510.0
108.6 258.2
108.67 1067.67
109.0 1041.5
110.5 206.5
111.76 327.24
110.5 859.5
113.53 970.13
115.0 338.29
114.5 430.0
117.5 660.5
116.5 725.0
117.5 242.5
117.6 487.2
119.5 541.5
121.0 559.0
123.2 171.4
123.5 241.5
127.89 146.8
126.5 801.5
129.83 935.83
135.0 520.5
139.76 31.0
137.5 350.0
140.0 770.5
140.0 972.5
142.5 67.5
144.84 282.21
146.5 33.5
147.0 336.0
150.3 665.3
152.33 606.33
156.0 113.0
160.5 720.0
165.25 993.0
166.5 252.5
166.5 497.5
167.12 631.88
168.6 56.2
169.0 527.0
172.5 96.5
174.33 158.67
174.5 619.0
174.0 662.5
178.62 226.38
181.0 28.75
184.5 77.0
186.5 800.0
187.5 45.5
187.5 405.0
190.0 329.29
190.0 1073.5
192.33 113.83
191.5 968.5
192.88 587.88
197.5 138.0
200.0 641.5
208.5 215.0
204.33 678.67
205.0 653.5
216.4 493.2
216.88 567.12
219.0 86.5
227.8 531.08
228.31 53.56
230.37 1061.21
235.33 582.67
237.29 765.0
241.58 236.39
239.5 435.0
240.33 518.67
242.5 470.29
244.33 315.33
245.71 806.0
246.0 823.29
247.0 1042.0
248.67 464.33
250.0 381.0
254.16 74.58
252.67 550.33
255.73 499.82
257.8 188.6
261.44 351.77
257.5 483.5
258.67 934.67
262.6 747.8
265.8 30.4
267.5 275.8
267.78 286.5
271.67 669.89
271.5 25.5
273.5 933.5
272.5 1015.5
273.0 282.5
273.6 704.8
276.5 70.5
276.0 366.5
279.33 756.33
279.8 1068.6
281.71 133.0
283.0 635.71
282.6 517.2
290.5 619.5
291.5 546.5
293.67 858.67
295.75 645.25
299.67 56.33
301.0 392.8
300.0 455.5
302.88 75.88
302.5 167.0
304.0 288.5
308.5 163.5
311.24 432.62
309.5 974.0
317.5 387.5
316.5 1072.5
318.2 290.4
321.5 833.5
320.8 885.4
327.0 319.0
328.12 292.12
328.33 262.33
331.4 121.8
331.5 165.0
333.0 702.5
336.5 716.0
339.0 699.0
342.0 530.5
344.0 723.0
346.0 617.0
352.65 286.35
350.75 147.75
354.05 42.1
354.07 252.86
353.2 909.4
358.0 300.0
358.5 884.0
362.0 225.0
370.88 401.12
377.71 651.5
387.5 871.5
395.67 437.67
396.5 259.5
408.57 1049.95
405.2 57.0
407.0 74.71
409.67 20.33
410.5 252.5
412.0 499.5
418.05 723.58
412.5 998.5
426.22 250.17
419.0 1050.5
421.88 225.41
423.0 178.0
422.8 1032.6
424.0 684.0
426.5 918.5
428.67 987.67
432.2 1037.6
435.0 130.71
438.67 636.33
440.8 624.6
442.2 214.4
441.5 975.0
443.67 243.67
445.5 453.83
444.5 493.0
445.88 276.88
445.33 703.67
455.0 179.5
457.5 546.22
458.0 393.5
465.62 684.62
466.33 556.33
469.64 240.45
470.8 1066.0
477.06 1013.25
475.8 283.6
476.5 502.5
475.5 663.0
478.0 279.71
480.65 419.35
481.88 580.88
482.67 49.33
483.6 676.8
486.0 298.29
486.5 857.5
487.5 183.0
488.0 922.5
488.5 417.0
490.0 587.5
491.5 139.0
491.5 579.0
497.25 76.33
498.33 688.83
499.33 326.67
503.55 521.64
506.0 1031.71
508.0 688.2
510.0 757.5
513.33 628.33
514.6 55.8
515.5 162.5
522.2 16.4
523.95 602.81
530.0 695.0
533.0 597.0
537.0 586.29
537.0 892.5
547.44 332.67
546.86 429.29
549.0 979.29
553.5 140.5
554.5 847.5
554.5 850.0
557.0 540.8
557.67 304.33
562.0 644.5
565.5 748.5
568.5 767.71
568.38 855.62
570.0 693.5
573.5 877.5
576.0 299.0
576.33 758.25
578.0 141.83
581.33 296.33
583.29 917.0
582.67 1062.67
583.75 272.0
585.4 256.8
586.33 569.33
587.5 515.0
591.5 139.5
594.71 385.0
595.71 760.0
597.5 852.5
598.67 975.33
605.0 640.71
605.0 207.5
607.5 214.0
607.6 766.8
611.5 57.71
610.8 318.6
614.5 639.5
619.5 123.5
621.0 92.2
623.0 242.0
633.5 201.5
640.4 22.2
641.29 467.0
642.93 665.28
645.8 869.4
647.0 171.0
646.5 645.0
648.37 1039.37
650.2 563.0
657.75 830.88
652.5 861.5
656.8 16.4
658.5 171.83
658.0 119.75
657.5 388.5
659.17 580.17
660.0 885.25
661.25 817.0
661.33 1060.33
663.96 1049.4
666.12 202.88
670.0 1006.5
678.0 118.13
674.71 1036.0
675.0 717.5
676.0 1000.25
680.33 380.33
684.0 312.0
685.59 413.12
687.9 846.7
688.5 532.0
694.75 363.75
690.0 546.5
697.0 550.71
696.88 786.88
698.0 220.2
698.0 906.0
700.0 275.43
700.0 56.0
700.71 759.0
706.5 981.0
715.25 903.25
716.5 636.0
721.64 695.64
719.5 331.5
726.5 706.0
728.2 577.6
728.67 336.33
732.12 761.88
734.0 644.5
735.5 394.5
743.55 89.64
742.5 275.0
743.2 738.0
745.0 956.5
750.0 369.5
752.5 600.5
755.5 931.5
761.0 1000.5
762.5 227.5
763.6 5.8
764.0 296.25
765.0 467.5
766.5 277.5
766.33 789.67
772.33 872.78
775.33 25.33
780.5 487.5
781.5 182.0
788.59 813.81
786.0 134.25
786.0 494.5
786.0 677.71
787.5 7.5
790.0 414.5
790.33 1016.33
796.0 290.8
796.0 1074.0
801.33 58.67
804.88 480.88
806.12 394.88
807.5 879.0
809.0 925.0
813.5 891.5
815.62 590.62
815.5 87.5
829.15 652.56
823.67 956.33
825.0 396.71
824.33 539.33
831.5 848.5
836.5 606.5
837.5 698.5
839.81 735.28
847.5 219.0
847.67 974.33
848.67 179.67
851.2 162.0
850.33 618.67
852.12 642.12
852.71 719.5
853.0 258.5
855.5 551.0
858.92 478.8
858.33 215.33
859.0 461.5
859.5 865.0
861.33 113.67
861.25 1067.0
866.12 791.88
869.5 971.5
872.5 737.5
874.3 125.6
876.0 255.25
876.71 344.5
875.0 377.5
876.5 209.0
880.8 968.6
885.12 943.41
884.0 653.0
887.72 78.41
892.5 125.0
898.29 566.0
902.0 724.0
905.8 263.6
911.0 818.75
912.0 671.5
914.67 21.33
914.0 621.5
918.0 153.0
921.5 176.5
924.5 971.5
930.5 145.71
932.5 191.5
936.0 315.71
942.08 871.83
939.5 507.5
941.5 122.5
943.0 2.5
949.17 775.67
953.5 985.0
961.5 708.5
972.5 690.5
970.8 1068.6
974.0 13.75
976.5 287.5
976.5 785.0
979.0 522.0
980.0 661.5
981.5 915.0
988.5 407.0
987.66 1071.0
986.5 745.0
989.33 393.67
993.0 310.0
994.18 260.18
999.0 27.85
996.8 1037.6
997.67 153.33
1000.5 351.0
1008.67 738.67
1011.0 340.71
1012.2 23.6
1011.5 64.0
1011.5 1053.0
1016.42 7.55
1014.5 34.5
1016.5 70.0
1024.5 769.5
1030.0 487.5
1035.0 443.29
1035.67 432.33
1037.8 850.0
1039.5 1002.0
1041.0 437.0
1041.88 23.12
1043.12 917.12
1045.0 1023.5
1050.33 358.67
1050.5 1065.0
1051.33 77.67
1053.5 460.71
1055.0 187.5
1055.0 901.5
1062.29 942.0
1063.0 263.75
1065.5 1058.0
1065.0 403.5
1076.25 699.0
1076.5 824.0
1077.5 325.0
1082.67 474.67
1084.0 668.5
1085.25 545.0
1088.67 603.67
1095.6 219.04
1094.36 688.55
1095.0 562.5
1097.55 135.64
1097.0 373.0
1099.88 492.12
1100.0 267.5
1102.5 381.5
1103.5 240.0
1107.71 498.5
1113.91 522.3
1126.5 44.5
1132.12 651.88
1142.29 487.14
1145.22 638.91
1145.0 277.5
1147.5 19.5
1147.5 59.5
1151.0 490.25
1152.2 166.0
1152.8 179.6
1154.5 348.0
1158.1 676.7
1160.0 453.5
1168.0 81.34
1170.33 999.33
1174.0 986.5
1176.71 870.0
1180.4 1017.2
1187.12 1053.12
1189.89 141.33
1192.0 667.0
1191.4 533.2
1193.12 680.88
1206.17 306.67
1210.5 874.0
1216.17 713.5
1216.72 608.89
1222.2 1034.6
1226.5 705.0
1239.6 711.6
1247.67 995.33
1256.33 412.89
1255.33 421.33
1264.87 678.69
1265.5 664.79
1263.5 831.0
1269.3 604.7
1273.0 971.5
1275.5 640.0
1279.2 223.6
1280.0 52.5
1284.5 527.12
1283.0 769.2
1284.0 1077.5
1295.0 1057.0
1297.6 642.8
1302.33 316.67
1303.67 106.33
1303.88 1067.12
1304.0 857.5
1314.5 470.5
1317.5 280.5
1330.41 220.82
1328.0 829.5
1329.25 383.0
1341.9 681.9
1339.5 568.0
1343.0 642.0
1345.33 245.33
1347.5 24.5
1350.12 670.88
1350.29 749.5
1353.0 631.0
1361.78 158.94
1363.19 649.75
1362.5 559.0
1362.67 1006.67
1372.29 256.0
1371.5 825.0
1376.0 910.5
1377.5 167.5
1390.06 830.06
1386.5 519.5
1388.5 632.5
1391.59 1066.12
1397.5 967.5
1402.5 779.5
1405.5 362.5
1407.5 805.0
1410.4 936.8
1418.5 450.5
1420.86 419.71
1420.88 890.88
1423.63 929.79
1426.0 1038.5
1436.5 246.5
1437.0 320.25
1436.5 879.0
1441.5 170.5
1443.67 686.33
1447.5 311.0
1447.5 681.5
1449.88 85.88
1453.0 22.5
1455.0 187.5
1460.0 427.5
1471.5 974.0
1475.0 426.0
1475.4 745.8
1476.5 136.0
1477.0 189.0
1479.5 751.5
1482.67 355.33
1483.5 918.5
1485.25 697.0
1486.5 729.5
1488.5 926.5
1491.0 918.75
1495.75 773.4
1494.5 8.0
1493.6 33.2
1500.0 229.5
1503.0 252.8
1503.0 612.5
1505.0 728.5
1505.83 697.17
1507.5 209.0
1510.8 371.4
1511.82 679.82
1515.71 101.0
1517.5 441.0
1523.83 339.83
1524.0 110.5
1532.0 289.0
1536.0 871.0
1538.0 952.5
1540.4 50.8
1540.4 630.8
1544.5 499.5
1547.0 234.75
1548.6 357.2
1550.0 347.2
1550.0 817.5
1551.71 448.0
1553.75 530.0
1554.0 902.5
1555.5 19.0
1561.29 780.5
1560.0 415.5
1563.0 891.0
1564.5 726.0
1568.0 927.5
1570.2 1060.0
1570.0 1047.5
1571.5 859.5
1582.0 178.0
1584.5 331.0
1585.0 65.5
1588.81 1076.67
1590.0 206.5
1590.0 256.5
1591.0 145.5
1591.5 1059.5
1593.5 549.0
1593.67 644.67
1596.29 7.0
1604.0 295.71
1613.7 968.4
1615.17 182.83
1615.12 372.12
1614.33 600.33
1615.33 382.33
1617.5 191.5
1621.07 894.72
1621.12 1045.88
1621.8 422.6
1623.0 543.75
1622.6 942.2
1627.5 776.0
1627.5 873.5
1629.0 297.5
1630.4 1065.8
1631.5 770.5
1632.88 921.88
1635.5 405.0
1640.0 58.2
1639.71 655.0
1641.0 902.33
1641.5 744.5
1644.0 115.5
1647.0 24.71
1647.5 576.5
1651.8 1030.6
1654.0 855.25
1661.0 74.0
1664.67 294.67
1665.0 750.5
1667.5 891.8
1668.29 53.0
1670.5 135.5
1671.5 166.5
1676.5 743.5
1679.65 863.0
1680.33 120.33
1680.8 712.6
1691.91 915.91
1692.5 146.0
1696.09 197.09
1697.0 695.76
1698.21 565.0
1698.28 868.19
1699.33 591.89
1703.0 957.0
1715.8 661.4
1715.67 874.17
1716.0 1042.29
1720.0 142.5
1720.71 526.0
1721.0 888.75
1742.0 251.0
1745.0 891.5
1747.0 580.0
1747.8 973.6
1752.62 992.38
1754.0 492.5
1762.0 64.5
1762.67 142.67
1777.0 906.29
1785.0 981.5
1805.0 804.5
1817.83 528.83
1820.0 840.5
1821.25 257.0
1825.18 110.18
1827.0 625.0
1826.33 1053.67
1828.67 762.67
1829.0 994.5
1837.0 947.75
1839.29 62.0
1839.67 558.11
1840.0 3.75
1840.0 510.0
1849.5 285.0
1853.0 455.71
1857.05 122.1
1858.0 207.5
1861.5 700.0
1861.33 928.67
1877.67 325.33
1883.5 844.5
1884.29 1056.0
1890.0 189.65
1893.5 204.0
1895.0 876.5
1903.67 110.33
1904.5 620.5
1912.8 832.6
1916.0 35.0
1918.5 1029.5
!