0.0 32.5
0.71 57.0
3.04 263.4
2.0 549.5
2.5 291.5
4.0 955.25
4.4 12.2
7.83 1078.17
10.0 410.5
10.5 494.0
11.0 693.75
13.0 795.71
12.5 1045.0
14.33 330.33
17.55 400.36
24.2 312.06
39.42 180.12
40.0 82.5
49.0 744.0
51.5 913.69
51.8 353.6
51.5 986.5
57.83 178.83
62.5 968.0
68.12 203.12
69.8 305.4
75.75 685.33
77.5 896.5
81.5 356.5
83.0 14.29
86.82 986.18
86.88 418.12
89.5 1003.5
91.5 805.5
103.0 453.0
105.0 442.5
115.22 524.3
114.0 1038.5
116.88 542.12
117.0 537.5
119.5 1057.5
123.17 23.17
122.5 879.0
125.5 840.0
130.5 937.5
131.0 96.0
131.5 789.5
134.0 867.5
139.17 28.83
139.0 279.29
143.75 325.0
148.0 935.25
157.0 863.0
158.5 1044.5
170.17 429.83
172.2 976.0
175.0 429.5
182.0 103.75
183.2 318.6
183.5 87.5
186.5 554.5
189.0 1059.5
194.67 73.15
191.5 662.5
191.25 687.0
201.28 700.55
201.0 605.5
207.55 999.36
207.67 582.67
208.5 121.0
220.0 505.0
222.0 580.71
222.67 193.33
223.2 705.4
224.0 646.5
224.5 1034.5
225.71 1019.0
227.0 563.5
229.5 942.5
232.12 672.12
238.0 1059.0
238.75 588.0
239.5 1067.0
243.5 419.5
245.0 462.0
249.0 286.5
253.0 916.71
262.5 991.5
265.5 1010.0
268.67 200.33
274.63 529.0
276.33 439.67
277.0 786.71
277.5 680.0
280.5 31.0
281.5 715.0
287.89 22.67
298.0 403.29
301.5 101.5
301.5 209.0
303.0 305.0
310.67 375.17
310.0 736.5
311.5 870.0
315.4 995.2
321.5 980.0
325.5 211.5
326.8 136.4
329.0 482.5
330.12 646.12
330.0 120.5
330.4 474.8
330.67 493.33
330.33 535.33
341.5 1039.0
346.88 77.88
348.5 341.5
352.0 1001.41
356.5 384.5
357.6 190.8
361.2 435.4
361.0 596.5
364.89 628.52
370.33 661.33
370.33 808.67
371.33 158.67
371.5 931.0
373.67 452.89
373.29 843.5
375.0 443.5
385.25 916.0
386.5 227.5
390.5 449.0
395.5 301.5
403.0 37.57
401.5 577.0
401.88 687.12
405.0 671.71
410.5 896.0
413.0 751.0
415.18 891.18
417.5 819.0
434.0 637.5
438.71 691.0
440.0 200.5
445.0 625.0
444.5 121.0
448.5 431.5
455.9 48.59
452.67 316.33
455.33 408.67
456.33 208.67
457.5 787.0
459.0 827.5
465.33 175.33
466.6 963.4
470.8 151.4
475.53 548.81
475.59 208.68
473.67 1003.67
481.43 457.0
490.78 782.09
496.33 471.33
497.0 480.29
504.82 982.61
503.0 571.5
504.0 400.5
510.25 284.0
517.5 416.71
518.0 684.5
519.5 885.0
526.88 67.12
528.5 1049.5
532.2 449.5
532.5 1068.5
533.6 328.2
537.0 42.5
541.29 934.0
545.88 236.88
546.5 635.0
556.86 782.81
555.67 896.67
558.67 105.33
561.8 0.4
561.5 142.0
565.5 489.0
567.5 475.0
573.0 457.29
573.0 872.0
581.5 161.5
583.2 185.5
584.67 315.78
597.67 254.33
590.8 909.4
593.6 972.2
595.5 21.0
606.5 814.0
609.75 837.75
609.0 244.5
610.29 537.0
611.6 254.4
611.33 522.67
612.67 611.33
620.29 1030.0
620.5 780.0
625.33 205.33
630.0 64.5
635.0 948.75
639.25 1033.0
640.0 947.5
646.91 211.26
651.4 796.2
654.0 602.5
657.0 679.0
658.12 301.88
659.0 273.29
659.5 530.5
661.0 267.5
669.0 472.0
670.83 282.83
673.6 25.8
676.5 724.0
677.0 831.5
681.0 765.71
686.0 551.0
688.0 343.2
692.67 306.33
695.5 263.5
695.4 762.2
696.33 558.67
698.5 174.0
697.5 567.5
702.5 971.5
704.5 351.5
721.0 191.21
723.5 264.5
723.2 99.6
728.29 842.5
733.09 729.36
735.0 318.5
737.0 660.5
737.5 534.5
743.5 937.5
744.5 617.0
744.75 1068.0
746.8 958.6
750.5 1050.0
756.0 600.71
754.5 1038.5
759.77 432.57
773.0 661.5
776.0 420.0
780.26 409.26
779.5 749.0
782.0 829.29
781.33 943.67
786.33 48.67
789.5 272.29
788.5 342.5
789.5 41.5
800.5 452.0
802.67 424.33
811.85 265.46
819.5 62.0
819.33 577.67
820.0 32.5
825.0 333.0
826.88 140.88
826.5 485.0
827.88 546.41
827.5 589.0
836.33 983.67
853.0 842.0
856.63 285.37
855.33 756.33
859.4 585.8
865.0 410.5
866.5 574.0
877.5 342.5
877.0 215.5
879.0 32.5
878.5 764.5
881.5 556.5
886.5 187.0
887.0 895.5
887.5 590.0
889.0 162.5
893.0 29.0
895.0 1040.5
900.0 453.5
902.59 947.28
903.2 428.6
910.83 998.83
913.28 150.41
911.33 782.67
914.5 635.0
913.67 845.33
916.5 681.5
919.8 290.93
925.0 82.5
928.0 71.0
932.9 555.7
937.0 937.0
938.67 620.33
945.5 429.5
948.2 691.5
950.5 81.5
950.8 771.4
953.0 60.5
954.64 155.91
956.33 895.33
959.0 757.5
965.33 509.11
965.25 255.0
966.5 1031.0
968.0 86.0
970.5 698.21
969.88 750.88
969.5 781.5
973.28 398.59
971.33 457.67
974.0 911.5
975.33 200.33
975.83 385.17
984.0 183.5
984.33 893.67
984.88 932.88
989.64 500.45
992.6 540.8
992.5 746.0
993.5 971.0
997.67 974.33
999.18 398.82
1000.88 415.88
1001.5 363.0
1001.5 521.0
1001.33 598.67
1008.06 144.56
1003.0 809.29
1003.67 499.67
1005.71 243.5
1005.0 478.5
1012.5 426.5
1013.0 919.5
1014.67 273.11
1017.5 942.5
1021.33 430.33
1023.6 201.8
1024.67 268.67
1024.0 752.5
1026.15 997.54
1033.6 575.8
1037.0 280.0
1042.5 667.5
1043.0 374.29
1043.5 429.5
1045.0 292.5
1048.0 494.29
1048.0 759.0
1047.5 823.5
1047.67 972.67
1049.0 944.0
1049.33 42.67
1061.8 313.6
1066.4 927.4
1067.67 763.67
1069.7 708.7
1069.5 895.5
1069.5 60.0
1069.0 684.5
1086.0 56.0
1088.29 453.5
1088.5 836.5
1090.0 752.5
1094.67 683.67
1101.38 1046.62
1104.72 355.89
1105.12 102.12
1107.41 142.98
1109.0 91.5
1110.0 284.5
1114.0 546.5
1118.75 344.75
1121.6 915.6
1125.03 862.38
1121.5 997.5
1124.0 787.0
1125.0 797.5
1127.5 700.71
1130.0 327.5
1140.0 983.5
1142.75 462.0
1157.0 630.8
1162.67 539.33
1166.33 293.67
1167.5 514.5
1170.5 137.5
1172.36 391.45
1172.5 267.5
1174.0 584.5
1176.88 264.88
1179.5 122.0
1178.33 157.67
1183.5 525.75
1185.0 537.0
1189.0 272.5
1192.5 428.0
1191.5 690.0
1193.5 84.5
1193.29 528.0
1194.0 863.5
1199.0 283.4
1199.17 914.17
1202.0 421.5
1203.89 799.28
1206.5 979.0
1208.5 614.0
1219.0 526.5
1222.0 846.71
1224.35 765.65
1223.0 351.5
1223.0 672.5
1234.67 441.33
1239.0 866.28
1236.0 734.0
1241.5 587.0
1245.0 810.25
1252.5 540.0
1257.0 491.0
1256.5 912.0
1261.5 928.0
1262.0 1076.5
1264.0 702.5
1267.0 1041.5
1274.22 827.91
1273.7 885.3
1277.0 682.0
1278.22 437.33
1279.64 615.45
1279.0 47.5
1284.09 825.91
1284.0 1010.5
1285.5 172.5
1296.33 255.33
1297.5 217.5
1299.8 99.4
1304.5 350.0
1306.0 631.5
1307.5 533.5
1308.11 7.33
1310.33 75.33
1310.8 635.4
1311.8 0.4
1313.71 704.0
1315.25 544.0
1318.67 110.33
1320.0 376.5
1328.2 1058.0
1331.24 461.76
1338.7 79.7
1340.4 87.2
1341.5 476.5
1342.2 699.4
1345.5 311.5
1346.33 457.67
1350.5 931.5
1351.5 574.0
1352.5 954.0
1358.12 1044.88
1359.0 991.5
1366.1 33.59
1362.89 575.28
1368.33 140.33
1369.0 279.5
1370.8 437.6
1370.0 626.5
1374.0 126.5
1375.5 1079.0
1381.5 1061.0
1384.5 79.5
1391.0 356.5
1393.41 942.0
1391.88 371.88
1393.5 415.0
1394.5 184.0
1396.0 6.5
1397.12 263.12
1397.5 46.0
1399.67 28.67
1400.0 713.0
1399.5 929.0
1401.5 702.0
1404.0 230.5
1410.72 37.41
1409.5 923.0
1411.33 949.33
1413.71 849.0
1416.5 989.0
1420.0 625.5
1422.75 133.0
1429.0 179.5
1432.5 110.5
1437.0 1018.73
1440.25 464.0
1441.71 379.0
1447.0 508.5
1447.5 852.5
1451.0 562.5
1455.0 250.5
1461.23 908.2
1457.0 104.5
1456.5 331.0
1459.25 212.0
1464.0 960.71
1465.5 454.0
1464.0 1074.5
1468.67 761.33
1469.0 817.0
1472.33 845.89
1473.0 399.0
1474.0 893.0
1477.0 647.0
1476.0 1031.5
1486.96 667.16
1481.5 800.0
1482.5 248.5
1486.33 565.33
1490.4 381.8
1491.5 798.0
1495.33 107.67
1496.0 1003.0
1500.79 696.5
1505.5 844.5
1509.67 587.67
1510.33 45.67
1513.5 879.0
1519.29 1050.0
1519.0 935.5
1523.0 796.5
1527.53 377.35
1529.83 204.83
1533.0 206.5
1536.5 418.29
1535.33 529.33
1535.33 744.5
1539.89 323.11
1537.5 362.0
1538.54 796.85
1540.4 967.2
1548.44 632.11
1546.33 438.67
1549.0 392.5
1549.6 756.2
1550.5 953.5
1551.2 432.6
1550.8 926.5
1551.38 990.25
1556.0 89.5
1557.72 903.89
1557.67 360.33
1557.5 859.5
1557.6 1001.2
1560.87 192.53
1559.5 647.5
1562.87 267.47
1561.5 720.0
1563.75 363.25
1566.33 1033.67
1571.5 722.0
1571.86 129.71
1573.5 730.0
1574.2 992.6
1575.88 195.88
1576.0 1049.5
1579.5 916.33
1585.0 1017.0
1592.88 552.12
1598.29 570.0
1599.0 221.0
1601.5 842.5
1606.0 969.75
1609.0 1047.5
1615.12 314.41
1613.5 341.5
1614.0 111.5
1617.5 441.5
1618.0 496.5
1620.5 722.5
1623.0 80.0
1628.0 796.5
1627.0 939.0
1634.11 159.79
1628.33 646.33
1629.33 531.33
1631.0 676.5
1634.0 676.5
1636.88 983.12
1639.5 60.0
1644.17 197.83
1643.5 880.0
1644.5 529.0
1644.83 894.83
1645.4 863.2
1652.0 740.0
1654.5 490.5
1656.0 214.0
1655.5 957.5
1656.5 866.5
1657.85 930.46
1657.5 180.0
1659.0 318.5
1661.5 499.29
1663.0 1071.0
1665.4 650.8
1667.0 151.5
1666.5 705.0
1669.18 7.82
1670.0 577.5
1673.67 888.67
1674.0 927.5
1676.8 125.4
1678.5 397.5
1688.5 789.0
1689.5 135.0
1696.12 1027.12
1700.5 376.0
1702.6 268.2
1703.0 866.0
1712.6 676.2
1722.88 567.12
1726.88 366.12
1729.5 229.0
1728.5 786.0
1730.0 536.29
1739.0 976.0
1739.0 105.5
1742.67 967.67
1745.0 490.5
1749.5 153.0
1751.5 296.5
1755.81 841.81
1754.89 734.67
1756.09 810.91
1764.33 1.33
1766.0 516.71
1767.5 324.5
1771.5 642.5
1774.5 676.8
1775.5 913.29
1784.5 827.5
1794.33 651.33
1795.0 930.71
1797.67 541.33
1797.6 946.2
1799.12 590.88
1799.5 942.0
1802.5 351.5
1806.5 739.0
1809.0 720.0
1811.5 819.5
1813.0 942.0
1817.5 569.0
1818.29 874.0
1819.0 299.5
1821.5 36.0
1822.5 146.0
1822.0 606.0
1822.6 388.2
1827.22 896.67
1827.5 654.0
1827.5 931.5
1827.88 968.12
1830.5 659.0
1831.0 711.29
1833.2 638.6
1835.5 293.0
1838.67 61.33
1839.5 815.0
1840.2 854.0
1841.0 408.75
1842.29 452.5
1842.0 517.0
1845.0 764.5
1849.5 954.0
1852.12 26.12
1853.5 879.5
1856.25 404.75
1856.5 1029.0
1858.0 121.5
1860.0 608.5
1861.5 247.5
1862.88 410.88
1863.2 625.4
1863.5 969.5
1864.0 835.5
1866.83 604.0
1869.71 855.0
1871.5 304.0
1872.0 948.0
1872.67 742.67
1873.6 704.2
1875.5 672.0
1876.5 194.0
1881.0 94.0
1880.5 281.5
1880.5 567.5
1883.67 927.67
1886.5 924.0
1888.5 118.5
1889.67 517.67
1892.12 921.88
1894.71 1061.0
1899.11 1014.33
1899.4 1055.8
1900.0 308.5
1907.11 931.72
1911.33 12.67
1914.38 621.26
1912.5 809.0
1913.83 639.83
1914.0 823.0
1916.5 250.0
1916.5 904.0
1917.5 475.0
1918.33 206.33
1919.0 923.5
!