0.43 447.71
1.7 468.61
0.88 830.88
3.0 584.5
3.38 790.38
2.5 1000.0
4.0 90.5
5.5 459.5
7.5 501.5
7.5 832.5
10.5 769.0
11.5 772.5
12.0 904.0
14.5 80.8
14.0 502.5
14.67 1036.33
15.25 427.0
16.33 146.67
16.33 570.33
16.0 790.5
16.33 1011.33
17.5 224.0
18.0 635.25
20.17 58.33
20.62 142.38
20.0 273.0
20.4 397.8
20.71 551.0
21.0 680.5
22.29 841.5
22.5 760.5
23.67 846.33
25.37 897.21
27.62 494.62
26.5 506.5
27.53 850.13
29.0 670.5
28.5 150.5
31.4 352.8
31.88 829.88
35.33 471.33
35.33 770.33
37.0 415.71
36.5 855.0
37.6 712.8
37.5 787.5
39.0 808.0
41.27 92.64
42.5 349.0
43.67 754.11
42.5 1060.0
44.67 389.11
43.67 823.67
45.33 831.08
44.0 1036.5
46.0 125.25
45.0 939.5
45.25 981.0
46.62 1026.38
47.0 77.0
47.67 430.33
48.41 699.88
51.71 923.71
48.6 992.8
50.25 970.75
53.84 557.79
52.87 984.53
53.29 132.0
55.0 1.5
57.57 896.29
59.5 182.5
59.8 390.4
59.5 605.0
61.0 485.71
60.88 1041.88
61.5 444.0
62.2 883.6
62.5 1038.0
64.0 521.5
67.65 795.65
64.5 857.5
71.96 116.64
68.0 56.5
68.88 547.12
70.71 843.0
71.5 19.5
71.33 55.33
71.5 404.0
71.5 889.5
72.0 914.5
71.0 1056.5
72.67 565.33
73.83 968.0
73.67 0.33
76.47 650.35
75.4 690.8
75.8 811.4
76.9 883.05
75.33 982.67
77.71 15.0
78.92 999.8
78.88 992.12
80.12 110.88
79.0 635.5
80.0 739.0
81.62 714.38
82.2 478.6
84.0 1033.5
85.88 31.88
86.0 237.5
86.0 307.5
87.88 942.62
88.5 978.0
89.75 466.0
89.33 724.33
92.09 98.91
91.0 984.71
93.82 931.09
94.5 59.5
94.75 472.0
97.29 132.0
97.12 331.88
97.5 213.5
99.81 726.19
103.05 958.25
97.5 1014.0
101.62 46.62
100.33 490.33
102.0 474.29
102.5 575.5
105.5 876.0
106.33 259.67
107.17 722.83
106.88 758.12
108.65 1030.65
108.12 164.88
108.2 696.4
107.5 869.0
107.5 1057.0
110.5 708.5
112.0 882.75
112.0 1070.0
112.5 480.0
113.6 354.8
114.0 540.25
116.62 844.38
115.5 515.0
115.71 598.14
115.0 756.5
116.0 994.5
116.5 772.5
116.5 1021.5
119.5 651.0
119.25 875.0
119.33 991.33
120.5 949.0
122.0 198.25
122.5 414.0
125.5 626.5
126.4 60.8
126.67 110.67
126.4 318.2
127.2 565.4
126.5 869.0
129.5 1027.5
130.33 144.33
131.4 993.2
132.67 502.67
133.67 416.33
134.0 841.5
135.38 1018.62
135.8 896.4
136.88 861.88
137.5 426.0
138.29 706.5
142.0 434.25
143.04 620.37
142.36 635.91
141.5 712.5
141.33 740.33
144.0 5.5
145.08 276.37
144.64 53.55
144.0 294.5
146.71 150.0
148.0 48.0
147.67 638.33
148.67 52.67
149.5 379.5
152.64 900.18
151.0 788.0
154.44 2.62
152.5 716.5
154.5 411.5
153.33 417.33
153.5 744.0
155.5 133.0
157.76 610.0
155.4 622.8
157.12 229.88
157.5 221.5
158.5 140.5
159.89 163.33
159.4 965.8
161.0 302.0
160.88 385.88
161.5 370.5
161.33 443.67
161.5 868.5
163.79 1041.09
162.5 940.0
170.5 700.57
164.0 775.6
169.04 559.76
164.5 712.5
164.5 886.5
164.4 1006.8
167.67 521.33
167.5 721.5
169.0 217.29
172.95 243.08
171.59 497.12
170.5 1049.5
171.5 584.0
171.0 595.5
172.5 460.5
173.5 999.2
173.67 538.67
174.0 275.5
177.0 854.0
177.0 859.5
178.5 469.0
179.82 522.18
180.4 112.2
180.71 493.0
181.0 677.71
181.2 1030.0
181.5 847.5
181.0 884.5
184.13 14.47
182.5 238.5
183.0 271.5
183.5 1054.0
184.0 981.5
186.33 653.67
186.88 743.88
188.22 834.09
189.28 262.89
187.5 390.0
189.4 211.2
192.38 815.75
192.5 440.5
193.2 681.0
192.5 1060.0
193.5 436.5
194.67 951.78
194.67 641.67
194.0 1034.5
195.2 572.8
195.5 948.0
195.5 980.0
197.8 301.4
197.5 535.0
198.29 763.0
197.67 928.67
202.63 652.92
204.5 680.0
206.0 699.0
205.33 733.67
206.5 127.5
206.8 226.4
210.0 38.5
210.12 912.41
209.33 292.67
209.4 447.8
209.5 741.5
209.0 937.5
211.0 104.71
210.33 221.33
211.29 243.0
211.12 316.88
212.5 779.0
214.5 476.0
214.33 741.33
214.0 913.5
215.5 39.0
215.33 550.33
217.0 55.2
216.0 248.5
219.85 621.8
216.5 750.0
216.8 932.6
217.6 686.8
220.0 808.5
221.0 751.5
221.5 225.5
221.0 311.5
222.0 381.5
222.71 734.5
223.0 275.0
222.67 566.33
222.5 916.0
229.36 808.32
227.6 225.8
228.67 302.33
230.32 377.86
228.5 544.0
229.0 523.5
229.5 994.5
236.04 419.47
230.0 437.5
231.5 802.29
230.33 850.33
233.0 219.8
232.75 397.0
233.0 761.0
234.67 689.89
235.0 45.5
238.72 213.34
237.0 726.5
236.62 910.62
243.92 466.51
236.71 625.0
237.5 431.0
239.5 267.2
240.27 947.55
239.5 381.5
242.19 864.93
240.4 411.8
240.5 919.0
243.0 695.25
244.0 546.71
248.0 313.29
247.5 1015.0
249.0 995.5
252.5 845.8
252.67 117.67
253.5 203.0
254.5 752.5
254.75 697.0
254.0 943.5
255.0 841.5
257.0 1059.35
256.4 825.8
256.33 965.33
258.0 664.0
258.29 921.0
259.8 857.2
260.25 296.0
260.25 411.0
260.0 861.5
262.25 1038.25
262.5 154.0
262.67 730.33
264.71 192.14
264.0 986.5
265.71 746.0
266.2 776.0
267.5 281.0
267.5 851.5
267.67 1005.33
269.33 432.67
270.33 850.33
271.5 46.5
271.5 339.0
272.2 890.4
273.81 303.86
285.64 550.15
274.0 769.5
276.5 411.5
277.75 1000.75
279.0 364.5
279.0 557.5
279.0 941.0
279.0 961.5
280.0 692.5
281.5 414.0
282.0 469.5
284.31 144.9
282.5 162.5
282.5 779.5
285.53 963.43
285.85 677.54
285.0 77.5
286.25 883.0
289.67 178.88
288.2 304.4
288.2 801.4
288.5 334.0
289.33 492.67
289.0 637.5
291.4 228.2
291.5 584.0
291.5 587.5
293.84 989.16
294.5 860.71
295.5 512.0
298.17 53.5
295.83 674.17
295.8 915.4
297.67 293.67
298.0 625.5
297.5 837.5
299.5 581.5
299.0 795.5
300.4 22.8
300.33 189.67
300.5 686.5
303.75 529.21
302.0 615.0
301.71 818.0
304.5 171.0
304.0 308.5
306.0 413.5
307.29 183.0
307.0 372.5
308.5 756.5
310.83 564.0
311.5 211.8
310.5 572.5
310.33 965.33
312.6 681.8
314.63 736.37
318.33 686.44
315.4 726.8
317.29 776.0
317.2 917.6
317.5 196.5
322.36 863.5
322.0 237.0
326.0 1005.71
326.0 739.5
326.5 1060.0
327.67 790.33
329.47 880.63
330.88 191.88
330.33 513.67
330.33 599.33
330.4 847.2
333.32 969.02
332.0 653.0
332.5 189.0
332.5 645.5
333.5 1011.5
335.71 944.5
335.0 515.5
335.5 582.5
337.55 912.64
336.33 916.33
338.0 282.29
338.57 589.0
338.5 112.5
338.75 541.0
339.83 961.33
339.6 1051.8
342.74 414.83
341.83 578.17
341.33 1039.67
343.38 213.38
343.67 514.67
344.75 273.0
344.0 818.0
345.5 967.29
345.8 296.4
345.4 351.8
346.29 866.0
345.75 933.75
347.77 591.15
346.33 682.67
346.5 722.0
346.5 943.5
350.38 792.62
349.0 977.5
350.0 950.5
351.0 1073.5
351.88 763.12
352.12 876.88
354.62 102.0
352.5 290.5
352.6 387.2
356.41 534.44
354.71 52.5
353.67 479.33
353.88 968.12
357.0 164.0
355.0 156.5
355.33 557.67
357.6 486.4
357.67 880.67
359.62 381.38
358.5 455.0
363.32 931.24
360.89 1048.72
360.0 367.5
361.0 657.75
361.0 505.5
362.4 580.6
361.0 892.5
362.5 686.5
363.5 19.0
363.5 1004.5
364.67 346.33
364.5 502.5
366.0 39.0
366.5 687.5
366.5 921.5
368.0 692.0
367.83 989.17
369.0 184.5
371.2 580.4
370.0 708.0
370.33 858.67
370.0 1011.5
371.71 385.0
373.25 465.25
373.0 629.0
373.0 1071.71
376.71 156.0
374.75 281.0
374.67 515.67
375.33 643.67
376.5 383.0
377.5 174.0
377.6 893.2
381.5 177.5
382.67 891.33
384.0 877.29
384.88 506.88
384.5 985.5
385.5 1019.5
388.67 227.67
388.5 745.5
391.5 426.5
391.5 94.0
391.0 1072.5
394.0 1045.0
394.33 160.33
395.5 220.5
396.0 555.25
396.5 524.0
397.5 594.71
397.5 788.0
399.0 682.5
399.5 749.5
400.0 489.5
400.5 817.0
402.29 35.0
401.5 452.5
401.5 537.5
401.5 767.5
401.8 913.6
402.0 1066.0
405.5 73.0
404.75 768.0
405.29 786.0
405.67 1057.33
409.0 440.0
409.0 564.2
409.5 496.5
409.33 817.67
411.5 1068.0
413.14 327.29
413.67 496.89
413.5 10.0
414.11 103.67
414.17 663.83
415.0 70.5
417.71 706.5
418.0 885.25
419.2 584.6
419.67 536.33
421.0 540.5
421.5 176.0
426.96 242.16
426.64 254.91
425.5 532.5
427.5 736.5
429.0 1001.5
430.0 161.5
430.5 707.5
431.71 1065.0
432.5 391.5
432.67 1071.33
434.2 96.4
435.0 255.25
434.5 504.0
436.0 624.0
437.5 395.0
437.5 476.5
439.0 151.0
440.62 546.62
441.62 408.62
441.5 417.0
442.0 522.0
442.5 577.5
442.5 641.5
442.5 925.0
446.41 690.12
446.5 587.5
449.45 112.9
449.5 36.0
451.59 613.26
452.62 51.62
452.5 294.0
452.5 500.0
453.57 1024.14
452.67 1061.33
456.11 26.2
455.88 937.12
456.8 40.4
458.95 335.55
458.2 1056.5
459.0 1001.0
461.59 578.16
462.0 242.0
462.2 343.4
461.5 656.5
464.72 359.11
465.0 206.5
466.0 744.75
465.25 1021.0
469.56 1044.67
467.5 513.5
467.5 633.0
469.09 536.36
469.4 518.2
471.0 401.0
471.0 602.0
471.8 500.4
471.5 957.5
478.59 169.96
472.5 348.5
472.5 783.5
472.67 898.67
474.67 447.67
477.2 817.6
478.12 427.88
477.5 534.0
478.0 1004.0
481.33 58.33
482.0 191.5
483.29 242.0
485.0 1005.5
486.5 569.0
489.0 131.0
489.8 867.0
490.0 596.5
492.2 420.4
491.0 827.5
494.0 877.83
503.7 205.79
494.89 836.67
500.0 458.5
502.19 500.19
502.0 84.5
502.6 156.8
505.5 471.5
505.0 622.5
506.0 643.75
506.18 650.18
507.79 545.37
506.5 791.5
507.5 181.5
507.5 631.0
509.0 830.5
510.25 1060.0
512.5 92.5
513.5 520.0
516.0 389.0
518.2 863.6
519.0 415.25
523.0 347.5
520.5 1020.0
521.33 368.33
528.13 429.06
521.83 604.58
522.67 146.33
522.5 161.5
523.25 258.67
522.67 906.33
523.0 1011.5
527.5 1019.5
528.67 851.33
530.71 943.5
529.33 1056.33
531.0 289.5
532.36 631.09
533.67 134.11
532.5 559.5
532.5 635.5
534.25 1027.25
534.33 148.67
534.8 600.4
534.0 1005.5
535.0 104.5
535.8 163.6
537.12 325.88
537.2 692.6
538.33 0.78
538.67 290.33
539.89 726.33
541.0 257.5
543.6 414.5
543.12 448.12
544.5 255.0
546.88 943.12
547.67 266.33
557.58 563.37
548.67 1029.33
551.09 920.91
553.5 797.5
555.6 380.3
554.88 625.88
557.5 354.0
557.6 437.2
558.2 546.4
557.5 646.5
560.0 607.5
562.67 270.33
564.59 349.26
566.5 815.22
566.71 262.0
567.5 606.5
570.0 725.0
569.0 880.5
571.5 1021.21
570.88 622.88
571.4 62.2
571.5 482.5
571.5 936.0
575.29 311.86
574.5 439.5
576.13 415.47
575.5 614.0
578.75 298.75
580.29 937.5
580.4 468.2
582.5 583.5
583.67 293.67
589.85 557.63
585.25 187.0
586.0 882.5
588.0 46.25
588.12 160.88
589.0 360.0
590.5 284.0
591.5 643.0
593.12 85.88
593.11 826.33
595.0 27.5
596.0 57.75
596.2 570.4
598.12 391.88
597.5 404.5
597.5 589.0
601.33 57.67
601.4 341.8
602.83 519.17
606.08 564.36
603.5 661.0
603.5 900.0
605.14 594.43
604.33 867.67
605.0 200.5
607.0 181.0
610.25 294.0
611.0 531.0
612.5 388.5
613.5 576.5
613.0 665.5
615.0 910.8
614.0 1021.5
615.5 225.5
623.76 116.03
618.2 1065.4
621.08 322.8
618.83 947.17
620.0 585.0
619.5 597.0
620.0 627.5
622.0 337.5
622.5 592.5
633.55 480.09
622.8 1067.5
625.33 858.67
630.07 817.73
628.0 638.29
629.5 445.88
629.0 56.5
630.0 32.5
632.5 540.0
631.0 546.5
632.0 1050.5
634.58 556.42
635.0 198.0
636.12 281.88
637.71 206.0
639.29 524.71
641.2 96.4
640.83 461.17
640.25 534.0
642.5 352.5
641.33 396.33
643.5 1077.0
646.33 152.67
649.0 213.21
648.0 415.0
648.67 311.17
649.5 343.22
650.46 561.15
651.88 45.88
651.5 479.5
652.5 518.0
655.5 84.5
655.64 1040.91
655.0 537.5
656.0 653.5
658.76 204.34
657.0 993.75
658.67 575.33
661.15 860.46
661.83 648.83
664.0 230.25
664.29 609.0
665.0 855.25
667.0 180.0
671.95 76.88
667.67 392.67
667.6 576.2
675.11 624.43
669.67 281.33
669.5 320.0
669.0 601.5
675.19 50.38
671.0 641.5
674.5 521.33
674.5 99.0
675.0 864.5
675.0 357.5
675.71 403.0
676.5 1044.0
683.2 254.6
683.5 565.71
683.5 72.5
683.5 549.0
684.0 750.0
684.67 155.33
688.11 386.5
685.5 436.5
687.5 407.5
690.12 106.12
692.37 763.89
690.4 434.8
690.0 627.5
691.5 45.5
692.5 922.5
694.75 337.67
696.5 316.5
696.5 540.5
697.0 670.0
699.11 89.72
697.5 684.5
698.33 21.33
699.4 127.2
699.0 133.5
701.0 257.29
700.5 1071.5
701.33 336.33
702.6 592.2
702.67 849.33
704.0 220.0
704.5 392.0
708.6 312.2
716.25 473.94
711.84 640.84
711.5 99.0
712.67 621.33
714.5 427.5
715.0 451.5
718.56 625.76
716.5 1070.5
719.16 239.84
717.5 317.5
717.25 387.0
718.5 151.5
719.5 310.5
719.67 583.67
720.88 1075.12
721.5 246.5
722.67 989.11
724.38 485.62
729.96 856.78
724.75 841.0
728.67 13.89
728.67 479.67
729.0 366.5
730.0 545.5
730.4 871.8
732.6 252.8
734.0 616.5
736.33 613.67
739.0 269.5
739.0 626.5
740.4 203.2
741.5 156.0
742.29 612.0
741.0 814.5
743.12 460.88
750.08 44.37
747.5 734.5
748.5 705.0
752.0 734.75
754.5 1046.0
753.5 485.0
757.38 278.38
757.5 705.5
758.67 570.33
759.67 895.33
760.88 87.12
760.0 292.5
762.29 205.5
764.55 262.81
762.5 1024.0
764.0 282.0
766.33 425.33
767.0 783.5
766.83 899.83
767.88 141.12
767.5 308.0
768.2 480.4
769.5 194.0
770.59 289.12
770.5 709.0
772.2 497.6
772.0 548.75
772.5 479.0
774.78 737.5
775.67 794.17
776.5 664.5
776.5 889.0
777.57 939.86
780.0 688.2
784.33 202.67
784.0 367.5
785.0 149.5
786.0 977.0
787.2 449.6
790.0 216.5
796.0 38.0
796.33 587.67
798.2 625.4
798.5 862.5
800.0 511.0
799.5 814.5
801.0 271.71
801.5 807.5
805.5 200.0
806.33 759.11
806.88 835.12
810.71 244.0
810.5 303.0
813.38 683.38
813.5 433.5
814.0 675.5
818.62 713.73
818.0 702.57
814.71 828.0
814.0 957.5
816.5 64.0
818.64 114.36
817.53 314.65
816.5 652.5
816.0 742.5
817.5 1023.0
819.0 560.5
819.0 586.5
821.2 223.6
823.67 857.67
824.5 239.5
825.6 273.7
824.0 457.5
826.5 290.0
828.12 419.88
827.5 463.5
827.5 602.5
829.0 0.5
831.5 179.5
832.5 244.22
832.0 654.0
837.28 83.89
836.0 191.0
835.5 808.5
838.0 1019.5
839.0 705.0
839.0 137.5
840.0 785.5
841.5 316.5
846.44 63.19
844.79 101.64
843.75 201.0
844.0 440.5
844.0 597.5
846.5 611.29
848.0 81.29
847.5 240.0
850.0 201.0
849.0 1001.5
850.0 535.5
852.38 491.62
863.97 174.78
856.37 308.92
853.5 745.0
854.5 716.5
854.0 902.0
855.0 697.0
862.62 437.47
860.11 159.67
861.41 699.88
860.0 727.5
860.88 1048.12
863.2 79.4
863.2 412.6
863.5 56.0
864.0 696.5
864.0 787.0
865.0 584.5
866.5 656.0
866.5 621.0
866.5 710.5
871.35 901.42
869.0 603.57
869.5 629.5
869.0 756.5
869.5 977.5
870.5 525.0
871.4 450.8
872.88 296.88
876.13 719.53
882.17 107.5
877.5 653.5
878.12 672.12
877.67 806.33
880.0 335.5
881.0 815.0
881.5 1057.5
885.65 614.93
882.89 661.67
885.0 709.0
888.0 363.0
888.0 373.75
889.5 391.5
888.0 484.75
888.5 302.5
890.5 344.0
890.8 668.0
892.61 398.52
890.0 1022.5
892.8 163.0
892.5 321.5
894.0 444.0
895.0 49.5
895.33 528.67
903.11 94.47
898.6 100.8
899.5 1048.27
901.0 358.5
901.5 593.5
900.0 874.5
902.0 739.0
902.5 83.0
902.5 392.5
904.17 164.17
904.33 295.89
904.33 646.33
911.56 708.26
906.5 370.0
905.0 423.5
909.79 604.3
905.33 782.67
910.5 546.5
910.5 1061.0
911.5 103.0
913.5 738.0
915.0 506.5
918.31 995.34
915.5 411.0
915.5 882.5
922.73 387.46
916.5 670.0
916.25 838.0
917.67 82.67
918.0 802.75
918.71 27.0
922.06 310.66
922.7 17.09
921.25 733.25
923.0 111.5
923.33 276.17
938.55 854.09
924.5 782.5
928.89 932.5
924.5 943.5
925.5 1022.5
927.38 590.62
926.83 981.83
927.5 219.0
927.5 597.0
928.0 871.5
928.67 753.33
929.0 625.5
931.37 659.37
930.33 228.67
932.71 587.57
932.5 1054.5
934.6 603.2
937.0 287.0
936.5 321.0
937.5 655.0
939.0 40.5
941.0 43.75
940.0 74.5
940.5 223.5
940.0 826.5
941.4 348.2
941.71 874.0
943.5 929.0
945.33 271.33
946.5 183.0
947.12 757.12
946.33 766.33
946.5 784.0
949.42 958.98
949.18 198.82
948.75 771.0
950.33 700.33
951.0 763.5
950.8 913.6
955.0 234.5
956.5 324.8
956.5 364.0
956.5 464.0
956.0 730.5
957.5 541.0
957.5 1001.5
958.5 658.5
958.5 995.0
959.0 623.5
959.67 1065.33
961.83 288.0
963.16 604.41
962.62 801.12
962.5 314.0
962.5 692.5
963.0 826.25
963.62 1063.38
964.82 381.18
963.6 481.8
964.8 719.0
964.0 75.5
966.0 365.0
966.5 45.0
966.5 976.0
968.67 33.67
969.3 385.6
969.5 474.5
969.4 758.2
971.63 265.21
970.0 507.5
970.0 538.5
970.0 712.5
973.0 741.5
974.07 954.86
973.6 511.2
975.32 941.68
977.64 686.91
974.0 771.5
975.5 786.5
976.0 222.5
977.2 1056.4
978.0 313.29
979.55 449.64
980.0 966.71
980.5 849.5
981.5 874.5
983.42 1039.58
983.2 135.4
984.0 697.5
992.25 237.73
986.8 885.4
987.5 851.5
988.0 871.5
990.0 459.0
992.57 1034.43
990.8 753.5
992.5 531.5
992.67 917.67
993.67 436.33
993.0 880.5
995.4 152.2
996.0 864.5
996.5 1066.5
997.5 635.0
1010.1 547.64
1002.2 413.6
1002.11 837.67
1007.32 89.78
1002.5 147.5
1003.47 676.87
1003.0 887.0
1003.5 54.0
1004.5 322.0
1007.36 761.36
1003.5 859.5
1006.5 166.71
1005.33 475.33
1006.33 57.67
1006.88 196.12
1009.5 1066.0
1010.0 651.5
1010.0 777.5
1011.5 734.5
1013.6 224.2
1014.5 259.5
1014.0 300.5
1016.77 1030.57
1015.0 565.5
1017.0 125.25
1017.12 195.88
1017.0 369.5
1018.5 135.5
1018.14 969.71
1018.5 850.0
1018.5 996.0
1019.62 1072.38
1019.8 400.4
1019.25 921.0
1021.5 789.5
1025.43 826.67
1022.71 1003.0
1024.5 53.0
1023.5 254.0
1024.0 157.5
1024.5 1039.0
1027.0 817.5
1028.29 128.0
1031.5 560.0
1031.5 884.0
1040.94 957.91
1033.67 1035.33
1035.5 129.5
1035.5 296.5
1035.33 725.67
1035.0 862.5
1038.95 631.64
1037.5 510.0
1038.33 784.17
1037.5 872.5
1038.5 1038.5
1039.0 732.5
1041.0 422.0
1041.0 946.5
1042.2 46.4
1041.0 432.5
1042.6 476.8
1043.89 525.72
1045.75 978.67
1044.0 1014.5
1046.44 844.31
1047.0 803.0
1046.8 1063.6
1047.5 159.5
1050.37 914.19
1049.0 607.0
1049.2 750.4
1052.42 670.25
1052.0 345.5
1052.67 86.33
1053.0 460.5
1053.67 903.67
1055.0 227.5
1057.37 296.21
1055.4 579.8
1056.71 870.0
1058.0 22.5
1061.0 1033.0
1062.0 1017.0
1063.5 188.0
1066.0 259.0
1066.24 867.0
1064.17 938.33
1064.5 544.5
1065.0 643.0
1066.5 904.71
1066.5 376.5
1066.5 890.5
1068.0 1010.0
1067.5 1047.0
1069.7 294.7
1069.0 29.5
1069.5 525.5
1072.28 45.89
1070.0 808.5
1071.5 843.5
1072.2 956.4
1073.5 119.0
1074.5 689.5
1073.5 1044.0
1076.8 1024.0
1078.12 178.12
1078.5 242.5
1078.5 849.0
1079.0 622.0
1080.0 1051.5
1082.12 893.12
1082.0 902.5
1082.2 1011.0
1081.33 1020.33
1082.4 393.2
1083.33 490.67
1082.5 564.0
1083.8 792.6
1084.62 832.38
1084.0 143.5
1085.88 632.41
1084.0 655.5
1085.88 506.88
1086.33 364.67
1090.67 1005.6
1088.6 687.2
1090.71 759.0
1090.0 903.0
1090.33 1034.33
1091.5 95.0
1092.0 621.5
1093.5 716.71
1092.5 817.5
1096.62 81.75
1104.53 362.55
1097.0 411.93
1097.67 332.67
1097.67 613.67
1099.12 720.88
1099.5 952.0
1100.0 326.5
1100.0 785.5
1101.0 857.0
1102.88 765.12
1104.38 16.38
1104.5 838.0
1104.33 1070.67
1106.0 111.5
1110.5 510.0
1109.0 792.5
1111.5 525.0
1114.0 640.71
1114.5 118.5
1114.67 268.67
1114.0 819.5
1114.33 914.67
1118.05 1018.44
1117.64 61.64
1117.0 377.5
1117.0 768.0
1117.6 436.6
1117.0 943.2
1119.0 1068.5
1116.5 1075.0
1118.4 138.6
1117.5 371.0
1117.67 572.67
1122.41 841.22
1119.0 698.5
1122.03 898.33
1121.36 26.09
1120.5 185.0
1120.33 582.67
1120.25 602.0
1120.0 1036.5
1121.0 318.5
1122.29 627.5
1122.0 721.0
1121.5 998.5
1122.67 824.33
1125.03 889.97
1123.67 150.33
1124.12 1077.88
1125.71 271.5
1125.0 298.5
1126.4 580.8
1127.8 1010.4
1128.6 261.8
1129.36 957.09
1129.4 28.2
1130.0 68.5
1133.14 466.61
1130.8 747.5
1130.25 1048.0
1136.24 512.69
1134.29 735.0
1133.5 744.0
1134.33 1004.33
1135.0 11.5
1137.29 440.0
1137.29 650.86
1139.7 152.7
1138.5 544.5
1139.25 973.0
1139.6 1006.2
1141.38 451.25
1140.0 502.5
1140.88 1011.88
1140.33 1059.33
1142.5 186.5
1145.75 58.42
1144.5 443.0
1148.99 652.12
1144.0 917.5
1146.0 726.5
1145.6 961.8
1147.0 310.71
1147.33 371.89
1148.33 394.83
1148.5 952.5
1149.0 52.0
1149.0 942.5
1151.0 368.0
1151.5 209.0
1151.33 758.67
1152.2 1033.6
1154.7 941.78
1153.67 356.33
1154.5 335.5
1154.5 948.0
1157.0 932.0
1157.5 98.0
1157.5 364.0
1157.5 435.0
1157.6 617.8
1158.5 801.0
1160.67 308.83
1160.0 497.5
1162.5 5.0
1161.5 260.0
1161.5 457.0
1161.5 957.0
1163.5 240.0
1165.72 425.11
1164.67 728.67
1165.0 83.0
1166.5 759.5
1168.25 323.75
1168.0 246.5
1168.5 739.0
1168.67 865.33
1169.71 142.0
1169.0 372.5
1169.0 557.5
1171.4 250.8
1179.26 1035.03
1173.12 626.12
1174.0 616.71
1181.19 101.21
1175.67 676.67
1175.8 777.6
1176.5 772.5
1176.71 1014.0
1180.05 132.8
1179.5 389.0
1179.0 421.5
1179.5 564.5
1180.5 391.5
1182.29 482.29
1180.5 648.0
1189.4 603.66
1182.67 638.67
1184.9 650.95
1184.17 694.83
1185.5 162.5
1186.5 254.0
1187.92 320.8
1187.0 866.5
1188.0 957.5
1189.5 635.71
1189.4 166.2
1190.0 299.0
1190.5 499.0
1191.5 77.5
1192.0 169.29
1191.4 362.2
1193.0 504.75
1194.5 1065.5
1195.12 450.88
1195.0 707.0
1195.0 795.5
1196.5 766.5
1198.0 593.29
1199.5 996.5
1202.2 653.6
1206.0 654.5
1205.0 1052.5
1207.62 429.62
1208.0 645.25
1209.29 368.0
1208.67 985.33
1209.0 1.5
1209.2 651.2
1212.29 849.5
1210.5 48.0
1212.12 633.88
1211.4 818.2
1214.72 1028.12
1214.0 196.5
1216.0 653.5
1217.12 12.12
1216.8 23.6
1217.0 476.0
1217.71 918.5
1224.22 872.09
1219.5 464.0
1220.11 87.67
1221.11 350.78
1220.0 483.0
1219.5 769.0
1223.0 712.0
1223.0 842.0
1225.45 664.18
1226.71 1007.5
1227.0 611.5
1230.52 646.03
1228.5 739.5
1227.33 92.67
1228.7 233.7
1228.0 318.29
1231.0 414.0
1235.32 622.61
1230.0 859.5
1230.0 959.5
1239.26 890.17
1232.38 906.38
1232.5 127.5
1233.0 371.25
1234.5 610.8
1234.5 774.0
1234.33 872.67
1235.71 1059.5
1236.5 205.0
1236.25 486.0
1236.4 687.2
1236.5 960.0
1237.5 904.5
1237.5 997.0
1238.5 850.0
1240.29 115.86
1239.5 413.5
1240.41 819.88
1240.33 158.67
1241.5 29.0
1242.0 441.5
1241.5 555.5
1241.5 561.0
1242.31 630.19
1243.0 1051.71
1244.75 496.33
1244.5 453.0
1244.5 946.5
1246.29 817.5
1245.0 873.5
1246.5 609.0
1247.25 908.67
1247.5 623.0
1248.12 863.12
1247.5 912.5
1252.81 428.28
1248.0 668.5
1251.43 761.33
1251.17 740.83
1253.14 637.93
1253.64 621.45
1252.67 720.33
1252.8 979.4
1253.0 998.29
1254.67 294.89
1256.19 788.81
1254.67 920.33
1256.71 75.5
1255.0 1074.5
1256.5 714.5
1258.67 570.33
1259.0 882.5
1261.0 342.29
1263.33 618.8
1262.12 953.12
1262.75 486.0
1262.5 784.0
1263.12 802.12
1263.75 462.0
1263.67 923.67
1265.29 557.0
1265.4 652.2
1265.5 680.0
1267.6 812.3
1268.6 248.2
1268.67 368.67
1268.0 1047.5
1270.33 600.33
1270.0 870.5
1271.0 951.0
1271.33 195.33
1271.5 328.0
1271.8 476.4
1272.2 535.4
1271.8 1058.6
1272.5 372.0
1272.67 963.67
1273.5 884.0
1273.5 890.0
1276.73 214.5
1281.57 1011.43
1277.5 129.0
1278.78 603.56
1277.5 610.0
1277.5 615.0
1278.17 1028.83
1277.83 1040.17
1278.67 169.67
1280.83 258.0
1279.5 754.0
1279.5 963.0
1280.71 514.0
1280.0 1044.5
1281.33 676.33
1281.5 713.0
1281.5 900.0
1281.5 904.0
1281.5 1066.5
1284.24 241.24
1282.67 673.33
1283.5 225.0
1283.5 440.0
1284.5 808.5
1290.0 839.23
1284.33 847.67
1285.0 1034.5
1286.89 276.67
1286.5 354.0
1286.5 514.0
1286.5 681.0
1286.33 750.67
1286.5 1051.5
1287.5 624.0
1288.75 556.0
1290.33 474.33
1290.0 1016.5
1293.5 299.0
1292.5 1059.0
1296.71 204.29
1294.8 673.0
1295.0 1024.0
1295.5 23.5
1295.8 316.4
1295.25 1043.0
1296.4 856.8
1301.2 421.4
1301.71 729.0
1302.67 1007.67
1303.5 471.5
1303.6 765.8
1304.4 393.2
1304.0 464.5
1305.4 38.2
1306.64 512.91
1306.5 344.5
1309.35 610.0
1308.12 1038.12
1310.08 938.5
1309.0 27.5
1311.0 125.5
1309.83 661.17
1310.88 314.12
1312.12 1048.41
1317.85 798.6
1317.74 233.89
1314.33 163.67
1314.0 877.5
1315.5 110.0
1318.5 890.95
1316.38 952.38
1317.5 187.5
1317.8 697.6
1317.67 876.67
1320.1 9.05
1318.0 451.5
1319.5 260.0
1321.72 298.89
1320.5 652.5
1321.5 479.0
1322.5 942.5
1323.5 12.5
1324.5 288.5
1324.67 392.67
1325.33 594.67
1326.33 818.33
1327.6 731.2
1327.5 982.5
1329.5 248.0
1329.0 360.25
1329.5 129.5
1329.5 697.0
1330.33 23.67
1331.5 944.0
1331.83 117.17
1334.36 480.45
1336.68 649.32
1337.0 230.5
1337.0 331.5
1336.5 503.5
1336.33 726.33
1341.9 896.51
1337.5 169.0
1337.67 477.33
1339.81 493.19
1340.0 572.91
1338.0 686.5
1339.5 427.5
1339.0 691.5
1339.0 851.0
1339.83 1069.17
1340.8 74.6
1340.0 743.5
1342.0 944.89
1342.0 192.0
1341.5 1024.0
1342.0 1050.0
1343.5 107.29
1344.21 344.0
1342.5 530.0
1345.29 475.0
1345.64 25.45
1345.67 75.67
1345.25 98.0
1347.38 46.62
1349.78 773.5
1350.0 478.0
1350.86 817.19
1353.31 198.71
1351.4 868.2
1351.33 1028.67
1354.16 98.84
1352.67 119.33
1352.5 319.0
1352.33 472.67
1355.0 1048.5
1356.5 142.0
1356.0 807.5
1357.5 801.0
1359.12 293.12
1359.71 503.0
1361.0 18.5
1361.8 859.4
1363.0 1050.17
1363.75 213.0
1365.5 1000.0
1365.33 1014.33
1367.0 548.0
1367.0 845.0
1367.67 592.67
1368.0 556.5
1369.5 314.0
1369.33 998.67
1370.5 456.5
1370.5 810.0
1370.33 951.33
1372.67 347.89
1372.09 776.36
1373.12 91.88
1372.5 290.0
1373.5 572.5
1374.72 887.89
1380.47 104.13
1375.29 302.0
1375.5 832.5
1376.0 25.5
1378.21 166.5
1377.0 332.5
1377.0 344.0
1377.0 714.5
1377.5 2.5
1378.5 390.5
1378.5 525.5
1377.5 775.0
1378.5 419.0
1378.5 588.5
1379.0 603.8
1379.5 844.0
1380.0 225.5
1380.75 520.25
1380.0 561.5
1381.0 282.5
1381.5 686.0
1383.0 124.71
1382.0 482.5
1386.15 782.33
1385.0 806.5
1385.0 638.0
1386.5 961.5
1388.36 673.09
1389.0 644.5
1389.5 755.0
1389.6 35.8
1389.5 638.0
1390.17 945.17
1391.0 15.29
1393.5 113.0
1394.0 759.5
1401.58 962.52
1395.33 436.33
1397.2 824.6
1398.5 702.2
1397.5 1070.0
1398.5 175.0
1399.0 197.5
1399.4 297.2
1399.5 558.0
1400.0 644.29
1408.36 832.56
1401.5 666.0
1404.12 60.88
1404.5 799.0
1404.5 1028.0
1405.0 448.5
1405.5 476.5
1406.5 115.0
1407.5 210.5
1407.5 253.5
1410.84 740.3
1407.5 757.5
1407.88 821.12
1407.6 896.8
1408.0 526.5
1409.17 590.83
1409.0 845.5
1411.0 376.8
1412.12 121.88
1411.5 157.5
1411.0 388.5
1411.4 726.2
1412.5 224.5
1413.62 528.62
1412.67 794.33
1412.5 917.0
1413.8 113.2
1413.83 136.83
1414.0 662.2
1416.0 503.5
1416.5 110.0
1416.5 590.0
1419.0 176.5
1419.5 451.5
1420.44 820.67
1419.5 1019.0
1420.5 280.0
1420.4 480.8
1423.16 1077.23
1421.5 721.0
1422.5 649.0
1424.0 555.5
1429.86 234.69
1425.8 710.4
1425.0 878.5
1427.8 72.6
1431.92 184.2
1429.5 500.0
1429.5 589.0
1429.25 670.75
1430.33 755.33
1434.08 84.46
1432.29 776.0
1432.5 540.0
1435.46 331.85
1435.84 623.16
1434.67 650.33
1434.0 807.5
1435.5 195.0
1437.0 552.62
1435.5 856.5
1435.33 899.33
1436.5 686.5
1436.5 926.0
1438.0 423.71
1438.5 912.0
1440.5 172.5
1441.5 680.0
1444.0 144.5
1445.0 519.5
1448.0 787.29
1449.0 713.29
1450.0 92.0
1450.0 557.5
1451.33 318.67
1452.0 720.5
1451.33 836.33
1452.5 34.0
1453.12 814.12
1452.5 896.0
1453.5 195.0
1453.5 482.5
1455.33 159.25
1455.38 282.38
1456.91 583.91
1457.5 65.0
1458.67 217.67
1458.67 374.33
1459.2 312.6
1459.5 484.5
1459.0 512.5
1460.5 5.0
1466.58 190.68
1460.8 757.6
1460.88 946.88
1461.8 461.4
1461.5 805.0
1463.89 799.72
1463.0 943.0
1464.5 247.5
1464.33 262.67
1465.5 283.5
1465.5 979.0
1466.33 394.67
1467.5 41.5
1468.8 775.5
1468.6 707.2
1469.71 453.0
1469.0 1076.5
1471.0 732.0
1472.5 333.5
1483.94 674.04
1474.33 340.33
1474.5 602.5
1474.5 705.5
1476.5 288.5
1477.5 765.5
1477.5 804.5
1477.83 825.17
1478.6 223.2
1479.5 609.71
1479.0 640.25
1481.82 658.18
1480.0 927.0
1481.29 1008.5
1484.5 824.0
1489.94 870.85
1486.0 911.29
1485.33 1002.67
1486.88 551.88
1488.0 775.25
1488.67 761.33
1489.0 450.5
1490.39 706.28
1490.33 7.67
1490.0 594.5
1490.5 834.5
1492.0 256.71
1492.2 546.4
1492.71 216.0
1493.25 232.0
1494.0 749.5
1501.3 828.14
1495.89 678.33
1499.78 981.22
1498.29 201.5
1497.5 254.0
1498.0 715.25
1501.28 275.93
1500.5 177.5
1500.5 567.0
1500.0 912.5
1501.33 496.33
1501.33 812.67
1503.72 903.59
1502.5 1056.29
1502.5 68.5
1502.5 307.5
1502.5 787.5
1503.5 512.5
1503.67 535.33
1506.4 935.4
1508.57 337.77
1507.67 451.33
1509.2 603.6
1508.0 713.5
1509.2 838.0
1508.67 955.33
1509.0 178.5
1511.0 113.71
1511.0 434.0
1511.5 823.2
1512.0 255.5
1513.0 312.0
1512.5 649.0
1513.67 179.67
1516.79 352.14
1514.0 557.0
1515.59 641.12
1514.5 840.0
1516.0 828.71
1516.5 293.5
1516.0 751.5
1519.5 979.0
1521.0 300.5
1522.33 249.17
1522.76 590.38
1523.0 863.0
1523.2 1066.4
1529.85 280.24
1523.83 386.83
1524.2 551.4
1525.0 456.5
1526.0 965.0
1526.4 618.2
1527.5 915.5
1529.29 719.0
1530.22 946.91
1530.5 598.5
1529.67 651.33
1530.8 28.6
1530.5 249.0
1530.71 856.0
1531.5 404.0
1531.67 811.67
1531.5 899.0
1533.5 409.5
1534.0 137.0
1537.76 843.08
1535.71 110.0
1535.0 713.5
1537.41 319.88
1543.28 788.72
1537.0 952.71
1538.87 82.53
1539.5 472.5
1539.0 835.25
1539.0 152.5
1540.67 943.25
1541.0 305.25
1540.88 547.88
1541.33 315.33
1541.5 559.5
1541.8 622.6
1541.5 930.0
1542.5 327.0
1543.0 562.71
1544.98 828.59
1545.38 658.76
1544.0 626.0
1547.0 802.0
1548.0 887.0
1548.0 626.71
1550.0 399.29
1549.29 878.0
1551.05 938.58
1551.0 597.17
1549.0 1056.5
1550.5 332.5
1550.0 502.5
1550.0 804.5
1552.0 253.75
1551.33 853.67
1552.5 304.5
1554.29 245.0
1553.88 542.12
1553.5 557.5
1556.09 919.06
1555.12 527.12
1555.3 975.3
1554.5 1043.5
1555.75 664.25
1557.5 681.5
1555.25 781.0
1555.5 805.0
1556.0 837.5
1558.57 934.82
1558.12 349.88
1559.5 829.79
1563.17 371.0
1564.67 577.59
1563.59 657.26
1562.5 271.5
1565.21 664.71
1564.0 738.5
1566.21 759.0
1564.5 930.0
1565.8 133.6
1565.25 714.0
1566.88 498.12
1567.5 915.5
1567.5 944.5
1569.12 353.12
1569.0 3.5
1570.0 622.5
1571.2 688.92
1570.25 466.0
1571.33 129.67
1572.5 724.0
1573.5 230.0
1575.88 631.88
1576.33 838.25
1577.12 52.88
1577.0 548.0
1576.25 822.0
1577.83 467.83
1578.0 538.75
1578.55 608.36
1579.79 715.79
1585.11 765.57
1579.71 525.0
1579.5 552.0
1580.14 687.36
1590.44 904.58
1581.75 323.67
1580.0 933.5
1581.5 330.0
1581.5 955.0
1582.5 164.0
1585.36 841.91
1585.88 160.88
1585.8 453.5
1586.0 954.0
1585.8 1012.6
1586.0 663.5
1589.0 858.5
1591.8 284.4
1591.5 414.0
1591.33 561.33
1593.67 659.33
1593.67 714.67
1595.38 410.62
1595.8 576.4
1595.0 843.5
1596.4 93.2
1596.5 694.0
1596.5 750.0
1597.5 231.0
1599.63 728.63
1597.5 856.5
1600.35 74.47
1598.5 313.0
1599.12 1008.12
1600.0 786.5
1601.89 184.33
1602.5 279.0
1605.0 34.0
1603.88 326.88
1603.5 723.5
1605.89 632.83
1612.26 705.18
1608.0 277.0
1614.37 746.68
1606.33 113.33
1607.29 532.0
1606.5 628.0
1609.0 672.31
1606.5 862.5
1608.2 103.6
1607.5 386.0
1609.5 793.21
1611.33 663.44
1610.75 164.67
1610.33 735.33
1613.82 443.82
1612.6 288.2
1612.33 546.33
1613.0 586.5
1613.0 982.0
1615.5 278.2
1616.0 685.0
1616.5 299.0
1616.0 486.5
1616.5 611.5
1618.0 644.5
1617.12 729.88
1617.0 1013.29
1618.0 809.25
1620.11 28.22
1622.2 603.08
1624.27 683.7
1619.0 903.5
1620.0 370.5
1620.0 920.5
1620.0 1013.5
1622.0 341.71
1622.67 733.67
1624.5 284.0
1625.14 664.93
1624.33 75.33
1628.51 711.27
1626.5 130.0
1626.91 507.36
1626.33 1031.33
1628.0 51.71
1629.73 7.0
1629.67 114.67
1630.8 294.4
1630.71 1048.0
1631.33 1.33
1635.09 400.79
1633.5 960.0
1635.0 307.0
1636.5 5.0
1636.5 184.5
1638.0 109.25
1637.67 930.33
1638.67 443.67
1639.71 1007.5
1639.0 508.5
1643.32 668.47
1639.8 847.6
1641.29 553.0
1640.0 761.5
1641.5 450.0
1642.0 651.0
1641.5 827.5
1644.5 479.0
1644.67 935.33
1644.5 1035.0
1646.0 861.25
1649.0 567.0
1650.68 657.32
1651.5 304.5
1651.06 909.24
1650.8 406.4
1650.5 539.0
1651.33 507.33
1652.0 950.5
1652.67 410.33
1652.5 594.5
1653.5 2.0
1654.5 250.0
1653.5 492.5
1653.5 1015.5
1654.5 520.0
1654.5 551.5
1655.0 592.17
1655.2 778.0
1657.5 141.5
1657.71 501.5
1656.5 793.0
1661.12 981.77
1657.75 788.0
1658.67 961.33
1660.69 891.88
1659.33 1055.33
1660.0 244.5
1660.5 433.0
1660.0 709.5
1661.2 747.5
1661.5 343.0
1661.5 448.0
1664.85 56.15
1662.5 278.0
1663.0 671.2
1663.29 723.0
1662.88 811.12
1664.5 833.0
1664.0 91.5
1664.0 396.5
1664.83 756.17
1666.5 227.0
1666.5 444.0
1667.5 256.5
1667.5 731.0
1669.27 775.5
1670.5 229.0
1670.71 659.0
1674.83 2.57
1674.0 260.5
1675.25 596.0
1675.0 728.5
1675.4 904.0
1676.5 706.0
1677.12 823.12
1678.2 399.6
1679.0 231.71
1679.5 72.5
1679.5 242.5
1679.0 806.5
1679.5 884.5
1680.4 75.8
1680.0 912.5
1681.0 993.2
1681.5 58.0
1682.29 659.0
1681.4 866.2
1685.0 535.66
1683.0 641.25
1683.0 763.5
1684.4 671.6
1688.52 722.06
1685.88 64.12
1685.0 612.5
1686.8 882.0
1686.88 473.12
1693.08 1037.78
1688.0 304.25
1689.12 352.88
1689.0 522.29
1688.5 606.0
1689.0 582.5
1691.0 453.5
1690.33 475.33
1691.5 544.0
1694.56 655.39
1694.83 368.83
1696.5 645.5
1695.0 901.5
1697.11 1019.28
1696.33 545.33
1696.5 578.5
1698.5 636.5
1699.33 650.89
1699.53 701.13
1699.67 170.33
1700.0 319.0
1699.33 473.67
1699.5 770.0
1700.0 202.0
1701.17 1054.17
1706.42 544.02
1705.17 762.33
1705.33 712.67
1706.88 375.88
1708.88 906.41
1708.75 818.0
1709.5 40.0
1709.5 513.0
1709.5 611.0
1710.0 425.5
1712.5 344.0
1713.5 358.5
1713.5 548.0
1712.67 920.33
1714.8 944.0
1722.39 519.48
1716.1 615.95
1715.8 588.6
1717.08 979.92
1717.67 301.33
1717.67 879.33
1718.5 99.0
1719.5 641.0
1720.0 421.5
1720.83 1010.17
1721.5 131.5
1722.5 50.0
1722.5 542.0
1724.29 584.0
1723.5 758.0
1725.0 69.0
1724.0 82.0
1726.09 305.09
1724.5 473.0
1724.0 565.5
1725.15 971.46
1725.8 283.6
1727.5 54.0
1728.0 684.0
1727.5 707.5
1728.29 746.0
1727.5 774.0
1727.5 785.0
1728.12 868.12
1727.5 927.0
1728.2 963.6
1728.83 584.17
1729.5 288.0
1729.5 414.0
1729.67 765.33
1729.0 826.5
1731.92 251.08
1731.8 40.4
1732.5 108.0
1732.67 367.67
1732.5 699.0
1734.5 87.29
1736.28 309.11
1735.2 660.4
1735.33 176.33
1738.29 540.11
1736.5 99.0
1737.5 390.0
1737.8 784.6
1739.67 165.0
1739.83 409.83
1739.88 938.12
1740.0 61.5
1743.33 744.43
1742.0 20.71
1741.5 357.5
1741.5 767.5
1742.0 845.5
1742.2 999.6
1742.5 655.5
1747.07 134.19
1744.5 297.0
1744.0 792.0
1746.5 376.5
1747.0 449.5
1748.0 124.0
1747.5 315.0
1747.5 1070.5
1748.75 422.0
1755.04 717.41
1749.12 778.12
1749.67 489.33
1750.5 484.0
1752.47 447.87
1755.12 645.12
1752.5 995.0
1753.6 296.8
1757.8 651.4
1758.5 471.5
1760.33 289.67
1760.88 616.88
1760.5 661.0
1763.5 413.5
1764.0 709.5
1767.0 782.5
1765.0 1047.5
1767.0 750.0
1767.11 771.44
1767.5 89.0
1767.5 210.0
1767.83 321.83
1768.5 859.0
1768.8 872.0
1769.0 739.5
1770.0 1030.71
1771.0 889.0
1771.5 770.0
1773.0 741.0
1773.75 562.0
1774.0 583.0
1773.5 705.5
1773.83 879.17
1773.67 974.67
1774.5 643.0
1777.5 451.0
1777.5 364.5
1778.5 445.0
1778.5 724.0
1779.5 788.5
1780.29 836.0
1781.0 50.0
1780.0 317.5
1781.0 1000.71
1782.5 272.5
1782.67 551.33
1783.75 752.0
1785.0 679.71
1785.5 1069.0
1785.5 146.5
1785.0 262.5
1787.5 150.0
1788.2 397.6
1787.5 872.5
1788.5 59.0
1788.5 87.0
1788.67 786.33
1789.88 403.12
1791.0 28.75
1791.5 407.5
1791.2 554.4
1791.2 616.4
1791.29 723.0
1791.0 1070.25
1791.5 337.0
1791.0 812.5
1793.45 259.75
1792.5 509.0
1794.38 233.62
1793.5 254.0
1796.0 343.3
1796.0 433.75
1797.78 442.5
1797.25 530.5
1797.12 698.12
1797.71 481.0
1800.3 380.0
1799.29 662.0
1799.0 430.5
1803.5 514.0
1803.67 550.33
1804.0 804.5
1805.33 100.33
1807.22 523.09
1807.5 1007.92
1809.0 586.5
1810.33 832.67
1811.33 267.67
1813.84 950.38
1813.67 234.11
1813.88 559.41
1813.67 478.67
1813.5 726.5
1816.0 829.5
1818.0 592.0
1819.41 745.72
1818.83 578.33
1819.0 722.5
1821.25 310.33
1823.63 719.32
1822.5 76.5
1822.5 232.5
1823.0 688.29
1822.5 695.5
1825.33 391.33
1828.0 211.0
1828.75 415.0
1828.5 430.0
1830.5 941.5
1831.5 462.0
1831.5 769.0
1832.5 521.0
1833.5 581.5
1835.0 512.29
1834.0 545.5
1836.64 124.86
1835.5 1048.0
1837.0 86.5
1838.67 524.75
1839.42 735.42
1839.5 363.5
1838.67 665.33
1841.14 557.21
1839.5 634.0
1840.5 132.5
1841.0 389.0
1841.0 576.5
1842.5 671.0
1843.0 801.0
1843.5 726.5
1846.43 57.02
1845.5 833.5
1846.5 481.0
1849.54 501.15
1849.0 608.0
1849.83 669.67
1850.85 262.46
1850.67 677.33
1852.0 372.0
1852.0 528.71
1851.8 563.6
1851.5 837.5
1853.09 355.36
1852.5 534.5
1853.5 278.0
1855.8 72.6
1855.8 128.6
1856.71 629.5
1856.0 696.5
1856.5 721.5
1856.5 1012.5
1859.0 214.0
1860.09 397.91
1860.94 469.34
1859.12 716.88
1860.11 804.28
1859.83 747.83
1860.0 929.5
1862.62 493.62
1861.33 587.67
1861.5 617.0
1861.83 1022.83
1865.0 484.29
1864.5 974.0
1868.85 177.5
1865.0 294.5
1866.5 490.0
1866.0 681.0
1867.0 645.71
1868.0 403.0
1869.5 410.21
1867.5 653.0
1868.5 18.0
1869.0 133.29
1868.5 474.0
1869.6 218.2
1871.2 535.4
1871.5 206.0
1871.5 347.5
1875.06 366.16
1871.5 711.5
1876.74 15.84
1875.38 527.38
1876.5 439.5
1876.4 813.2
1880.48 418.61
1880.5 341.5
1881.57 388.71
1880.25 687.0
1881.0 1075.0
1883.5 199.8
1882.5 244.5
1886.5 428.29
1884.0 247.5
1884.0 544.5
1886.0 242.2
1885.5 557.5
1886.0 567.2
1888.0 648.0
1886.5 746.5
1888.0 191.71
1887.67 455.33
1888.12 728.12
1888.5 148.5
1889.0 445.5
1890.5 246.5
1890.5 999.0
1891.5 94.0
1891.5 474.0
1891.8 1069.4
1892.5 58.0
1893.2 275.0
1894.0 316.0
1894.5 427.0
1897.24 468.24
1896.89 525.11
1896.2 89.4
1895.0 644.5
1895.5 671.0
1897.5 343.0
1896.0 718.5
1896.33 907.67
1897.5 106.5
1897.5 438.0
1900.33 793.67
1903.5 771.67
1904.0 444.5
1904.7 18.3
1903.5 385.0
1904.36 810.45
1904.33 104.67
1905.67 456.89
1904.0 982.5
1905.83 407.83
1906.6 690.6
1907.25 234.67
1907.8 564.4
1907.5 1057.5
1910.71 426.0
1914.87 246.57
1910.71 443.0
1911.0 476.5
1911.5 82.5
1911.5 480.5
1911.5 751.5
1913.33 487.89
1914.2 142.0
1914.0 533.29
1914.67 117.67
1915.0 456.5
1916.5 40.0
1916.88 510.88
1916.5 540.0
1918.12 599.5
1918.75 536.0
1919.0 751.5
!