1.22 30.13
7.24 851.36
11.0 752.0
15.0 55.5
15.0 950.0
19.0 1044.5
24.5 494.0
27.67 598.67
31.5 909.0
33.9 389.05
32.5 499.0
42.18 794.82
46.5 101.5
49.0 998.5
57.71 575.5
62.5 113.5
67.5 1064.5
73.11 564.67
76.5 136.0
81.5 116.0
86.88 917.12
100.74 510.32
96.5 21.0
97.5 188.0
102.5 636.5
107.5 609.5
112.5 966.0
115.71 26.5
115.8 781.4
117.0 876.0
122.24 269.24
120.88 306.88
128.04 235.6
135.33 1003.67
143.0 462.5
147.71 307.0
157.0 522.0
160.33 577.67
162.5 946.5
164.5 368.2
167.5 759.0
168.0 807.0
171.5 297.0
172.0 406.0
173.75 618.0
183.75 487.0
184.0 856.5
188.88 662.12
196.71 147.0
198.5 265.0
200.12 422.12
208.67 517.89
215.5 521.0
217.2 814.0
216.33 832.67
221.5 861.5
222.83 665.83
223.5 989.5
228.53 36.87
236.0 474.0
247.0 484.2
249.0 885.5
249.33 1036.33
251.25 383.0
257.5 508.0
270.45 1045.64
276.37 30.21
276.5 51.5
277.5 124.0
278.0 600.5
281.0 715.71
282.0 413.0
291.5 857.5
295.0 806.5
301.5 863.5
303.5 53.0
305.0 59.5
309.5 452.5
316.68 214.6
313.12 237.12
312.5 383.0
315.58 1048.58
316.5 104.0
327.2 247.6
327.8 103.6
328.12 130.88
328.75 998.0
330.8 666.4
337.5 209.5
338.5 663.0
341.0 824.75
343.67 401.33
353.0 852.0
356.5 325.5
354.0 946.5
356.6 1003.6
372.0 544.71
372.5 482.5
391.4 780.8
393.67 1043.67
399.0 348.5
400.71 140.0
404.0 416.5
404.67 637.67
410.12 754.88
411.4 86.04
412.5 840.0
413.0 533.5
416.21 900.0
417.29 746.5
418.2 254.5
418.71 742.0
420.33 891.33
437.0 916.0
436.5 1062.5
442.5 500.0
443.5 664.0
445.0 325.5
448.67 530.33
451.33 223.67
455.4 420.8
463.2 30.5
466.5 755.0
471.5 612.5
473.0 1046.0
475.0 425.5
480.24 585.62
481.5 630.0
483.6 409.2
485.62 588.38
489.67 124.33
493.93 743.86
492.91 918.64
493.5 420.5
496.12 433.88
497.67 176.33
501.0 839.5
504.44 477.75
532.0 804.0
538.0 457.0
540.0 162.5
545.0 191.5
547.59 694.0
554.71 123.29
556.88 291.12
559.0 569.5
561.0 938.5
569.71 812.0
575.32 658.82
580.8 758.6
583.5 262.0
587.67 590.11
594.5 677.0
600.38 9.38
602.5 665.0
602.0 692.5
604.5 925.5
610.71 357.0
613.0 80.0
629.12 25.88
629.0 298.5
630.33 450.75
632.29 74.0
632.0 128.0
644.57 150.67
643.67 50.33
646.11 512.33
646.33 206.33
649.0 447.5
652.67 229.67
657.5 296.0
657.5 967.5
666.75 230.33
668.0 675.2
676.8 206.4
681.67 572.67
682.0 1044.75
688.29 286.5
693.7 82.4
694.5 642.0
695.33 597.67
697.0 88.5
701.0 719.25
701.0 706.5
703.18 760.82
705.0 805.5
710.16 543.84
710.89 381.33
716.0 247.29
715.33 1039.33
720.88 378.12
734.34 527.7
731.5 237.0
736.33 993.67
737.5 313.5
738.6 749.8
743.0 876.29
748.6 1077.23
751.71 516.5
756.0 688.29
757.5 896.5
761.67 134.8
764.5 548.0
764.71 629.0
774.5 801.5
778.5 442.0
784.5 521.5
791.76 620.36
791.62 667.38
791.5 611.5
805.88 1031.88
806.4 41.8
821.8 739.08
827.5 518.5
828.67 575.33
831.4 946.8
839.21 331.37
845.0 223.0
845.0 885.5
850.2 429.4
863.68 957.41
863.29 914.0
863.0 327.5
867.5 1075.5
869.5 775.0
877.5 1064.5
885.5 567.0
908.5 633.0
906.29 294.5
906.8 905.4
907.5 407.5
921.5 839.5
923.38 250.62
926.5 269.0
934.67 274.33
957.53 667.87
962.0 184.29
968.8 196.0
971.4 23.2
974.71 123.0
975.5 975.0
980.0 1012.5
996.21 326.63
998.17 53.17
997.5 839.0
1001.38 591.62
1002.2 384.0
1002.2 426.4
1005.5 859.0
1010.5 742.5
1017.5 307.5
1019.6 159.8
1028.5 832.0
1030.0 1063.5
1042.2 972.6
1046.5 335.0
1047.5 811.5
1047.5 975.0
1051.0 522.0
1053.0 734.0
1063.0 616.0
1065.5 310.0
1072.5 534.0
1077.2 572.6
1077.5 267.5
1086.0 381.5
1090.68 499.6
1087.5 712.5
1087.67 903.67
1094.27 58.82
1099.12 640.88
1099.0 332.5
1105.8 843.0
1107.09 848.91
1109.0 141.0
1115.47 486.13
1116.17 574.83
1116.5 71.5
1127.0 349.25
1126.5 858.0
1134.8 54.89
1131.33 1018.67
1135.0 926.5
1141.0 497.0
1143.5 784.0
1156.33 192.67
1157.0 431.5
1161.23 596.57
1165.2 243.0
1164.33 496.33
1167.38 443.62
1166.5 625.0
1173.5 164.0
1175.0 1068.75
1177.5 932.71
1180.35 1061.57
1177.5 314.0
1193.0 940.0
1204.67 636.33
1208.75 31.0
1212.29 641.0
1212.5 536.5
1212.5 849.5
1214.5 241.5
1215.0 780.25
1235.75 519.38
1235.4 565.8
1245.88 861.88
1248.0 1048.29
1250.0 146.5
1252.0 1062.0
1253.67 574.67
1254.2 970.0
1256.5 25.0
1262.67 846.78
1268.4 1026.4
1269.5 145.0
1282.67 547.67
1284.5 269.0
1285.5 857.0
1290.5 531.5
1300.0 601.0
1302.5 791.0
1303.5 964.0
1306.33 555.33
1322.12 1039.12
1334.89 403.38
1332.5 197.0
1335.0 1014.5
1348.33 926.33
1351.5 142.5
1356.33 727.67
1359.0 31.5
1361.2 96.4
1362.33 806.33
1366.12 248.12
1380.19 703.86
1384.0 2.5
1387.5 441.5
1388.67 672.67
1391.92 514.67
1392.5 95.5
1397.67 980.67
1399.2 499.4
1405.0 835.5
1406.88 788.12
1415.4 485.2
1422.28 180.74
1417.2 579.6
1417.57 825.0
1427.0 146.5
1430.88 722.88
1431.67 665.17
1432.5 746.5
1433.5 862.0
1433.88 727.12
1444.64 620.45
1453.2 47.0
1464.5 798.5
1471.33 1007.67
1484.62 209.62
1489.64 805.45
1490.0 795.25
1492.11 736.28
1491.0 283.5
1491.5 436.0
1499.64 283.55
1510.0 454.0
1512.0 298.5
1516.25 346.25
1516.5 418.0
1518.12 113.88
1521.2 688.6
1521.33 106.33
1529.5 150.0
1530.0 970.5
1540.33 178.33
1543.0 1030.0
1544.33 999.67
1546.0 203.0
1548.67 1016.33
1551.5 537.5
1560.33 1062.67
1566.8 109.6
1571.0 863.5
1574.32 754.32
1577.0 334.5
1581.0 261.29
1581.5 351.71
1582.0 999.5
1583.0 274.5
1586.0 1064.0
1586.5 287.5
1587.5 428.5
1588.84 861.05
1598.0 365.0
1597.67 432.67
1599.5 1024.0
1601.33 774.89
1610.71 57.5
1613.5 434.0
1614.11 629.67
1619.5 849.5
1626.0 35.0
1631.09 512.91
1634.0 651.0
1634.67 574.33
1637.46 323.92
1635.0 512.5
1637.5 255.0
1646.5 746.5
1656.0 570.0
1659.33 903.33
1669.7 1024.3
1674.88 464.12
1676.0 4.0
1676.33 114.67
1678.0 240.5
1680.8 451.4
1680.5 817.5
1684.5 364.5
1696.0 592.29
1707.67 775.33
1711.67 759.89
1710.5 917.5
1713.5 896.5
1715.71 985.0
1725.5 252.19
1722.2 546.4
1725.91 541.64
1729.0 684.5
1730.5 327.5
1737.0 406.0
1742.5 306.71
1744.5 98.0
1752.0 907.5
1752.67 261.33
1757.67 251.33
1758.12 656.12
1758.5 145.5
1760.0 822.5
1773.0 245.0
1780.0 772.0
1781.63 186.21
1786.65 758.23
1781.0 1049.0
1795.4 196.8
1799.0 581.5
1805.89 825.04
1801.5 890.5
1808.23 627.85
1818.0 296.5
1817.71 305.0
1822.2 671.4
1829.0 731.29
1830.9 599.05
1834.0 155.5
1834.5 501.5
1840.0 574.5
1841.0 610.0
1841.5 477.5
1847.21 504.64
1853.0 1005.0
1859.54 398.92
1863.0 268.0
1862.62 323.62
1865.0 454.17
1865.5 354.0
1870.33 762.67
1874.0 990.5
1885.5 348.0
1886.5 599.0
1892.17 112.6
1890.25 144.0
1891.5 564.0
1906.25 76.0
1907.2 867.6
1917.67 583.25
1917.5 391.5
!