1.33 535.0
3.93 626.77
1.29 753.5
0.5 772.5
3.5 212.5
5.33 34.67
9.5 522.5
14.72 860.11
22.89 770.34
21.5 373.5
29.29 778.0
35.0 420.0
36.8 641.08
46.5 427.0
55.5 519.5
57.0 643.5
57.33 812.33
60.67 169.67
63.0 469.0
62.0 770.5
65.0 352.5
66.5 336.0
66.5 538.0
67.5 122.5
67.5 178.0
69.11 116.33
69.0 830.5
70.5 376.5
73.5 821.0
77.5 251.0
88.33 300.33
89.33 420.67
90.5 785.0
92.5 446.0
95.5 857.5
101.5 687.5
106.67 811.67
109.5 513.0
109.67 839.33
110.5 289.5
110.0 770.5
111.33 665.67
112.5 436.0
114.0 825.5
119.5 417.0
125.5 624.0
127.47 503.87
127.5 334.0
129.0 375.5
131.5 558.0
138.67 477.67
141.37 721.37
142.33 128.89
141.0 713.5
143.0 195.29
142.33 665.33
146.5 436.5
151.71 382.5
150.67 791.33
154.5 34.0
154.5 201.0
157.0 55.8
161.67 300.33
162.5 633.0
162.67 649.33
163.5 452.0
166.0 116.29
172.33 447.67
175.5 140.0
178.5 124.5
180.0 62.5
183.33 205.67
183.5 217.0
183.0 727.5
184.5 612.5
185.33 694.67
185.8 761.4
188.0 328.75
188.29 387.0
188.0 616.25
188.0 832.5
189.5 201.0
194.83 612.17
201.5 158.5
202.0 531.5
203.71 151.0
205.8 600.0
205.5 3.0
211.24 444.76
211.88 251.88
211.5 753.0
214.62 104.62
214.0 506.0
214.67 49.33
217.0 621.5
222.0 670.25
222.33 145.33
225.09 124.09
223.0 536.5
223.67 836.33
232.5 547.5
236.0 34.5
241.0 509.5
243.33 255.67
248.0 308.5
256.5 104.0
258.0 637.71
259.0 201.0
262.12 47.88
267.25 130.38
266.0 418.5
269.0 677.5
269.67 847.67
270.5 203.5
271.0 308.5
275.5 194.0
275.83 502.17
281.0 166.5
281.5 524.5
286.5 635.0
295.67 511.33
296.5 579.0
298.2 52.6
298.0 680.29
297.0 837.5
302.0 130.5
303.5 420.0
305.33 373.33
307.0 305.5
308.67 393.33
309.8 798.0
310.67 79.89
309.5 495.5
310.0 604.5
313.0 498.5
315.0 44.5
317.0 485.5
317.75 201.0
317.67 224.33
317.0 740.5
320.5 860.0
326.5 454.0
327.67 530.67
328.67 826.33
335.41 291.88
336.67 779.33
339.5 330.5
341.25 826.0
342.33 690.33
343.5 841.0
349.5 400.5
350.0 257.71
351.0 244.29
353.0 580.0
352.75 805.0
353.5 272.5
357.5 305.5
358.5 51.0
364.8 549.6
364.0 746.5
366.5 480.0
367.5 588.5
369.8 838.0
370.0 342.5
370.0 680.5
378.5 181.0
378.33 391.33
379.0 497.5
381.0 730.5
383.5 351.0
383.67 64.33
383.0 268.5
386.0 671.5
389.0 488.5
394.5 333.0
400.0 325.5
402.67 685.67
403.5 437.0
403.5 837.0
404.67 103.67
404.88 486.88
406.5 471.0
408.29 704.0
409.29 326.5
412.85 192.54
412.11 517.33
412.5 714.0
414.0 422.5
415.5 541.0
418.0 392.0
416.5 420.0
418.5 624.0
420.33 617.33
423.5 335.5
423.33 345.33
423.5 531.0
425.12 768.12
432.0 764.5
436.33 560.67
438.5 179.0
440.5 705.5
443.5 358.5
446.5 795.5
449.5 585.0
454.0 65.5
454.5 716.5
460.0 60.0
462.5 433.5
466.5 790.0
470.0 625.5
470.5 803.5
473.0 277.5
475.0 539.5
476.5 489.0
479.5 563.0
488.5 798.0
490.0 273.71
497.5 466.0
501.5 95.0
501.0 828.5
502.0 3.5
505.33 253.67
505.0 383.5
505.5 631.5
509.62 809.15
512.0 532.5
513.67 634.33
515.5 6.5
518.0 412.5
521.0 359.5
523.5 109.0
525.5 99.5
528.89 198.72
527.67 502.33
530.0 480.5
530.0 490.5
530.33 694.67
531.0 559.5
538.5 127.0
539.12 712.88
539.5 145.0
545.5 575.5
550.0 260.5
550.5 292.5
554.25 291.0
558.5 437.0
562.64 74.09
561.0 114.5
568.0 293.5
570.17 813.83
570.5 832.0
573.0 50.5
575.5 219.0
575.5 394.0
576.5 612.0
577.5 374.5
577.75 738.25
579.0 638.5
580.0 553.5
583.0 339.5
584.0 550.5
585.2 688.6
585.5 633.5
586.0 395.5
587.2 459.6
590.8 539.0
591.0 148.5
593.0 225.0
592.0 249.5
594.5 411.0
594.6 435.8
594.33 757.67
598.5 555.5
600.38 719.88
602.5 537.0
605.5 104.5
608.0 769.5
609.5 720.0
609.67 859.67
611.0 402.71
615.5 742.0
617.5 364.0
618.0 705.5
619.67 663.33
620.5 242.0
620.5 405.5
621.0 802.5
622.5 293.0
624.0 391.75
629.33 580.88
635.5 256.5
635.0 702.5
635.5 835.5
636.5 140.5
637.5 495.0
640.2 192.6
639.5 530.0
645.88 345.12
640.8 355.6
643.29 222.0
645.72 314.81
645.0 254.71
645.0 804.5
648.0 324.5
649.83 751.17
656.0 157.5
657.0 193.29
657.67 316.67
659.0 456.5
666.05 59.63
665.5 51.5
666.5 221.5
667.5 27.5
667.5 579.0
667.83 683.83
673.5 739.5
675.33 511.33
676.33 136.67
676.5 542.0
677.5 18.0
681.67 524.43
680.5 9.0
682.09 580.91
689.72 17.11
695.5 523.79
694.0 537.5
697.67 513.33
697.5 816.0
699.0 646.75
701.0 147.0
708.5 294.0
709.5 422.5
710.0 827.5
711.5 765.0
712.5 582.0
715.5 694.5
716.33 484.33
717.0 191.5
717.0 691.5
717.5 791.0
719.67 56.33
719.5 147.5
720.0 545.5
723.5 199.5
724.5 830.5
726.5 6.0
727.5 128.0
729.0 704.5
732.0 264.5
732.0 448.5
732.5 555.0
736.5 45.0
736.5 173.0
736.67 633.33
737.0 118.5
738.25 822.0
740.5 686.0
741.67 717.33
743.5 747.5
743.8 764.4
747.5 88.0
750.5 399.0
751.25 561.5
752.0 830.5
754.0 418.5
755.5 458.5
756.5 791.0
757.67 212.67
757.5 444.0
761.5 634.0
762.5 696.5
767.0 444.5
768.0 494.5
769.12 58.88
771.17 264.83
783.0 465.5
787.5 435.5
788.5 661.5
789.29 721.0
790.67 213.33
791.67 735.67
793.0 612.5
795.09 738.91
793.5 749.0
800.5 551.0
802.83 455.17
804.0 505.0
812.5 430.5
813.5 248.5
813.5 820.0
816.6 831.2
817.5 738.0
819.33 396.67
821.5 661.5
824.67 6.33
824.75 690.0
826.47 668.13
826.0 684.5
830.4 637.8
832.0 670.5
832.5 705.5
833.0 799.0
840.0 848.41
838.0 62.5
839.33 284.67
840.5 676.5
842.4 578.6
841.33 656.33
842.67 614.67
849.0 467.2
848.33 608.67
848.64 769.09
852.5 285.5
852.0 428.5
853.62 443.38
854.5 569.0
857.5 426.0
859.67 362.67
859.5 837.5
860.0 225.5
863.67 464.89
866.5 504.0
875.0 313.9
869.8 92.6
871.5 494.5
872.0 412.0
871.5 464.0
872.0 626.5
873.0 817.5
873.6 483.2
875.4 682.4
875.5 301.0
877.0 718.5
879.0 653.5
879.33 681.33
880.0 277.5
882.0 688.2
882.0 84.5
887.89 699.52
886.5 687.5
894.33 11.67
894.0 616.5
894.5 841.0
895.0 700.5
898.17 670.17
900.0 488.5
900.67 836.67
901.0 666.5
904.12 282.12
904.5 53.0
906.75 719.62
906.0 489.5
908.14 541.81
907.33 215.67
908.5 586.0
911.72 138.89
911.5 492.0
911.5 576.5
914.33 758.67
918.67 789.67
921.0 14.5
924.5 618.0
929.5 576.5
930.5 534.0
931.67 281.33
935.0 396.0
936.33 775.67
936.67 803.67
942.04 454.81
938.83 87.83
939.5 809.0
941.5 4.0
941.5 315.5
942.0 775.5
947.88 68.0
949.67 806.33
951.5 20.5
953.5 861.0
959.91 373.55
957.0 94.29
956.5 310.0
959.5 446.5
959.5 616.0
960.5 619.0
961.0 852.5
965.64 457.36
963.5 678.0
966.33 132.33
970.5 93.5
977.0 526.5
977.5 726.0
978.5 431.5
978.5 482.0
980.5 5.5
982.5 499.5
983.5 507.0
984.83 781.83
988.0 2.5
993.0 75.5
993.5 380.0
993.5 486.0
994.5 552.5
998.0 217.0
998.0 361.71
998.0 381.5
1001.5 569.0
1003.67 302.67
1007.67 305.67
1011.0 102.5
1015.0 405.0
1018.17 602.83
1024.18 695.24
1027.71 64.0
1030.35 76.0
1031.0 173.29
1030.0 373.5
1032.2 581.8
1035.0 228.5
1039.09 584.09
1041.0 774.5
1045.33 550.33
1049.0 222.5
1049.33 610.33
1052.28 557.89
1051.5 407.5
1053.0 439.5
1057.5 728.0
1059.0 469.5
1061.0 43.71
1062.33 753.33
1066.5 373.5
1070.0 854.5
1071.5 453.0
1075.5 349.0
1075.71 707.0
1077.5 282.0
1080.89 742.33
1081.0 530.5
1081.5 840.0
1087.5 800.0
1091.0 523.5
1092.0 837.5
1094.5 404.0
1094.67 449.33
1095.33 809.33
1096.5 96.0
1097.29 527.0
1099.5 48.0
1112.24 431.24
1110.0 693.75
1110.0 95.5
1110.0 660.5
1114.5 825.0
1116.0 128.5
1120.83 373.83
1125.5 324.0
1129.33 252.33
1131.5 36.0
1136.33 121.11
1135.5 150.0
1135.5 562.0
1144.0 271.5
1145.12 822.12
1145.5 779.5
1147.5 146.5
1150.5 137.92
1149.5 463.5
1151.0 119.5
1162.0 256.0
1161.33 554.67
1165.0 563.25
1169.5 33.0
1172.5 11.5
1181.64 190.09
1179.0 381.5
1179.0 403.5
1186.0 259.5
1189.0 804.71
1190.5 353.0
1194.67 564.67
1196.0 8.5
1196.67 128.33
1196.8 692.6
1202.0 395.71
1205.85 120.62
1203.67 377.33
1204.67 454.67
1208.0 0.5
1211.5 383.0
1218.5 202.71
1220.0 755.0
1222.5 825.5
1226.5 634.0
1226.0 628.5
1227.0 639.29
1232.29 718.5
1232.67 846.67
1234.0 167.5
1235.0 36.5
1238.5 222.5
1239.33 48.33
1241.96 428.6
1249.85 95.54
1249.5 615.5
1249.0 682.5
1253.0 385.5
1254.5 451.0
1258.8 337.6
1260.0 32.5
1261.0 488.5
1262.5 26.0
1263.5 517.5
1265.5 503.5
1267.75 695.0
1268.0 389.5
1272.0 142.5
1274.0 600.5
1277.5 460.0
1280.5 178.5
1280.0 62.5
1283.33 50.33
1284.5 79.0
1284.71 152.0
1288.5 80.5
1295.0 837.0
1297.0 493.2
1301.5 502.0
1303.0 490.5
1310.5 667.0
1311.5 164.5
1311.5 442.0
1315.71 632.0
1323.0 419.5
1330.0 359.5
1330.0 420.5
1332.6 138.8
1337.0 512.5
1339.5 255.0
1343.44 416.63
1338.5 689.0
1346.5 158.24
1342.5 630.0
1343.5 455.5
1344.67 603.67
1350.0 452.75
1349.5 513.5
1352.33 108.33
1352.5 662.0
1354.0 226.56
1354.5 283.0
1355.0 111.5
1356.0 212.0
1363.33 276.33
1363.5 653.0
1366.5 850.5
1366.0 687.5
1366.5 727.0
1369.5 314.0
1370.67 396.67
1373.43 545.67
1373.5 134.5
1374.71 766.5
1381.5 89.5
1385.5 94.5
1390.03 317.06
1387.77 809.15
1387.5 573.5
1390.11 70.67
1389.5 109.5
1389.0 165.5
1392.0 81.5
1391.67 135.33
1393.5 91.0
1394.0 334.5
1395.0 563.0
1395.0 383.5
1397.0 130.8
1399.0 75.5
1401.67 134.33
1401.5 851.0
1403.89 91.72
1404.88 127.68
1404.5 68.0
1411.36 60.76
1406.0 1.5
1408.67 466.67
1413.17 85.83
1414.0 785.5
1416.0 19.5
1416.33 772.67
1417.0 155.5
1419.0 188.8
1419.5 115.0
1421.5 108.0
1421.0 130.5
1422.0 230.5
1423.5 156.5
1425.0 77.2
1424.5 306.0
1426.67 434.33
1427.0 5.5
1429.33 302.67
1430.0 576.29
1432.59 40.85
1434.25 12.05
1433.0 78.5
1433.0 224.6
1437.24 655.82
1436.0 559.5
1436.33 683.67
1439.5 440.0
1442.33 637.33
1442.5 809.0
1447.5 212.0
1455.12 498.88
1456.0 610.5
1457.0 674.0
1460.5 229.5
1460.0 375.5
1461.67 591.67
1464.5 458.2
1467.0 248.5
1473.5 299.0
1475.5 634.5
1479.33 340.33
1481.67 629.33
1485.88 33.88
1483.88 373.12
1486.0 85.29
1485.5 343.5
1489.33 415.67
1493.24 569.76
1496.85 624.63
1493.25 846.0
1497.0 96.0
1502.5 601.0
1505.67 560.67
1506.0 390.5
1507.0 197.5
1507.33 859.67
1509.65 245.0
1509.5 354.0
1511.5 173.5
1511.0 425.5
1512.0 261.5
1512.67 858.33
1515.5 314.5
1516.88 843.12
1520.0 216.0
1521.5 141.0
1523.0 527.5
1524.33 546.67
1525.5 96.5
1532.0 142.5
1535.0 759.5
!