4.35 632.53
6.85 272.54
5.0 681.5
5.5 704.0
11.5 724.0
12.5 289.0
15.8 129.4
16.0 1001.71
19.67 43.67
22.91 106.09
24.0 1001.5
26.17 446.17
28.91 1073.09
33.5 1033.79
38.17 89.5
37.55 138.36
42.0 798.5
42.5 939.0
44.2 51.0
44.4 713.2
47.89 401.89
45.0 567.5
47.5 167.5
53.54 271.85
54.0 371.5
55.33 818.67
59.38 708.62
59.0 27.5
59.83 450.67
60.88 154.88
61.0 406.0
61.5 768.5
66.87 926.53
68.5 424.5
70.5 786.79
71.0 627.5
74.89 580.33
81.77 604.97
81.5 541.5
81.5 922.5
88.5 749.0
89.5 624.0
90.33 847.67
91.33 564.33
92.67 120.33
106.5 533.5
106.5 794.0
107.62 800.38
107.5 210.0
109.6 711.4
110.0 181.5
118.31 870.56
113.5 730.5
115.0 381.5
116.0 477.5
117.5 20.0
120.62 333.62
120.5 478.0
125.5 669.0
127.5 239.0
130.5 642.5
130.33 1075.33
132.5 229.0
133.0 812.0
136.5 176.0
137.0 818.25
138.29 71.0
147.0 845.0
146.4 942.2
149.17 749.83
150.25 13.0
151.0 933.0
166.62 275.62
172.16 985.09
178.71 713.5
180.72 227.59
182.0 35.0
183.5 956.5
187.5 329.0
187.5 865.5
188.5 540.0
191.17 739.17
192.6 820.8
192.5 1039.0
193.67 118.67
197.29 846.0
199.0 417.5
200.88 300.88
203.67 358.67
205.67 302.67
211.25 189.0
212.0 611.0
214.17 864.17
220.88 972.88
221.0 1025.5
222.5 637.5
225.0 394.0
226.29 787.0
230.17 356.67
230.0 346.5
237.23 442.7
232.71 423.0
234.4 31.2
236.0 95.71
236.5 1054.5
236.5 136.5
238.5 869.0
239.0 72.5
240.5 337.0
242.29 193.0
243.0 107.29
243.0 166.5
243.75 902.0
246.75 859.33
246.33 494.67
247.5 454.5
251.71 191.0
255.5 66.5
257.0 833.75
256.4 939.8
259.0 588.5
262.2 50.4
262.5 957.5
264.2 1066.4
276.0 2.17
275.5 613.2
275.33 505.33
276.5 776.5
277.5 876.0
281.89 202.67
282.5 290.5
289.4 438.2
293.29 886.0
294.0 505.5
298.5 64.5
298.75 345.0
300.0 828.0
305.5 345.8
309.44 123.81
306.5 189.0
313.12 1072.12
316.5 109.0
317.0 458.0
320.82 474.82
322.5 59.0
326.72 462.89
330.0 150.71
330.17 285.17
329.67 813.67
333.12 540.88
335.17 890.17
337.0 191.5
337.4 2.2
342.72 859.0
339.67 999.67
340.88 813.12
344.8 839.4
346.71 403.0
348.4 992.4
355.76 491.24
363.67 531.33
364.5 435.5
364.0 722.5
368.25 22.25
367.5 49.5
371.5 835.5
375.0 42.0
377.5 213.5
379.0 346.0
379.0 12.5
382.0 689.0
384.0 377.5
386.33 278.67
388.0 932.0
390.0 354.5
390.5 1073.5
391.5 21.5
391.5 621.0
392.0 993.5
393.0 516.5
398.67 479.33
399.5 43.0
403.7 498.7
403.67 962.67
407.0 187.0
406.5 1034.0
410.0 768.75
410.8 825.4
413.5 311.0
413.5 632.5
417.0 912.0
417.67 462.67
418.67 711.33
422.17 199.17
421.71 686.0
428.0 314.0
428.83 789.17
436.28 516.11
439.0 598.5
438.75 293.0
442.5 149.5
450.62 521.15
449.5 871.0
451.0 284.29
454.25 948.67
455.33 476.33
459.0 843.0
459.33 468.67
461.0 619.0
462.5 1044.0
464.5 484.5
470.0 552.82
467.5 427.5
470.5 681.5
472.5 97.5
476.2 342.6
476.33 176.33
481.5 333.5
484.0 789.5
490.17 193.33
492.6 776.8
495.5 490.0
496.17 824.0
507.0 202.0
501.0 341.5
500.0 842.5
505.62 433.76
505.0 889.5
508.54 489.85
510.17 1058.12
509.5 645.0
514.0 653.29
514.0 825.71
515.0 626.0
517.0 800.83
518.83 374.17
524.0 324.5
524.0 1073.5
526.33 239.33
527.71 48.0
527.5 736.0
535.33 283.67
537.0 115.71
537.5 795.5
539.5 430.0
544.0 763.5
544.5 924.0
548.67 495.33
550.67 349.67
553.0 1003.5
554.5 730.5
554.5 121.0
558.2 74.4
560.0 1034.5
563.0 456.5
567.53 706.07
569.0 95.0
575.71 50.5
575.0 957.5
577.5 347.5
580.5 1046.5
584.0 202.5
586.36 534.21
590.0 936.5
592.5 965.0
596.33 1055.33
603.23 754.5
613.17 243.83
624.5 189.0
625.86 332.19
628.12 345.12
634.5 32.5
635.8 670.4
636.5 908.5
638.2 926.4
642.5 915.0
647.07 725.49
644.33 30.33
648.29 24.26
646.4 157.2
648.0 597.5
649.5 174.5
651.33 73.67
654.5 170.5
656.85 630.85
655.4 744.6
655.91 115.64
659.5 658.5
659.5 872.5
660.5 1074.0
662.0 740.0
663.67 931.33
667.5 70.0
674.0 478.5
676.33 953.67
680.12 53.12
679.6 261.8
679.0 562.5
683.83 833.83
685.0 670.5
687.5 73.5
687.5 446.5
687.5 720.0
690.5 342.0
690.0 947.5
691.5 422.5
694.0 672.5
697.5 221.0
703.08 780.92
698.6 957.8
705.0 152.5
716.8 483.53
712.0 699.25
714.0 764.0
717.12 257.12
717.5 711.0
718.5 1022.5
720.5 679.0
723.38 56.62
724.5 370.0
729.89 601.28
732.5 303.5
734.5 389.5
735.84 767.59
735.67 101.33
736.0 984.0
736.5 901.0
737.75 756.0
739.5 814.5
745.0 372.5
745.5 594.0
745.0 963.0
751.85 689.06
756.84 708.94
752.0 842.5
755.0 649.0
759.17 470.17
760.33 249.67
764.5 957.0
768.83 1012.17
772.5 979.0
774.2 887.6
775.0 628.5
778.5 21.5
786.5 550.0
787.5 643.0
791.8 421.4
802.0 1005.25
802.5 507.5
808.5 1072.5
810.88 16.12
813.5 416.5
813.5 517.0
814.0 248.5
815.5 962.5
817.71 194.0
820.0 1054.5
823.68 829.68
824.2 927.6
827.67 208.67
827.6 449.8
828.67 146.33
830.0 631.5
833.6 989.8
835.4 341.8
842.0 492.92
843.7 120.7
845.33 115.33
845.4 323.2
852.25 621.75
855.0 103.29
861.3 601.24
859.0 427.0
861.33 664.67
863.89 269.72
868.0 678.72
868.0 852.5
874.26 314.74
875.0 659.35
875.5 731.5
875.5 841.5
877.67 289.67
884.28 623.3
880.8 0.4
880.0 116.5
881.8 252.6
881.5 290.0
884.0 967.5
894.12 945.88
894.0 257.5
897.0 414.0
899.0 811.5
905.0 30.6
906.33 564.67
908.67 122.67
910.67 771.22
909.67 578.67
912.12 587.12
914.5 374.0
914.0 406.5
915.71 895.0
919.0 672.5
920.0 902.5
924.0 264.0
924.4 151.2
944.0 255.0
944.2 547.6
953.67 749.33
955.0 552.29
955.4 978.2
962.5 244.5
966.0 35.0
966.5 591.5
971.46 161.85
972.6 30.8
976.21 111.0
975.0 869.71
976.33 1003.67
977.5 267.5
977.5 394.0
980.0 72.0
981.5 351.5
986.5 989.5
989.67 815.33
998.0 790.0
1004.0 867.89
1000.25 1004.0
1011.0 258.29
1010.4 281.8
1011.8 1046.4
1014.5 102.5
1016.61 110.18
1015.0 639.0
1017.8 824.0
1018.0 631.0
1019.5 124.5
1018.5 279.0
1021.0 988.5
1031.0 522.29
1030.0 802.5
1032.0 125.0
1031.5 903.0
1036.5 379.0
1038.5 814.0
1054.5 275.5
1054.5 529.0
1055.0 381.0
1059.0 72.5
1061.12 203.12
1062.87 252.53
1062.5 246.5
1062.5 511.0
1066.5 507.71
1068.5 889.5
1071.29 13.5
1071.5 354.0
1074.84 939.84
1074.5 246.5
1075.33 328.89
1077.2 1059.5
1078.2 863.6
1079.12 635.88
1082.0 1010.0
1085.0 193.5
1086.6 709.4
1092.6 915.8
1093.0 932.5
1095.33 681.78
1095.12 715.88
1097.12 993.88
1096.2 979.4
1099.5 26.5
1102.0 368.0
1102.17 536.17
1104.67 861.33
1106.88 5.12
1106.4 361.8
1108.79 599.5
1106.5 885.5
1108.0 626.8
1112.0 567.5
1113.0 823.75
1113.5 36.5
1117.5 429.0
1120.12 117.41
1120.84 671.84
1128.05 739.43
1125.0 131.5
1125.4 813.2
1127.0 517.0
1131.5 834.0
1132.6 390.8
1133.67 863.67
1141.8 425.4
1144.0 781.25
1144.5 614.5
1148.5 890.5
1151.5 186.5
1150.33 733.33
1155.88 620.88
1163.0 155.5
1162.83 948.33
1166.89 377.72
1167.0 715.71
1174.2 410.4
1176.5 950.5
1177.5 480.0
1185.24 1034.24
1187.5 947.5
1187.0 959.0
1201.71 684.0
1203.5 461.5
1204.33 164.67
1204.5 642.0
1206.33 357.11
1206.83 450.17
1209.12 513.12
1209.67 458.17
1215.0 1018.5
1219.0 441.71
1224.18 720.0
1220.0 510.0
1222.0 759.25
1224.0 572.29
1225.29 778.0
1226.5 960.0
1229.09 859.22
1238.5 613.5
1244.0 136.5
1247.5 154.0
1255.45 393.36
1258.5 901.5
1259.0 107.0
1262.5 134.0
1262.6 288.2
1267.8 587.6
1269.0 895.25
1268.83 973.17
1270.5 23.5
1273.0 293.5
1274.5 827.29
1276.5 875.22
1279.0 507.79
1278.5 239.5
1279.0 780.0
1289.0 216.5
1290.83 480.17
1291.0 716.5
1296.0 1014.25
1299.17 924.17
1302.5 1066.0
1304.0 923.75
1304.0 950.25
1313.0 324.0
1312.5 900.0
1315.71 683.5
1315.33 707.67
1318.69 673.88
1319.0 157.5
1322.22 354.28
1319.5 1072.5
1321.36 633.09
1323.0 203.5
1323.6 262.8
1323.67 584.33
1325.25 493.0
1330.5 701.0
1335.14 391.81
1333.67 797.67
1334.0 834.0
1334.5 384.0
1336.5 289.5
1336.5 284.0
1346.5 561.5
1347.5 809.5
1356.0 20.0
1360.18 854.05
1357.0 631.5
1359.25 821.33
1361.0 182.5
1362.36 570.45
1362.0 617.29
1366.5 870.0
1368.29 227.14
1370.5 615.71
1371.2 555.4
1378.03 539.51
1374.0 194.5
1376.5 39.0
1376.5 841.5
1377.5 326.5
1380.6 559.0
1381.25 740.0
1383.68 961.24
1383.67 841.33
1384.25 920.33
1385.5 504.0
1389.0 887.0
1389.5 482.5
1389.25 783.67
1391.74 856.26
1394.5 371.5
1397.6 354.8
1407.71 551.0
1407.5 697.5
1410.5 786.5
1423.0 675.0
1424.09 828.91
1425.0 611.5
1426.5 280.0
1428.59 783.0
1429.22 1066.5
1430.0 439.5
1443.5 490.5
1447.5 202.5
1448.5 552.5
1450.88 45.88
1456.62 781.74
1462.17 794.83
1466.0 294.0
1465.88 1031.88
1469.39 851.61
1474.89 251.28
1474.5 572.5
1483.62 782.38
1492.5 132.5
1498.0 215.0
1498.0 800.8
1502.0 118.0
1504.0 904.0
1518.17 283.0
1522.5 366.0
1524.5 5.0
1529.5 382.5
1533.0 793.0
1537.67 431.33
1541.5 549.0
1541.5 754.5
1541.33 930.67
1549.0 421.5
1556.5 712.5
1560.62 1018.38
1560.5 232.5
1562.5 604.0
1563.5 408.5
1568.2 704.4
1570.0 3.5
1571.5 188.0
1573.67 240.33
1574.38 907.38
1576.4 783.2
1578.11 644.67
1582.2 75.4
1584.72 799.89
1586.4 832.2
1589.74 931.59
1593.36 575.45
1594.5 88.5
1595.5 54.0
1596.17 1013.17
1605.12 807.12
1606.5 674.5
1611.0 472.71
1614.5 72.5
1615.79 688.0
1621.5 363.5
1626.17 441.83
1630.0 901.5
1636.5 341.71
1635.4 841.2
1644.5 320.0
1644.0 772.5
1645.5 195.0
1656.0 695.25
1656.5 890.5
1664.5 620.5
1668.67 1074.33
1669.5 87.5
1670.8 563.6
1670.0 901.5
1677.85 221.74
1676.28 73.19
1675.0 567.5
1677.5 94.5
1679.2 547.6
1680.25 745.0
1680.33 768.67
1684.33 105.33
1687.12 830.88
1689.89 246.67
1692.12 133.12
1696.4 810.8
1697.0 899.71
1706.0 665.62
1704.0 301.5
1705.71 934.0
1706.5 852.5
1711.5 100.0
1714.11 477.72
1712.71 793.0
1720.33 127.67
1721.0 984.0
1724.89 113.22
1727.5 390.0
1728.0 507.0
1729.5 1.5
1729.6 27.8
1731.5 683.5
1736.5 650.0
1736.5 704.5
1738.2 1053.0
1742.0 636.0
1749.34 89.82
1754.0 129.0
1758.5 387.5
1764.0 1062.29
1776.0 794.5
1775.0 997.5
1780.0 844.0
1782.5 1045.0
1785.33 523.67
1800.0 429.5
1801.0 496.5
1802.5 961.0
1802.5 665.0
1804.0 765.5
1806.5 60.0
1808.25 411.25
1808.29 764.0
1825.87 346.47
1824.0 650.5
1827.67 57.67
1829.14 437.19
1829.5 71.5
1830.25 891.0
1835.0 633.0
1836.88 766.88
1838.0 908.0
1838.5 0.0
1841.5 53.0
1843.67 246.33
1847.0 390.5
1848.36 29.55
1848.0 177.75
1849.88 258.12
1850.0 272.0
1854.0 381.0
1851.5 393.5
1853.09 629.64
1855.0 236.5
1855.33 272.67
1862.67 155.33
1865.8 1052.5
1867.8 409.6
1871.0 678.0
1876.0 1055.0
1878.29 318.0
1887.35 835.1
1882.0 65.0
1885.0 150.71
1898.5 997.5
1899.0 987.5
1903.0 650.5
1907.8 957.0
1907.5 1010.0
1909.5 349.5
1911.17 246.17
1910.0 671.5
1914.5 172.0
!