5.0 64.5
5.5 874.5
10.09 649.91
16.88 731.88
19.5 692.5
26.5 2.19
28.5 195.5
28.12 856.12
29.91 103.36
32.5 21.5
34.0 684.5
38.33 554.67
51.33 563.33
54.33 235.17
59.5 806.5
65.71 696.0
66.5 64.0
68.5 215.0
71.25 662.0
72.2 685.0
73.7 165.6
76.41 563.72
76.0 794.0
77.67 712.67
81.61 540.96
81.8 933.6
82.5 13.5
85.5 296.0
85.33 555.33
91.5 562.5
92.5 720.0
97.5 927.5
102.67 787.67
102.5 1017.5
109.86 188.5
108.0 542.5
110.0 419.0
110.0 1021.0
115.3 863.4
118.5 1002.0
134.12 179.88
135.0 421.5
137.5 14.5
147.67 43.67
148.67 815.33
152.5 963.0
159.59 976.28
168.5 776.5
169.0 345.5
170.67 747.11
172.67 134.33
182.5 524.0
185.4 406.2
188.5 453.5
189.0 1034.0
189.0 97.0
189.0 496.5
191.5 307.0
193.5 429.0
196.88 97.12
198.12 606.88
204.29 159.0
204.5 215.0
206.67 223.67
209.0 71.5
213.2 453.6
218.0 802.5
226.0 286.5
225.0 720.5
229.0 864.0
230.04 535.4
229.0 1027.0
231.88 672.41
235.33 963.67
253.0 607.5
254.88 240.88
256.33 5.33
256.5 800.0
258.2 345.0
259.5 617.5
260.5 270.0
272.0 573.0
272.0 956.5
276.5 863.0
279.8 357.0
281.17 871.83
282.8 864.4
296.0 59.5
295.0 83.5
295.0 267.5
295.25 338.25
295.0 696.5
299.96 231.39
298.5 791.0
303.0 877.0
315.16 139.76
326.0 284.5
331.5 875.0
335.59 120.72
342.0 364.0
345.0 418.0
354.0 693.26
350.0 221.0
352.0 881.5
358.75 296.0
361.0 882.2
363.75 928.0
371.4 151.8
375.0 598.75
376.09 898.09
381.67 825.67
382.67 858.67
386.8 329.6
390.0 322.5
390.0 857.5
392.5 971.5
395.17 274.17
411.06 515.03
412.6 575.2
421.8 116.4
423.0 13.75
425.25 1050.0
426.5 515.0
428.0 626.25
434.5 1034.0
434.5 588.0
437.5 753.0
440.5 760.0
440.33 872.67
442.0 177.5
447.0 22.5
446.83 988.83
448.0 423.29
449.5 271.5
451.11 973.28
450.71 346.0
457.5 140.0
459.5 584.5
460.5 365.5
461.5 56.5
477.6 996.4
480.5 699.0
491.5 15.5
492.5 919.0
494.0 498.5
499.0 974.35
499.4 272.2
501.5 330.0
502.5 113.5
502.5 360.0
504.5 408.0
504.0 551.5
508.07 827.53
506.0 984.0
506.4 771.8
510.75 290.33
511.0 490.71
522.6 223.2
527.5 304.5
530.75 19.5
530.5 893.0
535.0 606.5
538.0 998.5
539.5 595.0
554.0 940.0
559.36 950.76
554.5 20.0
555.0 986.8
557.12 527.88
562.5 1.0
565.0 688.0
568.5 909.5
572.5 297.5
576.46 712.15
578.0 121.5
580.88 325.88
581.5 778.0
583.88 235.88
585.71 439.0
594.0 543.5
600.0 310.25
602.29 889.0
604.82 876.18
608.6 584.8
608.5 670.0
612.5 429.5
612.5 614.0
613.0 1011.0
615.0 136.0
618.68 919.36
620.9 885.83
618.33 434.67
620.5 907.5
631.67 579.11
635.0 371.5
635.0 587.5
644.0 32.2
650.4 518.2
653.29 84.5
655.0 966.2
674.62 281.38
675.33 653.67
676.88 39.12
676.5 133.0
679.11 406.72
690.88 570.88
691.5 20.5
691.5 695.0
696.5 878.0
697.5 873.0
706.67 965.33
708.67 205.33
709.4 797.2
711.5 714.0
720.25 1008.96
716.5 605.5
722.5 982.5
731.5 93.89
731.0 248.75
734.71 428.0
739.71 290.0
744.5 795.0
745.0 843.5
745.5 1075.0
746.5 908.5
747.5 859.0
748.0 891.5
749.5 711.5
752.5 911.0
760.71 883.0
768.29 286.5
769.8 1040.4
773.88 920.12
777.0 19.0
777.12 198.12
783.5 1079.0
789.5 1067.71
790.0 782.5
792.71 145.0
797.5 259.0
801.5 709.0
819.8 323.0
825.37 896.81
828.67 770.33
828.67 1032.67
833.62 678.62
833.67 640.33
834.5 1030.0
836.0 1036.5
844.71 1078.57
844.0 601.5
845.71 698.0
846.5 974.5
855.0 119.5
861.5 284.0
865.0 427.5
867.67 247.25
867.5 950.5
868.67 835.33
872.2 864.4
872.5 858.5
875.4 977.2
880.5 34.0
883.67 794.67
888.45 775.42
887.6 741.8
888.5 265.0
891.5 111.5
894.33 819.33
901.4 533.2
906.0 601.5
914.2 578.6
914.67 936.33
919.5 954.5
926.25 911.0
932.5 406.5
933.67 366.33
934.29 614.0
938.0 12.5
937.5 951.0
940.0 969.0
941.5 988.5
946.33 365.33
947.0 1011.71
948.5 905.5
952.0 931.71
953.5 668.0
964.17 901.0
967.0 166.71
979.5 897.5
980.5 938.5
986.8 1064.4
990.0 906.5
993.5 73.0
993.5 217.0
994.0 315.5
996.0 477.0
1002.5 1040.0
1002.5 1075.0
1008.09 404.09
1006.88 963.12
1007.5 631.5
1008.5 149.0
1008.5 360.0
1009.0 897.5
1015.5 559.79
1013.67 767.67
1015.8 227.0
1014.0 808.5
1025.0 572.0
1027.6 493.3
1037.5 76.33
1038.92 477.5
1038.2 894.4
1041.0 827.5
1044.5 153.5
1046.5 955.5
1051.5 21.0
1051.5 35.5
1053.75 408.0
1053.75 1020.0
1058.29 967.0
1062.0 1059.71
1064.0 418.8
1068.2 697.6
1075.8 45.4
1080.0 712.5
1086.0 431.5
1088.09 803.22
1087.75 203.0
1103.5 388.5
1104.0 781.5
1109.0 447.5
1109.0 873.5
1113.67 610.33
1120.0 281.82
1116.5 1051.5
1127.2 211.4
1127.0 660.29
1133.5 625.71
1135.43 424.0
1142.12 1046.88
1147.5 360.0
1154.0 52.5
1156.0 393.0
1158.0 1015.0
1163.5 1068.0
1165.33 763.67
1174.79 445.69
1170.89 97.67
1171.2 502.6
1172.0 1057.2
1174.0 842.5
1176.5 475.0
1177.5 1031.5
1181.5 789.0
1181.25 955.0
1184.88 1032.12
1197.12 43.12
1211.68 873.58
1214.0 104.5
1217.5 422.5
1216.8 460.4
1216.4 600.8
1227.5 270.5
1229.0 594.29
1229.0 997.5
1232.0 14.25
1232.0 847.5
1238.57 19.0
1238.6 825.8
1239.33 938.67
1241.5 475.0
1247.5 200.5
1247.5 749.0
1251.0 520.25
1253.29 604.0
1254.0 202.5
1259.11 133.33
1264.33 1059.33
1265.0 729.5
1267.57 122.0
1272.5 879.0
1277.29 11.0
1277.0 775.0
1278.83 611.17
1280.0 372.5
1285.17 55.17
1286.0 866.5
1295.0 206.5
1304.54 470.2
1301.87 860.47
1301.0 1048.75
1315.68 179.68
1317.71 397.0
1320.8 938.6
1324.0 854.5
1329.22 295.18
1337.0 1027.0
1344.67 59.67
1346.33 892.67
1349.37 71.21
1349.67 560.5
1348.5 110.0
1349.17 419.0
1351.33 16.33
1360.7 722.66
1354.88 765.88
1357.0 1071.5
1360.21 677.63
1362.29 255.5
1360.5 17.5
1361.4 687.8
1364.15 762.54
1364.5 37.5
1369.38 574.24
1373.0 322.0
1374.79 450.37
1382.5 718.5
1386.5 97.79
1384.5 224.5
1390.0 910.5
1394.5 567.5
1399.5 832.5
1405.5 262.5
1411.0 425.71
1417.5 864.0
1420.0 822.5
1433.67 376.33
1441.0 65.25
1440.0 378.5
1447.0 78.0
1447.5 94.0
1449.0 956.5
1452.67 754.67
1454.0 953.83
1454.5 345.5
1455.5 383.5
1455.0 756.5
1456.5 543.5
1462.5 540.0
1466.33 1059.33
1473.0 428.0
1474.6 270.8
1480.0 437.5
1483.0 767.5
1489.39 404.11
1486.0 1058.5
1489.0 510.5
1496.8 929.6
1497.38 1022.75
1499.67 896.33
1502.71 141.0
1502.88 788.12
1505.33 261.33
1508.5 610.0
1509.5 407.0
1513.5 929.5
1514.5 755.5
1523.0 746.5
1525.5 261.8
1527.12 313.88
1528.67 1053.67
1530.71 498.0
1536.5 551.5
1544.0 1028.0
1548.56 695.77
1545.0 599.5
1546.5 450.5
1551.71 281.0
1553.0 23.0
1556.0 778.2
1574.31 176.43
1588.3 1075.27
1582.5 492.5
1587.0 233.0
1589.0 355.5
1590.0 811.5
1595.18 947.82
1602.5 115.5
1602.5 265.0
1612.75 821.0
1615.25 200.75
1617.67 854.33
1621.0 850.0
1621.5 922.71
1623.0 110.0
1637.0 90.0
1637.2 943.6
1642.43 294.77
1645.28 840.15
1644.0 22.5
1645.4 197.8
1652.2 644.4
1656.67 869.83
1670.0 529.5
1671.6 807.6
1670.5 1027.5
1672.5 356.5
1681.0 150.29
1682.29 417.0
1688.96 364.41
1687.5 115.0
1697.5 774.0
1706.0 693.0
1716.0 360.0
1720.68 572.32
1734.5 56.5
1736.0 740.0
1737.0 477.5
1737.18 761.18
1738.5 685.0
1751.72 150.11
1750.33 161.33
1751.8 420.4
1784.83 87.83
1786.5 942.5
1787.5 107.5
1788.6 528.2
1789.0 334.5
1791.5 671.78
1791.5 504.0
1792.5 143.5
1793.5 126.5
1794.0 121.5
1802.5 906.5
1805.33 410.11
1811.5 452.71
1813.6 762.2
1831.33 1060.33
1835.33 283.67
1839.0 64.0
1839.0 921.5
1841.4 541.8
1845.67 835.67
1845.33 932.67
1847.0 34.71
1850.0 1055.5
1853.12 276.88
1855.5 1040.0
1858.0 891.5
1862.0 620.0
1867.47 409.43
1865.25 1032.0
1868.86 501.19
1870.25 368.0
1870.5 967.0
1875.4 652.2
1880.23 545.85
1882.0 969.0
1885.71 738.0
1885.0 940.5
1890.0 411.5
1890.5 658.0
1898.0 526.5
1897.6 814.2
1900.75 363.67
1902.5 264.29
1916.5 291.5
1919.0 646.5
!