5.5 559.27
2.5 66.5
3.88 1005.88
5.0 543.5
6.56 640.6
10.71 23.0
10.0 425.5
10.0 441.5
11.5 1070.5
14.0 105.25
14.88 870.88
18.29 667.0
19.25 798.25
19.0 998.5
24.0 186.5
24.0 440.5
26.33 724.67
26.33 1053.33
29.0 505.25
30.0 850.5
35.0 72.5
37.0 509.5
38.64 436.91
42.5 30.0
43.0 410.25
43.67 401.33
44.33 961.33
46.0 195.25
48.5 55.5
51.5 529.0
53.67 290.89
56.5 875.5
58.33 34.67
64.87 346.87
63.67 923.67
64.71 104.0
66.0 1000.5
68.67 332.67
69.0 662.5
69.33 926.33
70.0 0.5
70.0 521.0
78.41 781.5
76.8 202.6
78.5 564.0
81.5 520.29
82.5 59.0
84.59 534.72
82.5 948.0
86.29 446.0
91.37 430.37
90.5 478.0
95.88 361.88
98.0 94.5
96.5 700.0
98.67 118.67
103.7 894.3
102.5 1076.0
107.67 250.33
107.5 614.5
113.29 886.0
113.17 900.83
117.91 562.21
116.47 663.13
119.0 906.5
125.33 625.33
128.33 23.67
130.8 171.5
131.5 645.5
134.5 234.5
134.67 244.33
136.29 777.0
139.8 432.6
139.0 749.5
142.6 163.2
142.8 661.4
143.12 958.88
145.2 208.5
150.0 647.0
153.2 522.0
153.29 639.0
154.0 973.5
157.8 795.4
158.75 292.0
159.0 365.5
159.0 640.5
160.0 856.5
165.5 675.0
168.2 1002.5
176.0 951.5
179.0 85.21
178.5 227.5
180.33 1073.67
183.82 94.82
184.2 245.4
188.6 662.2
191.71 484.0
192.5 384.0
193.33 433.83
193.5 800.5
197.0 908.71
198.0 39.71
198.5 900.0
200.0 200.5
203.12 112.88
203.0 725.5
211.5 951.0
212.5 344.5
216.5 997.5
218.5 441.5
219.6 130.8
226.4 338.2
227.0 617.5
227.5 789.0
228.0 161.5
233.12 830.88
233.0 558.5
235.0 746.5
237.5 85.0
238.67 125.33
241.0 653.2
242.59 244.12
243.5 276.5
244.76 1027.24
245.0 340.5
248.0 318.5
249.5 376.5
249.0 1041.5
250.0 186.5
259.36 228.27
254.33 25.33
259.67 375.33
263.0 196.5
266.38 1047.38
269.12 257.88
268.67 693.67
271.5 4.88
270.0 192.5
273.38 208.38
272.6 390.8
279.5 39.5
285.0 65.25
285.33 409.33
291.0 741.0
290.8 866.4
295.0 753.5
298.2 72.6
304.33 225.33
306.0 124.71
305.0 261.5
305.0 1026.5
306.5 863.5
309.41 235.28
308.75 548.0
309.0 1015.5
313.2 597.6
317.0 416.0
320.0 95.5
320.67 515.67
326.5 1040.0
329.5 216.5
330.0 49.5
334.67 697.67
336.88 578.12
336.5 1012.5
337.67 62.67
337.5 704.5
340.5 185.0
339.0 112.5
340.0 299.5
341.5 450.0
343.0 553.75
342.0 936.5
343.6 736.8
347.5 616.0
351.0 971.5
353.37 834.63
354.0 73.5
355.5 24.5
356.0 397.71
357.0 873.5
359.5 443.0
359.0 462.0
360.0 800.71
359.0 1076.0
363.67 302.11
366.33 993.67
367.33 344.67
367.5 915.5
369.29 373.0
369.67 308.67
371.5 949.0
372.67 195.33
374.5 959.0
379.67 357.67
383.2 1005.4
383.5 145.0
384.33 672.11
386.0 226.5
388.5 126.0
387.5 275.0
388.83 959.17
394.0 674.24
395.5 624.0
396.75 635.33
401.5 589.5
404.0 51.5
406.33 570.33
409.5 645.0
415.33 602.67
415.0 952.5
417.33 724.33
419.88 454.12
420.4 781.2
421.0 662.5
423.0 122.0
429.0 298.5
430.0 178.5
430.0 911.5
432.0 237.5
433.0 169.29
435.8 817.6
435.5 1003.5
438.67 188.67
441.5 520.0
444.64 392.55
449.5 754.5
450.85 912.54
450.0 2.5
451.5 331.5
459.0 365.5
464.62 367.91
468.0 148.0
468.8 343.0
471.5 539.5
471.5 318.5
475.18 912.82
476.4 116.2
478.5 290.0
478.5 626.0
479.5 43.5
481.5 1025.5
482.67 116.33
482.67 781.33
489.74 422.15
486.88 58.12
488.5 283.29
487.33 310.33
489.5 212.5
489.5 300.5
492.29 176.0
491.5 659.5
492.5 760.0
497.09 77.3
494.0 651.5
495.5 604.5
497.5 327.5
497.5 1055.0
499.5 405.0
502.42 360.45
501.5 171.0
507.5 985.0
508.2 1013.6
509.5 679.0
510.33 479.33
512.6 495.8
513.0 6.5
513.5 720.5
514.12 742.12
515.82 111.18
515.17 408.83
514.5 646.5
520.57 1020.5
518.29 646.0
521.5 244.0
521.5 502.0
523.33 217.11
522.5 549.0
523.6 12.8
525.88 978.12
526.0 1032.5
527.67 193.67
527.67 663.67
533.67 463.67
534.0 232.5
536.5 8.5
538.33 475.67
540.0 363.5
541.64 914.55
542.5 348.0
542.71 399.0
546.0 225.5
545.25 569.0
551.5 289.0
552.67 652.67
554.0 647.5
555.0 826.5
557.29 785.0
559.0 178.5
559.5 944.0
566.0 531.5
570.83 526.75
568.5 152.0
569.0 615.5
569.83 736.17
572.42 138.92
572.0 819.0
576.95 32.63
580.16 231.84
585.96 55.25
579.88 607.12
585.35 947.53
584.0 615.5
585.0 846.0
585.5 1064.0
588.0 833.5
589.0 175.25
588.6 820.8
589.71 510.0
591.5 498.0
593.6 317.8
594.75 775.62
595.4 420.8
597.5 180.0
599.12 945.88
598.83 1050.67
601.0 652.5
612.68 1036.93
606.88 587.88
607.15 817.54
612.5 51.5
614.0 710.25
618.1 63.9
624.0 202.29
624.0 486.0
624.5 602.5
626.0 309.0
625.0 723.5
627.0 838.75
629.0 263.5
631.5 716.78
632.5 206.5
633.5 26.0
636.1 284.95
634.0 432.5
638.35 750.43
638.72 149.41
638.75 73.0
639.5 909.5
640.0 453.29
639.0 576.5
640.88 487.12
641.0 775.5
645.31 593.22
643.76 616.62
644.0 378.0
644.5 557.5
644.0 866.5
645.5 754.0
646.5 515.5
650.17 1.17
650.71 231.0
650.0 247.5
653.0 215.0
656.59 257.28
657.5 989.0
658.67 433.67
662.5 1068.0
667.2 244.6
668.94 467.42
674.5 94.5
676.67 192.54
675.33 222.33
676.5 146.5
678.79 499.36
679.71 94.0
679.0 165.5
681.0 521.25
683.5 1043.5
685.4 149.2
685.33 933.67
687.6 616.8
688.5 843.0
689.12 915.88
692.62 764.38
691.33 820.33
696.5 364.0
701.5 264.0
703.12 993.12
703.67 591.33
704.67 514.67
707.0 167.5
706.33 656.67
708.0 701.5
708.67 1078.67
709.33 501.5
709.5 1041.5
711.5 142.2
712.0 393.0
712.5 1040.0
714.17 892.83
714.83 981.17
716.5 772.0
720.25 304.0
721.5 429.0
721.5 666.0
720.33 709.67
723.0 1046.0
724.8 25.0
726.2 330.2
725.83 977.17
726.5 121.5
726.5 530.0
727.36 716.45
728.5 189.0
729.5 505.5
729.5 95.0
732.4 786.4
732.4 438.2
740.15 850.46
738.5 950.0
741.0 265.29
742.0 837.0
742.5 13.0
743.29 458.14
747.5 390.0
749.71 112.0
749.67 902.67
750.0 1022.0
751.23 45.15
752.2 396.5
752.09 814.64
759.75 546.0
759.5 710.0
762.0 250.0
761.5 445.5
768.5 260.26
762.5 744.0
763.2 886.5
764.89 813.67
765.0 792.5
768.2 368.6
767.5 832.5
768.67 396.33
769.5 705.0
769.33 363.67
774.5 346.5
774.5 360.0
774.0 840.5
774.5 998.0
775.0 876.0
777.0 699.25
776.5 816.0
777.5 883.5
779.38 794.38
780.5 488.5
782.33 615.89
786.5 965.5
789.67 5.33
790.0 70.71
794.08 827.69
796.83 261.17
800.33 744.5
798.75 849.0
799.0 626.5
801.5 46.71
806.8 740.4
807.5 459.0
808.0 635.25
808.0 1029.5
809.0 1052.5
812.5 990.0
814.5 844.0
815.8 541.4
816.88 490.88
817.0 1035.0
819.0 590.25
819.5 251.0
819.0 502.0
820.33 361.33
821.5 148.5
824.4 1072.2
828.0 335.71
828.5 225.0
835.03 163.74
831.0 623.5
832.67 803.67
833.5 603.5
835.86 829.29
837.0 988.29
838.0 346.5
840.5 601.5
841.5 436.5
844.0 482.0
845.0 377.0
847.0 198.5
848.21 214.0
848.38 581.66
846.0 841.5
850.5 883.5
851.5 345.0
851.33 839.67
853.12 12.12
853.2 668.0
858.67 739.67
859.5 1037.5
860.88 250.88
861.5 157.5
862.0 236.0
862.5 271.0
863.29 699.0
864.5 941.0
864.5 1063.2
864.0 12.0
864.0 422.5
867.5 403.5
869.5 490.0
873.2 173.6
874.0 1063.0
878.0 593.75
879.36 297.55
878.67 885.33
879.33 660.33
883.5 797.0
884.6 172.2
885.33 492.67
885.88 756.88
886.71 310.0
887.11 964.67
887.5 663.5
889.18 445.18
889.0 740.0
892.33 912.67
896.61 13.39
894.89 517.67
895.5 107.0
895.75 525.25
895.0 579.5
897.29 169.0
900.5 137.5
902.5 110.5
904.29 62.0
903.0 706.5
906.1 329.05
904.0 478.5
904.33 727.67
905.33 1045.33
906.5 265.5
907.5 469.0
907.5 737.5
908.12 997.12
909.67 341.33
909.0 911.5
913.0 570.24
912.75 442.0
914.0 202.0
914.5 746.5
915.0 59.5
916.0 154.71
916.0 362.71
916.71 693.0
917.67 698.89
917.59 736.12
918.0 403.0
917.5 505.5
918.6 472.2
926.35 401.05
923.12 1075.88
928.39 633.1
928.2 216.4
928.33 620.67
932.0 521.0
929.33 905.33
932.41 81.72
932.0 282.5
937.12 715.88
937.88 128.12
940.0 32.5
940.8 561.4
944.57 353.67
944.17 273.83
944.83 175.67
945.0 13.5
946.0 702.5
945.8 918.6
945.33 941.33
949.5 1030.0
951.33 593.92
951.8 1024.5
954.5 17.5
955.8 539.6
957.5 760.0
958.5 649.0
959.0 22.5
959.0 257.5
959.5 430.0
960.25 847.0
961.5 1033.5
962.6 3.2
963.0 94.5
964.5 517.5
967.5 21.0
967.5 171.5
968.29 1027.0
970.17 41.17
971.09 473.09
970.8 764.6
973.33 454.89
971.33 611.33
971.5 1074.0
974.83 1045.67
975.5 68.5
975.0 857.5
977.83 328.17
979.89 721.28
981.17 159.83
980.5 749.0
981.5 299.0
982.0 856.5
982.0 992.5
983.72 761.11
983.5 241.0
984.0 1028.29
986.0 75.0
986.5 87.0
988.59 450.32
986.4 632.2
988.0 268.75
988.2 317.6
987.75 796.0
988.6 367.8
990.0 550.0
992.5 755.0
994.5 376.5
994.0 706.5
996.33 523.67
997.76 773.06
998.17 84.17
997.5 99.0
997.67 297.67
997.67 427.33
997.5 768.5
997.5 918.0
998.67 373.67
999.5 749.0
1002.33 71.33
1002.5 85.5
1003.0 887.75
1004.0 111.0
1003.75 995.0
1004.0 208.0
1004.0 961.5
1007.0 354.0
1007.33 872.11
1009.3 989.3
1009.5 200.0
1009.0 637.5
1011.0 484.0
1012.5 565.5
1012.5 571.0
1013.0 706.0
1013.5 99.0
1015.33 433.67
1016.33 143.67
1018.72 43.89
1018.2 810.4
1019.0 1056.5
1020.0 26.5
1020.0 170.5
1022.71 1002.5
1025.33 830.67
1026.5 215.0
1029.0 142.5
1030.33 5.33
1030.71 983.0
1030.5 1003.0
1034.69 627.22
1031.5 762.5
1032.67 1034.33
1035.0 402.5
1035.0 515.5
1035.5 1078.0
1036.33 582.67
1038.0 675.5
1039.33 991.33
1041.0 384.0
1041.33 16.67
1044.67 383.67
1044.67 793.67
1045.33 1024.33
1046.5 520.0
1049.5 671.0
1048.5 844.5
1050.0 421.5
1050.0 916.5
1052.67 442.67
1052.5 951.5
1055.38 162.66
1053.5 764.0
1054.5 255.0
1054.0 527.5
1054.0 861.5
1058.71 822.29
1056.4 90.8
1056.5 130.0
1057.2 495.4
1056.5 624.0
1058.5 648.5
1057.5 994.5
1058.15 1065.46
1059.0 49.0
1059.0 177.5
1059.0 786.5
1060.8 215.5
1060.0 810.5
1061.33 936.33
1064.0 221.5
1065.0 111.0
1065.5 934.0
1068.8 286.6
1066.5 509.5
1066.5 1043.0
1071.0 614.0
1071.5 179.0
1072.0 641.5
1072.0 944.0
1074.8 979.34
1074.29 765.0
1075.5 662.71
1076.29 176.5
1076.0 740.8
1076.5 999.5
1078.0 373.29
1078.5 450.0
1080.5 362.2
1083.2 1036.08
1083.9 902.3
1087.38 221.62
1087.0 913.2
1087.5 116.0
1093.37 554.63
1092.0 705.2
1093.0 270.25
1095.64 1059.55
1096.91 562.09
1098.12 215.12
1101.33 402.76
1098.67 122.33
1098.5 698.0
1098.5 955.0
1100.0 433.29
1102.5 134.0
1102.5 291.5
1104.5 1009.5
1106.0 130.71
1107.67 291.33
1108.5 286.0
1108.5 435.5
1109.0 667.5
1112.14 182.36
1110.5 616.0
1111.33 124.67
1111.5 597.0
1111.5 674.5
1113.5 487.0
1113.25 820.58
1113.5 232.0
1114.0 1065.5
1115.0 167.5
1115.4 499.8
1116.5 689.0
1117.67 541.33
1123.0 103.75
1125.62 227.85
1126.04 954.04
1124.5 41.5
1124.89 415.33
1124.0 565.5
1125.33 826.33
1127.67 201.33
1127.5 284.0
1130.67 653.2
1129.33 51.33
1131.5 335.5
1132.6 355.8
1132.5 415.0
1134.71 8.0
1140.58 847.58
1135.67 213.67
1137.5 341.5
1144.67 5.45
1139.83 429.17
1142.67 234.33
1143.12 238.12
1142.67 476.33
1142.5 480.5
1143.0 222.5
1144.0 351.0
1144.67 577.67
1148.0 229.0
1149.5 91.5
1149.0 305.5
1150.8 113.6
1150.0 398.0
1151.0 1009.71
1151.33 523.67
1152.0 599.29
1153.75 725.0
1156.94 993.58
1156.5 974.0
1157.67 87.67
1158.5 615.8
1158.0 830.5
1159.6 14.2
1160.8 766.0
1160.0 131.5
1160.88 609.88
1164.0 306.0
1166.0 280.0
1167.2 242.5
1168.2 269.2
1168.0 809.5
1169.33 110.33
1169.75 863.25
1171.45 74.64
1173.71 31.0
1177.5 492.5
1179.63 1001.37
1179.0 423.5
1179.5 531.5
1180.33 65.33
1181.0 555.29
1184.0 571.5
1186.18 585.73
1184.0 737.5
1186.0 52.5
1187.0 687.8
1189.67 462.89
1190.25 441.0
1192.5 359.0
1192.67 678.67
1194.0 381.5
1199.55 598.23
1195.0 962.5
1197.17 332.83
1196.5 467.5
1197.75 58.0
1199.5 229.0
1199.0 427.5
1199.5 657.0
1200.5 186.0
1200.33 817.67
1201.5 191.5
1206.0 216.5
1205.8 372.5
1205.0 884.5
1207.56 800.22
1207.67 9.67
1207.83 1073.33
1208.67 992.67
1210.0 501.5
1215.42 548.42
1214.5 685.0
1216.0 415.0
1217.0 481.5
1219.75 886.0
1221.0 236.0
1220.8 1021.4
1223.6 889.6
1224.25 768.0
1225.5 1000.0
1227.5 694.0
1232.19 676.44
1229.5 567.5
1230.5 455.5
1230.0 934.5
1232.29 90.5
1231.5 125.5
1233.0 361.5
1232.5 1071.5
1233.5 284.0
1235.0 310.5
1236.29 434.5
1236.5 592.5
1237.71 703.0
1239.0 352.67
1239.71 815.0
1241.0 806.0
1241.5 231.5
1243.88 399.12
1245.0 308.5
1244.6 987.2
1245.0 42.5
1247.36 194.55
1246.5 519.0
1249.67 964.67
1250.33 36.33
1252.5 940.8
1254.0 366.5
1258.67 73.44
1255.0 198.5
1255.0 927.5
1257.0 391.0
1257.0 400.0
1257.5 230.0
1257.6 548.2
1259.5 119.0
1260.95 3.1
1260.17 545.67
1261.5 827.5
1261.5 1012.5
1263.5 709.0
1265.77 862.57
1266.0 525.0
1265.5 160.5
1267.6 666.8
1267.8 834.4
1268.67 79.5
1269.0 804.5
1269.6 877.2
1270.0 127.5
1270.0 1076.5
1271.33 998.67
1272.5 695.0
1273.5 888.5
1276.5 35.0
1275.0 816.5
1276.33 850.33
1277.5 260.5
1278.6 197.2
1280.75 537.67
1281.0 719.71
1287.58 894.65
1286.0 48.0
1286.0 535.5
1289.6 1037.2
1291.0 313.5
1291.5 681.5
1292.5 593.5
1295.0 33.5
1295.4 160.8
1295.75 878.75
1299.12 601.12
1304.91 141.09
1305.95 236.1
1306.2 260.4
1307.0 411.5
1308.0 428.0
1314.5 501.5
1314.29 308.5
1314.88 104.88
1316.33 191.33
1318.2 412.6
1318.5 438.5
1321.0 299.25
1320.0 361.5
1321.5 882.5
1322.88 228.12
1322.5 1015.0
1324.33 890.11
1324.5 129.5
1324.0 420.5
1325.62 564.38
1328.0 232.5
1327.5 430.0
1328.0 678.0
1329.5 424.0
1333.0 55.0
1332.0 195.0
1332.0 413.0
1334.5 658.5
1333.0 688.5
1336.2 1.4
1335.0 159.5
1337.0 395.25
1341.5 29.0
1342.5 391.0
1344.0 393.5
1344.75 426.0
1345.8 88.6
1347.67 131.33
1351.71 261.67
1347.67 922.67
1348.0 57.5
1349.5 248.0
1349.0 757.5
1350.8 283.6
1351.67 139.17
1353.29 58.0
1353.0 433.0
1352.5 470.0
1353.0 895.5
1355.0 679.0
1355.0 622.5
1356.5 203.5
1358.08 610.31
1358.0 173.75
1362.29 623.0
1363.6 600.8
1366.0 565.5
1365.0 909.5
1366.5 726.0
1372.0 948.25
1369.67 165.33
1370.62 785.38
1374.0 80.0
1375.5 64.5
1375.8 289.4
1377.5 486.5
1382.64 918.67
1379.2 12.6
1378.5 688.5
1380.75 304.33
1380.0 200.5
1380.33 250.33
1380.5 737.5
1383.55 349.36
1384.0 38.75
1383.5 484.0
1383.67 641.33
1384.0 1010.0
1385.0 366.5
1385.8 645.4
1386.5 855.5
1388.0 60.8
1387.5 74.0
1388.0 706.5
1390.0 465.0
1389.0 554.5
1392.0 197.5
1391.5 382.5
1392.0 881.5
1392.5 509.0
1392.67 578.67
1394.5 34.0
1394.5 707.5
1395.62 996.38
1395.0 245.5
1396.33 657.67
1397.36 767.09
1400.8 102.6
1407.76 295.0
1407.4 91.6
1406.5 844.0
1406.4 958.2
1407.67 76.33
1408.12 700.12
1408.75 423.0
1408.83 885.67
1410.12 958.88
1411.0 311.71
1410.5 493.5
1412.5 609.0
1413.5 528.0
1414.5 864.5
1414.33 31.33
1415.18 416.18
1420.47 21.95
1416.5 599.0
1417.75 482.0
1418.5 667.71
1420.0 790.29
1420.0 351.5
1420.0 837.5
1422.5 197.5
1421.0 397.5
1423.63 1000.63
1425.0 672.0
1425.0 691.5
1426.5 120.0
1430.89 74.67
1431.5 478.0
1432.29 492.0
1431.71 517.0
1432.5 690.5
1434.5 197.5
1436.33 406.33
1436.33 884.67
1437.29 1031.0
1438.6 253.2
1440.62 59.62
1441.5 581.0
1443.5 861.0
1442.5 964.5
1447.8 818.8
1446.0 154.75
1445.5 357.5
1446.67 696.33
1448.67 616.33
1450.5 1045.71
1450.5 332.5
1451.5 230.0
1452.75 908.0
1455.0 706.0
1456.0 989.0
1463.04 372.52
1456.71 426.0
1456.88 501.88
1461.17 445.88
1462.0 173.5
1461.0 186.5
1461.5 629.0
1462.29 783.0
1462.67 726.33
1463.12 1009.12
1463.67 751.33
1467.33 147.67
1468.29 231.0
1468.67 330.33
1469.5 76.5
1470.5 187.5
1475.88 754.12
1476.71 526.0
1482.5 25.0
1482.5 564.0
1483.67 528.67
1485.5 289.5
1486.0 438.5
1490.0 667.5
1491.88 29.12
1493.0 914.75
1494.67 834.33
1496.17 655.83
1501.52 547.74
1499.5 1077.5
1501.4 898.2
1504.0 530.71
1508.83 928.17
1510.0 662.5
1512.5 786.71
1513.0 981.71
1513.67 653.67
1514.0 693.75
1516.0 402.5
1516.5 554.0
1518.0 107.0
1517.67 324.33
1519.5 79.71
1519.0 573.5
1523.2 198.6
1526.2 87.6
1526.5 884.0
1529.25 62.25
1533.14 275.5
1531.0 787.0
1531.5 1064.0
1532.5 467.5
1532.5 859.5
1534.0 454.5
1535.8 332.4
1538.25 358.67
1538.12 917.88
1539.0 739.5
1541.28 531.89
1540.0 710.0
1541.5 736.5
1545.0 892.8
1545.5 238.5
1547.0 106.5
1548.82 785.18
1550.78 805.09
1553.37 793.63
1558.5 232.5
1560.4 257.2
1562.0 137.0
1564.08 809.24
1563.0 677.75
1563.38 783.38
1566.05 455.93
1565.0 407.0
1569.67 64.89
1569.5 580.5
1572.5 33.5
1573.0 800.71
1574.0 142.5
1574.25 1040.5
1574.5 528.0
1574.0 657.5
1578.2 434.4
1583.54 782.15
1585.22 491.0
1585.0 865.25
1585.5 963.0
1587.0 765.0
1589.67 363.67
1590.6 963.6
1590.5 676.0
1590.88 780.88
1590.0 904.5
1592.75 657.0
1596.5 192.0
1595.0 829.5
1596.91 431.64
1596.5 658.5
1597.83 75.83
1597.67 161.33
1597.5 250.0
1599.5 1029.0
1601.5 1013.5
1606.0 397.0
1606.8 415.4
1610.75 673.67
1610.8 183.6
1612.0 741.5
1614.0 694.5
1615.09 1072.64
1617.0 917.0
1618.75 13.0
1618.88 177.12
1618.67 312.67
1620.64 188.55
1620.4 461.8
1622.5 1064.5
1624.33 839.89
1625.4 611.8
1626.0 652.0
1628.0 142.0
1630.0 215.29
1633.0 550.5
1636.5 291.5
1636.5 505.0
1639.28 357.11
1640.5 1.5
1641.5 269.0
1642.89 382.67
1643.67 223.67
1643.83 414.83
1646.26 625.17
1648.67 330.33
1650.0 657.0
1650.5 812.0
1651.12 353.88
1655.12 690.88
1655.25 117.0
1656.33 527.67
1656.33 657.33
1661.33 420.33
1662.5 56.5
1667.27 169.05
1666.0 982.0
1666.5 220.5
1666.5 852.5
1667.5 239.0
1667.5 282.0
1667.8 970.4
1674.0 712.0
1671.0 1026.5
1676.5 148.0
1677.12 512.88
1677.5 55.5
1678.0 472.0
1678.67 165.33
1679.0 844.29
1679.8 244.4
1680.33 125.33
1680.5 178.0
1683.75 771.0
1684.25 79.0
1684.0 422.5
1686.67 719.5
1690.0 1002.5
1691.0 111.5
1695.19 775.14
1694.0 818.29
1695.0 320.5
1697.5 867.71
1699.5 121.5
1700.0 204.5
1700.71 415.5
1701.89 441.44
1703.0 997.0
1704.0 433.75
1708.5 96.13
1706.5 270.0
1708.0 218.0
1711.5 836.5
1715.0 198.75
1714.6 993.8
1717.5 1055.5
1718.79 698.63
1723.0 104.5
1723.67 218.67
1725.5 592.0
1729.0 571.0
1732.0 4.5
1735.5 0.5
1736.0 565.5
1736.5 920.0
1737.67 391.33
1738.67 46.33
1738.5 489.0
1739.0 206.5
1742.72 133.41
1740.5 892.0
1742.67 150.33
1746.5 305.5
1745.22 955.44
1745.5 1055.5
1745.4 1060.8
1746.0 1078.75
1747.15 233.54
1748.0 449.71
1749.17 484.83
1748.67 886.33
1750.5 188.22
1750.5 266.0
1750.33 897.67
1752.2 277.6
1752.67 550.11
1756.5 519.5
1757.5 424.0
1761.5 134.0
1763.62 25.62
1765.5 1079.0
1768.5 1011.5
1772.09 14.09
1770.33 326.33
1771.5 148.5
1775.14 683.36
1776.96 543.4
1776.5 224.0
1778.55 16.64
1777.5 92.0
1777.5 567.0
1781.17 450.67
1781.5 634.5
1783.29 373.0
1785.5 454.5
1786.8 617.4
1787.5 657.0
1788.67 262.67
1789.0 784.0
1790.0 456.5
1791.8 752.6
1796.66 102.89
1796.2 950.0
1804.25 71.25
1799.33 48.11
1801.0 854.71
1803.0 248.0
1803.0 1064.0
1803.67 440.33
1805.57 948.9
1807.12 452.12
1806.0 568.5
1807.71 590.57
1809.4 126.8
1810.33 982.67
1811.88 308.12
1812.67 991.33
1813.33 979.33
1817.5 52.2
1817.5 705.0
1819.5 271.0
1819.5 587.5
1824.5 56.13
1821.5 292.5
1821.5 572.5
1822.5 545.0
1827.0 208.0
1826.0 418.5
1828.32 423.68
1830.0 405.5
1830.5 812.5
1831.8 105.4
1832.0 819.2
1833.5 701.5
1832.6 1001.2
1834.0 493.0
1839.0 384.8
1847.42 424.47
1845.33 898.67
1847.0 68.17
1849.33 80.33
1850.5 644.0
1851.0 905.0
1852.29 1006.0
1852.5 316.5
1854.59 787.88
1854.0 219.5
1855.0 783.5
1859.5 965.0
1860.67 919.17
1861.5 195.0
1862.29 684.0
1863.67 431.33
1863.6 930.8
1865.0 148.0
1864.0 168.5
1866.11 721.67
1866.0 1040.0
1869.5 312.0
1870.27 611.0
1869.9 815.4
1870.0 476.0
1873.5 758.0
1875.25 208.25
1877.67 504.67
1878.5 75.0
1879.71 804.5
1880.5 427.5
1882.0 554.5
1882.67 432.67
1889.0 1067.0
1892.5 850.0
1899.54 17.36
1895.0 374.5
1897.17 1074.17
1897.5 129.0
1897.5 792.5
1900.79 323.03
1901.33 446.33
1901.8 728.5
1902.67 1003.67
1906.82 774.18
1908.38 46.76
1909.65 61.2
1906.5 606.0
1909.0 1024.5
1913.6 1065.8
1914.33 590.67
1915.5 564.0
1917.71 970.0
1919.0 843.5
!