1.31 275.73
2.67 438.33
2.83 797.17
6.5 419.0
11.0 152.5
13.5 176.0
13.5 800.5
13.5 851.0
21.5 734.0
22.0 403.5
25.0 662.5
29.5 25.0
29.0 471.5
31.0 680.75
34.4 44.04
36.33 209.67
44.2 855.0
45.82 124.18
45.67 418.33
47.2 351.0
47.5 268.0
49.75 694.38
49.5 816.5
50.5 740.0
51.5 277.0
54.0 576.71
54.5 208.0
54.5 714.0
54.5 791.0
54.0 832.5
55.5 851.0
56.67 619.33
56.5 732.5
58.5 266.0
59.71 554.5
58.5 648.0
60.5 602.0
61.0 673.5
66.5 756.0
68.5 404.5
70.67 708.33
73.37 9.63
71.5 728.0
72.5 50.5
73.5 664.0
75.54 356.15
75.71 510.5
74.5 818.0
77.67 26.11
80.5 483.0
83.5 348.5
87.09 588.09
85.5 630.0
91.0 139.5
90.5 277.0
90.25 665.0
92.0 255.5
95.0 58.0
93.5 723.0
95.5 408.71
95.5 629.5
98.5 691.0
101.5 185.0
105.0 756.2
106.5 311.0
108.5 755.0
115.0 785.8
118.5 476.0
120.0 409.71
119.0 685.5
120.0 110.5
123.0 411.5
124.0 415.5
126.67 602.33
130.5 145.0
132.5 164.5
132.5 799.5
137.62 194.62
137.87 650.53
136.67 719.67
137.0 454.5
138.5 497.0
139.5 30.0
140.0 731.5
144.0 842.5
147.67 647.67
150.5 754.0
152.5 117.0
152.0 629.5
153.88 560.88
154.71 34.0
154.5 265.0
155.2 612.4
154.67 774.33
155.5 857.0
157.5 406.0
160.12 514.12
162.5 628.0
166.83 688.5
169.71 132.0
170.0 592.5
172.5 281.5
174.0 174.29
174.5 704.0
176.0 168.5
176.5 684.0
185.58 297.63
180.5 46.0
183.67 61.33
183.5 523.5
184.83 124.83
186.0 514.5
187.0 806.5
189.5 98.5
192.5 249.0
192.5 414.0
193.5 377.5
194.12 448.88
197.94 27.84
196.0 746.5
202.0 217.5
204.5 636.0
205.5 173.0
205.5 698.5
207.5 114.5
207.33 159.67
208.9 329.8
208.5 853.0
210.0 549.5
211.0 303.5
214.71 745.5
216.67 288.67
219.5 660.0
220.83 88.83
220.5 113.5
222.8 352.5
221.0 382.5
223.5 315.0
226.0 732.5
228.0 473.5
231.0 188.0
230.65 661.0
231.0 425.5
235.07 759.72
233.5 587.5
235.33 75.33
236.8 43.6
242.5 340.5
244.17 262.83
243.5 364.5
243.5 815.0
244.33 253.67
245.5 361.0
245.5 788.5
246.5 308.5
248.91 752.09
251.5 351.0
252.5 710.5
253.5 409.5
259.79 574.5
257.0 581.5
260.0 137.5
261.5 415.5
264.33 486.33
264.5 621.0
265.5 512.0
270.32 168.0
267.33 739.67
272.75 450.75
273.5 139.0
279.2 851.4
279.5 383.0
284.0 682.75
284.0 520.5
284.0 758.5
285.0 40.5
286.0 411.5
287.5 414.0
291.67 296.33
297.67 526.33
297.33 574.33
300.0 424.0
301.5 541.0
301.5 544.0
302.0 611.5
306.2 198.0
305.33 473.33
306.5 90.5
309.33 226.33
310.67 499.33
314.14 703.21
312.0 731.5
317.0 299.5
318.29 537.14
321.5 151.0
321.88 306.88
324.5 837.0
335.72 22.87
331.5 73.5
334.4 193.96
337.2 382.6
336.5 438.0
336.83 763.83
338.5 659.5
343.0 410.5
343.5 557.5
349.2 852.4
350.5 284.5
352.72 180.41
355.71 559.0
359.67 521.67
361.0 615.71
360.0 697.5
366.71 433.0
367.0 516.5
367.5 613.0
368.0 728.25
370.71 132.0
373.5 856.5
376.0 368.0
377.0 757.5
380.67 734.67
383.0 675.0
382.5 679.5
385.5 132.5
386.67 337.11
385.0 777.5
391.5 511.5
393.5 334.0
393.0 340.5
393.5 767.0
393.0 832.5
397.5 835.0
398.67 700.67
399.67 665.33
400.5 120.5
404.06 523.58
405.5 728.5
406.0 385.5
406.5 510.5
407.0 398.5
410.15 450.85
408.5 151.5
410.5 282.0
410.0 470.5
410.0 714.5
410.5 855.0
412.0 534.5
412.0 783.5
414.89 817.67
415.5 339.5
420.5 401.0
415.5 790.5
420.0 412.5
421.71 363.0
423.5 711.5
423.5 731.5
423.5 778.5
424.5 625.5
425.0 555.5
426.71 313.0
426.0 509.5
426.33 676.33
427.0 685.71
427.5 376.5
428.5 497.0
431.85 509.54
432.0 62.5
432.0 280.5
437.12 528.04
436.33 757.67
436.0 767.5
444.83 310.83
444.67 750.67
445.5 90.0
446.0 267.5
446.33 276.33
449.5 246.5
452.5 374.0
454.5 421.5
455.5 240.0
455.5 506.0
459.5 528.0
459.0 814.5
463.5 215.5
463.5 377.0
465.71 777.5
465.0 611.5
466.33 88.33
467.5 684.0
471.28 310.59
469.0 538.5
470.0 291.5
471.5 350.0
477.68 246.1
479.38 342.62
484.42 224.88
481.5 622.0
484.47 580.87
483.5 848.5
490.24 16.0
487.5 52.5
487.5 271.5
491.0 721.5
494.5 290.5
504.87 371.29
503.0 251.29
508.0 736.5
509.5 379.0
513.55 507.36
510.5 593.5
510.5 681.0
510.5 767.5
512.67 493.67
512.5 711.0
512.0 790.5
512.5 803.5
514.5 742.5
515.5 556.5
517.91 60.09
520.82 374.18
521.5 514.5
524.5 294.5
526.6 382.8
526.0 429.5
527.5 395.0
530.86 615.0
528.0 731.5
528.67 812.33
531.5 331.5
534.5 627.5
534.0 825.5
536.0 789.25
536.5 608.5
541.38 395.62
541.0 425.5
541.5 777.0
542.71 213.0
542.75 743.0
543.5 294.0
544.67 129.67
546.5 538.0
548.0 462.29
550.9 610.52
549.5 261.0
549.5 496.5
552.0 422.5
553.5 553.5
555.33 484.33
556.5 394.0
556.5 805.0
557.5 458.0
560.4 609.2
561.0 603.5
565.56 615.44
564.33 827.33
565.5 203.5
571.5 494.08
570.88 301.88
570.5 580.0
571.5 222.0
574.71 35.0
574.5 103.0
574.0 637.5
576.67 828.33
577.0 292.5
581.0 22.0
581.5 3.0
581.67 467.33
581.5 519.5
585.8 618.4
588.0 361.0
590.84 635.25
589.83 215.17
591.88 437.12
597.5 518.17
600.5 748.12
598.0 465.5
600.5 713.0
604.0 91.8
607.0 203.0
606.5 339.0
607.5 375.5
607.67 762.33
611.0 368.5
614.71 149.0
616.67 644.89
616.82 857.18
620.5 381.0
624.08 575.64
623.5 637.5
625.5 25.0
625.5 97.0
627.12 272.88
627.5 395.0
627.8 743.4
631.5 204.5
638.5 604.5
640.2 266.4
648.34 407.86
644.5 96.0
644.67 248.67
647.71 334.0
653.94 441.88
648.0 465.0
650.0 89.0
650.0 453.5
652.33 543.67
652.0 546.5
653.0 737.5
657.47 129.87
657.5 420.0
660.0 317.0
660.5 408.0
660.0 603.5
661.5 324.0
661.5 633.0
662.5 586.0
664.12 110.88
666.5 216.0
666.5 452.0
667.2 633.6
666.33 725.33
667.0 139.5
669.67 493.67
672.5 569.0
673.67 381.67
674.29 600.0
674.0 582.5
674.0 640.5
676.0 18.29
678.5 327.0
678.33 720.33
679.5 558.0
682.16 261.84
681.0 277.0
683.0 441.5
684.5 765.71
689.5 531.5
691.5 82.0
696.78 454.7
694.5 500.0
696.33 561.67
697.5 80.5
697.5 611.5
700.0 429.5
703.5 583.0
709.12 221.88
709.33 195.33
712.5 783.5
715.33 838.67
716.0 368.5
717.5 332.0
717.5 389.0
717.5 762.0
720.71 277.0
721.5 453.5
721.33 540.67
730.5 583.5
730.0 743.71
731.4 749.6
733.09 172.91
732.0 497.5
732.0 796.5
737.5 490.0
742.36 172.08
739.5 713.5
742.0 4.5
742.5 858.0
749.0 587.5
751.75 91.0
751.5 120.0
754.37 259.85
756.42 581.25
753.67 28.67
754.33 427.33
755.5 545.0
760.33 204.11
765.5 362.0
765.5 527.5
767.0 738.5
770.6 637.2
772.0 554.29
774.5 186.0
778.86 649.7
776.5 665.5
778.0 293.5
777.5 530.5
778.5 175.5
779.33 602.67
780.0 233.5
782.0 438.0
781.6 772.2
783.0 539.29
788.0 341.0
788.8 543.0
795.18 406.35
790.5 320.5
791.33 562.33
795.29 385.0
795.33 550.33
798.88 837.88
800.8 759.5
801.0 240.5
803.5 182.0
803.5 404.5
803.0 550.5
806.86 684.71
806.5 736.0
808.0 714.5
813.5 109.5
815.33 593.33
817.12 21.88
816.0 495.5
817.0 571.5
819.87 653.53
823.5 347.5
823.0 356.5
824.5 72.0
825.0 296.71
824.6 362.8
825.36 512.91
824.5 673.5
826.5 464.0
828.0 350.5
829.5 602.5
838.5 573.0
838.0 624.5
838.33 839.67
841.27 541.27
840.67 480.33
849.0 512.67
849.12 778.12
850.5 854.5
852.0 331.25
852.5 182.5
852.6 413.2
853.5 319.5
854.5 554.5
856.0 697.29
859.2 480.4
862.5 109.0
862.5 584.5
864.17 615.17
864.33 361.33
866.67 750.33
867.33 250.33
877.0 320.29
878.5 104.0
881.19 510.81
887.0 540.5
886.0 418.5
888.64 439.91
889.36 161.91
891.0 792.0
896.15 266.5
896.0 830.5
901.0 798.2
903.33 232.33
903.5 425.0
903.5 713.5
905.12 237.12
911.5 506.5
914.5 753.0
918.5 792.21
919.5 110.5
921.0 540.5
925.0 401.2
925.33 369.67
926.71 727.0
927.5 635.5
928.0 171.5
928.5 802.0
932.5 602.0
934.5 112.5
934.5 836.0
936.5 395.5
937.0 72.5
938.5 368.5
940.5 623.0
942.33 673.33
946.5 634.5
947.33 485.33
950.5 39.0
954.0 597.5
956.5 459.0
956.0 749.5
957.5 682.0
962.5 46.0
968.5 501.0
971.0 78.5
974.0 447.71
975.5 75.5
977.33 808.33
981.0 384.0
979.12 842.88
983.2 823.6
983.0 690.5
984.5 8.5
984.33 26.67
985.0 695.5
986.0 855.4
992.56 222.45
991.34 534.55
989.5 174.0
990.4 406.2
991.0 834.5
992.5 753.5
996.5 394.0
997.4 553.2
998.5 758.5
998.5 173.5
998.5 610.0
998.0 632.5
998.0 841.5
999.33 651.33
999.88 800.12
1000.33 488.33
1002.33 707.67
1004.5 55.0
1006.67 254.33
1009.0 199.5
1012.5 510.0
1009.0 584.5
1009.0 648.5
1011.0 782.5
1014.5 329.0
1014.5 355.0
1019.7 595.31
1016.67 564.33
1018.36 571.55
1020.5 624.0
1022.5 219.0
1026.12 420.12
1023.0 163.5
1025.0 258.5
1025.67 263.33
1029.33 591.11
1029.4 850.2
1033.2 67.4
1033.67 802.67
1036.5 617.5
1037.33 632.33
1039.0 768.5
1040.5 440.0
1042.5 418.5
1043.0 585.5
1046.5 741.33
1045.0 66.5
1048.0 702.36
1048.5 696.5
1051.76 850.24
1051.5 295.0
1058.0 162.5
1058.33 437.33
1060.0 583.5
1060.0 590.5
1061.5 729.5
1068.2 815.41
1068.33 654.33
1069.8 723.4
1070.0 322.5
1072.5 47.0
1077.92 439.92
1075.33 5.33
1075.0 248.5
1082.55 413.76
1081.33 172.33
1081.67 602.67
1083.5 197.0
1084.12 208.88
1084.0 479.5
1086.5 353.5
1087.5 59.5
1087.0 87.5
1087.5 175.0
1088.5 35.5
1089.0 326.5
1089.5 375.0
1090.67 698.11
1092.5 100.0
1094.0 236.5
1096.5 544.0
1097.5 713.5
1097.5 722.0
1102.74 83.41
1107.9 120.68
1106.0 477.5
1108.5 566.5
1109.67 503.67
1109.33 548.33
1110.5 262.5
1112.5 74.5
1112.33 731.67
1118.0 172.0
1115.5 214.5
1116.5 64.5
1116.6 432.2
1116.0 470.5
1120.5 437.0
1120.5 470.0
1122.0 510.75
1122.5 111.0
1124.0 61.5
1125.12 410.88
1124.5 803.0
1126.38 234.75
1126.5 369.0
1126.5 614.0
1127.88 583.88
1129.5 16.0
1131.5 648.5
1137.84 750.16
1138.0 225.5
1140.0 847.5
1144.0 508.29
1143.0 633.5
1143.5 844.0
1147.0 461.5
1151.0 128.39
1148.5 648.0
1148.5 795.0
1150.0 617.5
1152.5 369.5
1152.5 463.0
1153.33 779.0
1155.2 359.4
1157.75 780.0
1159.33 451.67
1160.0 767.5
1161.5 641.0
1162.5 693.5
1165.67 686.33
1166.12 792.88
1168.5 524.0
1169.62 813.62
1169.5 163.5
1170.5 488.5
1171.0 449.5
1173.5 585.0
1173.0 675.5
1175.5 151.5
1175.67 181.33
1175.5 763.5
1176.0 777.5
1177.0 242.5
1180.49 631.54
1177.6 712.8
1180.5 178.0
1180.67 564.33
1183.0 418.5
1183.5 644.0
1184.5 35.0
1189.5 459.5
1191.5 372.5
1192.5 672.5
1193.0 768.29
1193.33 337.33
1193.5 649.0
1194.67 808.67
1196.0 205.0
1198.33 652.33
1199.0 138.5
1200.5 507.0
1201.0 337.5
1205.0 186.0
1204.5 722.0
1207.0 790.5
1212.5 358.5
1212.5 323.5
1212.5 828.0
1213.0 569.5
1217.0 832.75
1217.5 271.0
1217.89 619.67
1219.5 18.5
1219.83 821.17
1220.33 28.33
1223.5 187.0
1224.0 433.2
1224.0 445.5
1225.5 756.5
1226.6 149.8
1227.0 856.0
1229.5 112.5
1229.5 647.5
1231.5 388.5
1234.12 697.12
1238.0 737.5
1241.78 376.5
1241.5 511.5
1241.5 586.5
1242.0 491.5
1249.5 233.0
1250.0 842.5
1251.5 815.0
1256.0 114.5
1257.67 530.67
1257.0 778.5
1261.5 554.5
1263.67 529.11
1264.5 26.5
1264.5 733.0
1266.97 740.33
1265.5 322.0
1266.67 691.33
1267.0 506.5
1269.67 433.33
1272.67 574.33
1275.67 220.67
1275.33 352.67
1280.0 184.5
1282.5 502.0
1284.6 694.04
1288.6 733.56
1289.5 196.0
1290.17 506.83
1290.5 496.5
1292.0 135.5
1292.0 278.5
1300.35 283.42
1297.0 261.5
1300.71 494.0
1303.6 518.4
1304.24 799.24
1304.5 652.0
1305.0 442.5
1308.83 161.83
1315.12 481.12
1315.5 709.0
1316.0 862.0
1324.0 181.5
1328.5 395.0
1339.5 280.5
1343.5 628.0
1343.5 662.5
1345.5 685.5
1348.0 333.29
1350.33 733.02
1349.18 467.82
1349.0 701.5
1351.5 784.0
1356.5 206.0
1363.83 458.17
1365.59 114.88
1365.5 707.5
1370.5 231.0
1371.0 722.5
1371.5 528.0
1371.5 602.0
1372.5 84.0
1373.5 448.5
1373.5 551.0
1374.5 245.5
1374.5 787.5
1378.33 5.33
1386.33 287.33
1392.5 134.5
1392.0 473.5
1393.11 573.33
1399.18 277.82
1398.33 411.67
1401.0 723.25
1404.38 532.38
1405.33 195.33
1411.44 755.71
1408.5 146.0
1412.33 512.33
1412.33 773.33
1413.5 255.0
1413.5 541.0
1414.33 219.67
1418.6 810.8
1421.5 400.0
1425.67 605.33
1428.67 395.67
1432.0 828.5
1437.59 751.28
1435.0 229.5
1436.0 807.5
1438.33 136.33
1438.5 803.5
1442.33 301.33
1445.0 446.14
1448.0 666.0
1450.5 307.0
1454.67 420.67
1459.5 214.0
1459.71 433.0
1460.5 209.0
1464.53 826.93
1464.29 211.0
1463.67 474.33
1464.5 104.0
1468.5 195.5
1474.5 600.5
1479.0 76.5
1482.0 713.5
1484.33 811.33
1489.33 64.67
1490.0 787.71
1494.5 364.0
1494.0 504.5
1498.33 31.67
1500.5 832.5
1504.7 633.3
1505.5 663.0
1507.5 467.5
1507.33 772.67
1508.0 96.5
1508.0 352.5
1515.33 152.33
1525.5 744.5
1527.86 247.81
1527.0 276.5
1530.5 61.5
1532.28 469.41
1532.33 105.67
1535.0 785.5
!