0.25 663.0
1.33 135.33
2.88 403.12
3.67 112.67
4.0 133.5
6.0 113.5
7.82 544.82
9.21 35.37
10.5 259.5
13.5 489.5
15.83 68.17
15.0 556.5
18.3 39.09
17.67 143.67
18.5 339.0
20.12 891.88
28.5 839.0
32.75 563.0
43.5 62.5
47.5 32.0
49.67 272.67
52.85 1042.38
56.0 183.0
55.0 281.5
57.5 941.5
59.0 163.5
61.0 273.0
60.33 542.67
65.88 57.12
67.0 778.5
72.0 816.5
73.5 549.0
81.5 96.5
82.6 651.8
86.88 731.88
90.0 395.17
89.12 1025.88
96.0 823.5
98.75 191.25
100.0 376.5
102.67 79.33
114.9 621.88
108.71 781.43
111.2 276.4
113.0 31.29
113.0 57.5
116.24 759.76
121.8 663.6
121.0 827.5
125.74 335.41
124.12 550.88
135.13 184.58
132.16 868.96
132.0 855.0
132.0 918.5
135.4 468.2
136.5 202.5
136.5 679.0
138.2 603.6
141.09 567.91
145.0 616.5
146.5 71.0
148.5 908.0
149.64 974.45
150.0 67.5
155.5 424.0
158.0 51.5
164.64 1072.68
166.5 322.0
166.0 344.5
169.11 581.67
173.0 665.2
176.17 93.83
186.5 865.5
189.33 624.67
193.0 76.5
195.0 701.5
200.21 816.37
199.53 929.87
199.0 607.5
205.5 861.5
207.2 403.6
210.8 863.6
213.5 550.0
222.41 18.72
220.8 845.4
221.5 324.0
221.71 519.0
222.0 743.5
222.5 94.5
223.29 315.0
224.33 849.33
228.2 632.6
236.24 75.14
240.5 288.0
244.33 14.33
245.5 324.0
246.0 1072.29
247.83 48.83
253.25 650.25
255.8 567.6
257.0 183.5
256.33 595.67
260.0 536.5
261.33 489.67
262.12 938.88
265.0 581.5
266.5 97.5
266.33 392.67
272.0 921.0
274.29 135.5
274.5 101.5
274.5 628.0
279.5 41.8
279.0 290.5
282.29 474.0
281.88 896.88
282.5 187.5
283.5 79.0
287.0 514.5
287.6 811.8
288.0 983.0
289.6 569.2
293.67 880.33
294.0 1061.5
296.5 172.5
300.0 492.5
301.33 1043.67
301.5 1063.5
304.5 787.5
307.25 498.75
306.33 613.67
307.5 543.0
314.0 133.0
318.2 805.4
318.4 822.6
322.0 491.5
324.5 497.5
334.83 510.67
335.0 1021.71
337.0 561.0
338.0 729.35
339.5 124.5
340.0 446.5
349.5 893.0
352.71 164.5
353.14 804.71
360.0 746.0
364.36 586.45
363.5 748.0
372.0 617.0
374.5 269.5
374.29 411.0
383.0 647.5
386.0 530.0
386.5 548.0
387.5 661.5
392.18 80.73
391.64 299.55
393.0 157.0
393.5 2.5
396.5 305.0
399.16 616.16
402.0 1047.29
404.5 366.5
407.5 134.5
407.5 1078.0
409.67 673.67
415.2 812.2
413.2 658.6
414.0 1038.65
417.0 990.0
418.64 391.91
419.0 347.5
421.33 755.33
421.5 947.5
423.93 956.0
426.8 1029.6
430.8 250.4
432.0 1036.0
431.4 1041.2
437.5 159.5
438.5 1027.5
442.0 781.29
443.0 608.5
453.26 58.5
448.2 209.4
450.0 731.5
454.5 211.5
456.5 290.0
459.0 504.0
466.0 456.71
466.0 656.0
469.0 115.5
470.4 233.2
475.0 93.5
480.0 559.0
479.71 689.0
481.12 1041.88
482.5 422.5
484.71 538.0
486.88 614.88
488.38 175.38
491.5 693.0
493.5 982.5
494.0 941.0
495.89 731.67
497.71 166.0
498.6 181.8
498.5 686.5
499.67 366.33
501.33 904.67
505.0 187.0
505.8 773.6
507.5 669.0
515.1 905.15
509.0 954.0
509.33 616.33
510.25 665.0
512.5 400.5
513.83 49.17
514.67 20.33
518.75 576.0
519.29 590.0
520.0 700.5
523.0 544.29
531.5 404.0
533.29 938.0
534.3 240.6
540.25 629.98
538.12 67.12
539.0 806.5
540.83 707.83
543.0 652.5
542.5 740.0
544.6 390.8
545.0 131.5
546.8 255.5
547.5 864.0
549.33 457.67
551.23 793.46
553.5 1048.0
554.0 187.5
557.0 1057.0
557.67 560.33
560.4 764.2
563.67 284.75
568.0 230.5
571.33 307.67
575.12 528.12
574.67 594.33
576.33 70.33
578.5 964.0
581.5 358.5
582.5 460.5
582.5 983.5
587.83 184.17
589.0 174.5
589.5 657.5
599.12 624.71
597.5 1040.5
602.5 589.0
604.5 328.0
605.5 484.0
606.25 228.0
608.5 919.5
611.8 55.4
614.33 276.33
615.8 771.4
615.0 821.5
615.0 825.5
617.0 10.0
618.0 782.5
620.8 99.0
622.86 806.19
627.88 912.88
628.5 884.0
631.5 434.5
632.2 474.6
631.71 669.0
631.0 780.5
637.5 329.0
639.0 362.29
639.71 673.0
641.5 896.0
645.78 305.5
646.4 991.4
650.5 320.0
654.6 776.8
658.67 452.67
665.41 866.72
669.62 325.38
668.0 802.5
668.5 1064.5
670.0 681.0
671.5 751.5
674.0 1041.5
673.6 1007.2
674.0 1050.5
676.0 0.5
675.0 52.5
677.57 893.23
676.8 700.4
679.5 492.0
680.0 762.5
682.2 1038.6
682.5 516.5
683.5 133.0
689.2 1042.6
690.33 478.67
692.75 381.0
693.5 4.0
693.5 200.0
693.67 1005.33
700.0 128.75
703.0 1018.2
707.6 360.6
707.5 463.0
707.67 559.67
709.0 301.0
709.71 538.0
712.33 289.11
712.88 796.88
713.0 994.0
718.67 776.33
719.0 174.5
721.4 441.8
723.0 797.5
731.5 521.5
732.5 314.0
732.5 957.5
735.8 634.4
738.0 342.5
739.0 753.5
741.5 284.0
742.5 204.0
743.78 777.5
748.19 95.28
752.8 58.6
754.13 240.47
754.0 136.5
756.21 963.91
759.5 635.0
769.2 585.92
766.5 704.0
768.67 180.33
768.67 263.67
768.75 350.0
769.5 720.0
771.88 262.88
773.7 746.3
772.5 813.5
774.45 969.64
775.0 214.5
778.6 225.8
781.5 902.5
781.5 1078.0
790.4 273.8
793.29 225.0
795.0 462.5
799.0 364.5
800.12 356.88
801.5 677.5
801.0 846.5
805.21 950.37
805.0 769.29
805.5 324.0
806.0 410.5
810.57 420.25
809.68 486.82
813.12 650.88
814.5 777.0
816.0 34.29
815.5 1037.5
818.75 1004.0
821.0 216.25
824.0 551.5
826.5 515.5
827.5 984.0
834.12 71.88
834.0 171.5
835.5 856.5
836.33 1039.33
841.5 81.0
845.33 3.67
845.5 269.5
846.5 578.0
848.67 789.33
856.43 172.0
855.0 1012.5
858.5 774.5
859.0 50.5
860.8 706.0
864.0 409.0
864.67 517.67
869.5 1011.5
872.67 843.67
874.33 286.33
878.0 486.5
882.0 30.25
882.18 170.82
882.5 205.0
887.0 445.29
887.53 892.35
887.12 1072.12
890.35 758.53
889.0 525.5
890.0 430.5
891.4 7.2
892.0 549.29
891.8 961.4
894.15 488.62
894.0 407.0
894.5 710.5
895.33 289.67
897.0 980.0
900.0 369.71
900.8 861.4
904.5 527.5
908.17 666.17
907.5 844.0
910.0 1002.0
911.29 774.0
913.33 1056.11
914.0 320.25
919.09 865.7
918.69 1021.88
921.0 245.0
920.4 608.2
921.29 810.0
922.29 463.0
922.6 275.8
923.6 643.2
923.67 819.33
923.5 906.5
936.36 282.31
930.0 362.5
936.5 129.0
937.67 484.33
939.5 237.0
942.29 295.0
945.88 786.88
952.82 168.82
951.25 541.0
951.5 553.5
952.5 873.0
952.5 1030.0
954.5 806.0
957.0 1023.75
957.67 532.67
957.5 865.0
958.75 479.25
960.8 502.0
962.0 30.0
962.5 75.0
964.5 430.5
966.33 86.33
970.0 962.5
973.0 199.0
980.67 342.71
977.5 74.0
978.5 901.5
978.0 977.5
978.5 686.5
978.5 833.0
979.67 65.33
980.0 862.5
989.0 9.5
991.5 1040.0
993.6 478.2
995.25 93.0
996.8 483.6
996.5 608.0
998.0 66.29
997.5 79.5
1001.0 201.79
1001.0 837.0
1001.8 17.3
1005.0 490.25
1006.64 415.91
1006.0 545.0
1007.5 325.0
1011.09 371.09
1017.24 61.76
1015.8 198.5
1019.33 374.33
1020.71 310.0
1027.2 1014.0
1034.63 294.96
1027.5 602.5
1030.8 725.0
1031.12 438.12
1031.0 444.75
1031.89 563.28
1036.5 442.5
1036.33 925.33
1042.56 630.24
1039.5 83.5
1040.0 181.5
1045.0 346.5
1047.28 444.19
1045.8 720.4
1046.33 797.67
1050.0 695.5
1051.5 15.0
1052.5 443.0
1056.63 158.21
1063.32 370.25
1057.6 456.8
1060.85 555.85
1058.5 624.0
1059.5 111.5
1064.0 675.5
1066.0 837.0
1067.5 911.5
1072.29 694.0
1072.5 517.0
1073.5 362.5
1073.33 607.67
1080.0 241.83
1079.2 1068.6
1082.5 854.5
1088.67 325.33
1094.5 365.28
1093.5 1022.0
1095.5 811.29
1096.33 591.33
1099.2 849.6
1099.0 618.5
1102.0 435.25
1102.5 834.5
1106.0 0.82
1106.0 84.5
1107.0 181.5
1107.67 60.33
1108.67 559.33
1109.5 815.0
1110.0 162.29
1110.0 298.75
1110.5 619.5
1114.36 460.09
1111.5 984.0
1113.0 362.75
1113.87 784.53
1115.0 513.5
1116.71 631.5
1117.62 929.25
1117.5 953.0
1125.92 559.5
1120.0 878.5
1121.0 662.5
1124.0 40.5
1124.5 897.5
1129.0 244.0
1129.5 817.5
1132.12 7.12
1133.67 1072.67
1136.0 136.5
1137.5 295.5
1138.67 335.33
1139.67 1000.33
1140.71 231.0
1141.0 293.5
1140.5 907.5
1140.33 972.67
1149.78 21.5
1151.0 957.0
1152.29 226.0
1152.12 299.12
1151.8 696.4
1154.0 561.8
1156.5 845.0
1161.54 89.85
1160.0 369.5
1163.0 76.0
1164.5 196.5
1167.35 582.53
1167.67 670.33
1167.5 1074.0
1170.0 632.5
1172.29 51.5
1173.0 616.8
1174.0 146.0
1175.0 907.5
1180.0 272.67
1180.17 639.83
1180.0 1039.0
1180.0 230.5
1182.12 479.12
1184.67 26.33
1185.8 49.5
1186.8 614.6
1187.12 954.12
1188.0 127.2
1189.33 69.67
1191.25 577.0
1193.0 534.5
1193.5 734.5
1197.2 77.6
1198.67 51.33
1198.5 348.5
1200.0 724.0
1200.5 28.0
1199.5 115.5
1201.37 1042.21
1200.5 376.5
1202.5 123.5
1204.17 813.83
1204.0 105.5
1204.6 246.2
1205.0 472.5
1216.0 211.0
1215.0 490.5
1215.25 686.0
1217.0 21.5
1217.75 63.38
1224.17 85.83
1224.29 348.0
1225.0 407.5
1226.5 665.0
1230.62 1040.62
1232.72 630.11
1234.0 354.5
1234.0 698.5
1236.5 95.5
1239.2 437.6
1239.25 756.0
1240.0 827.2
1240.5 79.5
1242.12 278.12
1244.17 679.83
1244.67 235.33
1244.0 302.5
1244.67 778.67
1245.0 981.0
1245.71 1029.0
1249.8 714.0
1252.0 283.5
1253.2 892.6
1254.5 644.0
1255.5 754.0
1258.67 35.33
1261.0 323.0
1262.5 63.0
1263.29 828.0
1265.0 611.8
1268.09 369.91
1267.0 570.25
1268.0 634.5
1271.0 232.71
1271.0 439.75
1273.46 901.85
1272.5 491.5
1271.33 721.33
1273.67 533.67
1274.5 75.5
1279.0 83.5
1280.4 73.2
1280.8 120.4
1280.0 762.5
1282.5 424.5
1290.38 337.38
1290.2 434.6
1289.5 796.0
1290.25 575.0
1294.0 467.5
1298.63 181.37
1297.5 284.5
1303.5 311.5
1303.81 367.86
1309.88 426.72
1307.5 585.0
1310.2 547.0
1311.0 769.71
1311.33 121.33
1312.5 26.0
1313.5 311.5
1313.5 614.0
1315.67 457.83
1319.0 378.59
1317.5 445.78
1317.5 406.0
1323.55 205.64
1326.5 149.5
1328.67 626.33
1330.0 27.5
1330.0 620.5
1332.5 96.0
1335.5 39.0
1338.33 651.33
1344.33 147.67
1345.0 997.29
1346.0 291.5
1347.5 239.5
1349.0 19.5
1358.5 690.71
1360.8 518.6
1360.8 800.4
1366.5 322.8
1366.5 140.5
1371.0 800.0
1373.5 419.5
1376.0 765.0
1376.5 944.5
1379.83 621.17
1379.5 757.0
1380.5 451.5
1387.32 329.2
1384.6 154.2
1384.67 178.67
1386.18 1045.18
1387.0 603.0
1389.67 156.33
1390.33 1032.67
1392.5 273.5
1392.83 1076.83
1395.08 267.67
1395.11 1012.33
1397.5 76.5
1397.5 659.0
1401.0 374.5
1402.14 827.71
1404.0 988.75
1405.5 276.5
1406.5 645.0
1410.5 522.29
1413.0 269.29
1414.0 86.5
1415.33 901.33
1417.5 319.0
1419.0 137.5
1420.3 288.7
1419.0 384.5
1421.5 86.0
1422.5 1007.5
1425.0 20.25
1425.4 359.8
1425.0 1017.5
1426.4 231.8
1426.33 576.33
1429.83 270.17
1431.12 763.12
1435.5 1075.5
1438.5 989.0
1439.5 280.0
1439.88 703.12
1439.5 969.0
1440.33 151.33
1441.5 364.5
1442.0 856.5
1445.33 118.67
1445.8 840.4
1448.0 471.0
1449.0 102.0
1449.0 197.5
1449.8 233.6
1451.5 949.0
1455.64 227.55
1457.38 718.38
1458.14 34.71
1457.5 884.5
1464.5 582.5
1465.25 453.0
1467.2 56.4
1467.67 298.67
1469.5 498.67
1470.47 241.13
1475.0 585.5
1478.2 220.4
1478.12 241.88
1477.5 529.0
1477.5 536.0
1477.5 624.5
1482.2 274.6
1486.4 15.8
1486.5 321.5
1487.5 228.5
1488.5 662.29
1489.5 15.0
1492.5 70.5
1493.0 434.29
1493.29 566.0
1495.33 263.67
1496.5 147.5
1498.0 89.0
1498.0 456.71
1499.0 931.0
1502.63 45.95
1500.8 185.4
1500.8 471.4
1500.0 497.5
1500.5 1067.0
1501.5 7.5
1503.67 33.67
1507.6 231.8
1510.24 307.24
1509.0 767.8
1509.0 168.5
1514.0 165.5
1514.0 445.5
1514.5 501.5
1515.0 679.0
1518.12 283.12
1519.0 407.71
1521.5 176.5
1525.31 214.67
1523.5 930.0
1526.5 451.5
1527.5 236.5
1528.5 994.0
1530.5 531.5
1530.5 1004.0
1532.83 131.43
1536.0 275.3
1534.0 336.2
1534.5 579.0
1536.36 143.09
1536.0 670.0
1536.5 521.5
1536.4 1008.2
1541.33 586.33
1545.41 784.0
1544.0 598.75
1546.5 614.0
1547.67 499.67
1550.0 300.0
1549.82 358.82
1550.0 188.0
1553.5 750.0
1555.5 440.0
1556.2 488.0
1557.62 397.62
1557.0 572.0
1558.2 246.4
1561.5 42.29
1561.4 718.2
1563.0 931.8
1563.75 873.0
1567.0 582.0
1570.25 306.0
1570.33 321.33
1572.2 345.4
1571.4 1013.2
1573.0 361.29
1574.6 48.2
1577.29 581.0
1579.57 185.33
1579.0 347.0
1579.83 427.83
1583.75 932.0
1591.88 70.45
1588.5 708.0
1586.0 801.5
1587.8 443.6
1589.83 877.33
1590.5 655.0
1590.0 678.5
1591.8 741.4
1591.5 775.0
1599.5 9.0
1599.67 59.67
1602.29 754.0
1601.0 777.5
1602.0 781.5
1606.82 1012.18
1606.33 801.33
1608.0 245.0
1608.38 547.38
1610.33 51.33
1614.08 227.37
1612.5 532.0
1613.5 206.5
1620.0 28.5
1623.2 580.4
1622.5 821.0
1624.82 743.82
1624.0 86.5
1626.0 530.0
1626.0 540.25
1634.0 37.5
1638.79 235.09
1637.5 614.5
1640.5 144.0
1644.0 327.5
1650.18 538.63
1647.5 712.0
1652.83 723.17
1654.0 192.5
1655.5 36.5
1657.09 609.36
1657.5 729.0
1661.5 435.0
1663.0 17.0
1663.0 108.5
1663.6 506.8
1674.73 830.5
1670.0 225.0
1671.0 312.0
1675.0 105.5
1677.5 164.0
1677.83 634.17
1678.0 86.5
1678.5 109.5
1678.5 367.5
1680.5 44.0
1682.89 113.28
1686.03 710.05
1682.63 787.21
1683.5 255.5
1683.67 667.67
1684.0 871.5
1686.5 534.0
1688.0 232.5
1691.0 675.0
1691.5 162.0
1695.33 860.33
1697.0 308.75
1698.0 32.0
1699.5 22.0
1700.5 0.0
1702.0 732.5
1706.62 946.62
1706.33 564.33
1708.29 218.0
1709.0 524.0
1709.71 598.5
1709.67 670.33
1713.2 193.6
1715.75 167.67
1718.12 767.12
1718.67 153.33
1718.67 645.33
1722.0 731.5
1722.67 44.67
1727.27 594.13
1724.0 354.5
1725.5 640.0
1734.75 684.26
1724.0 1030.5
1728.08 82.8
1727.5 245.5
1729.5 20.0
1729.5 52.0
1732.5 98.5
1734.0 265.5
1734.0 544.5
1734.0 868.0
1735.5 964.29
1736.25 32.0
1736.88 110.88
1737.0 513.5
1737.67 229.67
1737.5 313.5
1738.75 69.0
1738.6 317.8
1742.2 653.6
1743.0 545.5
1744.31 740.81
1743.75 943.0
1746.5 74.0
1752.36 117.0
1747.2 321.4
1747.75 743.0
1749.0 191.5
1754.29 518.5
1756.68 510.68
1758.29 271.0
1759.5 414.5
1758.5 477.5
1759.5 717.5
1760.67 99.83
1762.62 576.25
1763.0 1030.0
1766.0 159.0
1768.67 988.67
1772.6 613.8
1778.0 529.75
1780.0 1001.5
1785.8 863.0
1788.29 103.0
1795.0 579.53
1792.0 111.0
1793.0 246.5
1799.0 936.5
1800.0 787.5
1811.0 422.21
1812.0 754.5
1813.67 568.67
1815.5 736.5
1816.0 952.0
1816.88 560.88
1818.6 145.8
1820.5 475.0
1823.13 688.53
1823.0 116.0
1825.0 177.5
1825.5 776.5
1829.0 484.0
1830.5 641.71
1829.0 733.5
1829.33 1030.33
1832.5 755.0
1833.75 495.0
1835.0 908.29
1845.0 173.0
1841.5 449.0
1842.75 642.62
1844.5 505.5
1844.67 994.67
1845.5 355.0
1845.0 921.5
1846.0 819.5
1848.41 483.88
1849.0 421.5
1856.01 140.89
1852.09 707.36
1852.5 59.0
1853.5 913.0
1854.0 955.0
1858.5 387.5
1858.6 71.8
1859.0 239.29
1860.17 425.67
1863.67 908.67
1865.0 100.25
1868.0 498.29
1869.0 571.5
1871.5 224.5
1880.5 59.0
1882.12 183.12
1881.5 624.0
1883.6 104.2
1886.5 183.8
1889.5 81.0
1891.5 878.5
1893.57 0.57
1894.5 51.5
1894.88 753.12
1898.75 737.0
1902.09 228.7
1899.0 646.5
1900.25 471.0
1907.0 300.0
1912.0 880.5
1909.0 436.5
1913.33 102.83
1912.5 450.5
1914.5 750.0
1915.33 425.33
1917.12 261.12
1917.5 682.5
!