4.5 195.29
11.0 936.71
12.33 394.0
16.1 867.7
17.0 381.71
17.5 1042.0
19.0 752.29
27.71 83.0
42.0 146.27
41.25 451.0
41.71 672.0
46.37 310.37
46.67 736.33
49.0 567.5
51.8 200.4
52.5 709.5
53.67 38.67
55.33 960.89
57.67 622.33
59.5 604.0
66.5 1069.0
69.0 1076.5
70.71 985.0
71.33 843.67
77.5 872.5
86.0 501.0
103.7 265.3
108.71 505.71
113.29 893.0
126.4 737.2
129.0 361.5
138.43 369.33
138.0 738.5
137.5 69.0
145.5 120.5
151.5 505.0
162.12 406.59
162.5 1026.5
167.0 941.71
176.5 587.5
194.5 912.5
196.2 674.4
196.5 888.5
197.0 909.0
210.0 710.2
210.5 608.5
212.12 95.88
220.5 567.5
222.0 35.25
229.71 393.0
230.0 1041.0
232.0 627.0
232.67 908.67
236.0 827.5
239.0 493.29
243.75 236.62
244.71 602.0
248.67 240.33
258.12 271.88
258.67 719.33
261.71 814.0
269.5 274.0
270.33 123.67
274.5 124.0
276.25 98.0
281.5 121.5
286.0 632.8
288.75 646.0
290.17 454.83
295.0 179.5
300.0 57.5
302.0 437.5
307.5 531.0
320.15 104.34
322.0 184.5
332.2 533.6
336.5 1.5
341.5 734.5
352.71 633.0
352.5 920.5
355.71 898.0
357.0 355.5
356.5 542.5
359.5 230.0
362.0 143.29
366.0 339.0
366.0 791.0
368.0 19.75
374.5 1034.07
375.0 322.5
378.25 482.67
385.75 557.07
392.18 469.15
390.5 845.0
395.0 67.17
397.0 782.29
396.5 887.5
404.18 334.82
407.33 62.67
408.67 20.33
408.83 54.17
412.0 187.5
419.0 183.62
417.5 950.0
420.4 556.8
420.25 807.0
422.0 814.0
435.4 1061.8
438.67 827.67
442.5 319.0
445.0 860.5
449.0 637.5
454.5 456.29
460.0 222.5
464.41 953.28
473.12 382.12
473.29 1029.5
476.75 324.35
487.0 264.5
487.0 651.29
487.5 90.0
489.29 511.0
490.45 905.64
497.5 28.0
501.5 354.0
512.0 926.5
516.63 300.63
523.12 318.12
526.17 657.17
529.5 294.0
533.4 895.6
538.29 276.0
537.5 704.5
540.0 183.5
544.5 279.0
546.71 578.0
553.12 719.12
561.5 530.0
563.67 636.33
566.88 187.88
570.5 109.0
574.0 668.0
574.0 822.0
576.33 187.67
579.64 197.44
582.6 325.8
585.71 163.0
590.33 157.67
599.5 978.5
603.2 287.6
606.0 72.5
610.25 213.0
610.5 992.5
619.0 1043.29
624.71 146.5
622.5 477.5
623.4 916.6
625.91 322.09
627.67 627.67
633.0 959.5
630.0 1048.75
644.88 79.42
646.79 918.63
652.5 476.0
659.81 469.56
660.67 686.75
663.12 879.12
665.5 636.5
670.5 440.5
672.67 650.33
673.6 29.8
677.5 787.0
680.0 435.5
682.0 288.5
690.34 431.58
693.57 1038.0
693.6 500.8
697.67 591.33
700.4 32.2
700.0 521.0
700.5 912.5
702.67 1052.33
711.5 202.0
713.86 782.32
716.0 98.71
716.0 555.5
728.75 702.25
732.5 328.5
742.5 843.0
754.5 32.5
755.71 247.0
755.5 908.0
765.45 125.64
764.0 471.5
765.0 46.5
768.74 633.19
768.2 48.6
773.83 526.17
775.5 70.0
786.07 1053.53
790.0 525.25
795.76 877.76
797.0 39.0
798.67 706.33
799.67 91.33
805.0 16.25
809.5 384.0
814.75 577.75
815.0 823.0
822.5 913.5
831.0 811.29
838.5 861.0
839.33 353.67
846.5 28.5
847.67 203.67
850.8 235.4
856.11 563.11
853.0 147.75
858.72 231.59
859.33 337.67
865.5 1040.0
868.5 446.0
872.5 90.0
880.5 270.0
887.89 320.72
894.33 574.67
895.0 197.5
899.67 788.11
900.0 888.75
904.33 66.33
905.89 8.33
910.5 1046.5
919.18 395.82
917.6 947.2
924.77 91.56
925.17 159.17
929.5 595.0
930.17 985.67
929.0 1048.5
934.33 969.67
937.5 541.5
935.0 689.5
936.5 1005.5
939.67 616.33
943.5 1010.0
948.0 170.71
952.5 324.2
952.67 281.33
955.0 823.5
958.32 175.68
958.56 89.22
961.0 754.09
959.5 796.5
962.5 405.0
964.33 1011.67
971.25 689.67
972.5 401.5
975.0 846.5
983.06 299.91
983.12 46.12
986.0 25.83
985.83 152.83
987.67 504.67
995.8 692.6
998.29 957.0
999.0 326.5
1002.0 156.5
1006.68 462.4
1005.0 64.5
1007.71 371.5
1007.0 970.0
1010.0 327.83
1009.67 520.33
1019.33 653.67
1020.5 79.5
1023.75 169.0
1025.62 440.5
1027.42 466.42
1040.07 30.68
1036.0 695.5
1037.2 922.0
1038.0 382.5
1039.26 455.59
1042.0 45.66
1043.0 627.29
1053.0 11.0
1053.2 976.4
1060.33 479.67
1064.0 755.5
1069.0 636.29
1070.0 800.5
1073.5 732.5
1075.33 474.67
1089.0 253.5
1093.18 31.18
1092.5 888.0
1097.0 988.5
1098.5 683.0
1099.5 968.71
1100.33 41.5
1100.0 553.5
1106.33 817.25
1107.0 811.25
1107.67 622.67
1111.5 8.0
1117.5 383.5
1121.5 1051.5
1124.28 1058.41
1123.67 903.67
1127.0 710.5
1125.4 745.6
1130.92 1040.53
1127.71 931.0
1129.5 935.0
1136.71 589.5
1147.5 591.5
1153.0 13.75
1160.78 831.09
1161.71 73.5
1162.29 321.0
1164.33 886.33
1168.0 256.17
1172.2 768.5
1173.6 308.2
1179.5 547.5
1186.33 197.67
1205.0 431.25
1207.5 204.0
1208.25 1012.0
1209.5 472.0
1216.86 374.68
1212.83 135.83
1212.5 219.0
1215.0 833.5
1216.33 48.67
1217.78 578.5
1219.29 131.0
1233.2 1033.6
1234.6 986.8
1236.0 387.0
1237.0 694.5
1236.5 710.0
1239.5 32.5
1239.5 404.5
1247.0 217.0
1250.0 605.5
1255.0 183.5
1262.5 528.5
1265.0 517.5
1279.0 299.5
1291.4 578.2
1301.47 41.93
1302.93 555.56
1302.67 630.33
1310.88 731.12
1320.0 1001.0
1321.0 765.0
1326.88 374.12
1328.41 681.72
1340.75 800.25
1341.5 967.5
1342.5 687.0
1343.0 361.5
1350.0 786.5
1354.0 526.0
1354.5 1038.0
1358.67 75.33
1359.0 41.5
1361.5 740.5
1367.5 766.5
1371.8 116.4
1374.75 212.67
1376.0 378.0
1384.25 303.0
1385.88 346.88
1385.33 834.67
1386.5 882.5
1388.5 114.5
1404.12 958.12
1406.0 569.0
1405.4 785.8
1408.12 324.88
1413.18 274.82
1418.0 286.5
1418.88 899.12
1428.29 879.29
1423.75 780.0
1424.5 451.5
1427.12 575.88
1431.88 97.88
1432.88 423.12
1438.67 929.33
1440.5 592.2
1441.5 1070.0
1446.5 968.87
1460.25 494.0
1462.67 29.67
1467.5 957.5
1471.5 733.5
1473.67 672.67
1476.36 97.24
1482.5 246.0
1484.5 381.5
1486.4 956.8
1489.0 141.71
1493.5 1066.5
1494.71 416.0
1496.33 236.33
1500.0 359.0
1502.5 364.0
1508.0 1006.0
1512.0 65.0
1509.0 401.5
1509.0 813.0
1512.67 718.67
1514.88 476.12
1514.5 773.5
1515.4 517.2
1521.5 646.5
1527.0 997.05
1529.5 341.8
1530.5 637.5
1535.88 346.12
1537.17 571.0
1536.5 1013.29
1536.33 473.67
1546.33 76.08
1552.23 94.82
1561.88 890.88
1562.5 322.5
1565.0 317.0
1569.0 871.5
1575.14 309.0
1577.5 630.0
1579.0 1017.5
1581.5 366.5
1582.0 865.0
1588.05 272.91
1588.75 583.0
1596.5 570.5
1596.0 258.75
1596.0 749.75
1598.67 362.67
1603.29 899.0
1611.5 126.0
1611.33 573.33
1615.0 268.0
1614.0 462.5
1618.12 761.12
1624.85 936.46
1627.59 341.98
1626.5 1000.0
1628.0 2.5
1637.5 749.0
1642.6 390.8
1644.75 598.0
1646.17 1027.33
1648.5 421.79
1649.4 846.8
1652.5 1071.5
1655.83 779.83
1657.38 721.62
1656.5 1017.0
1658.6 426.2
1659.0 810.5
1669.0 511.0
1671.0 258.0
1672.67 551.33
1674.12 798.12
1682.0 999.35
1682.6 40.8
1683.67 806.33
1689.38 773.62
1692.5 34.0
1695.0 329.0
1696.0 246.5
1695.0 697.5
1700.62 68.38
1699.0 448.5
1708.5 905.0
1714.63 1023.37
1714.0 463.0
1716.5 372.0
1718.29 150.5
1720.86 359.71
1727.67 835.67
1729.5 299.0
1732.29 173.0
1735.33 419.33
1736.5 589.5
1740.5 440.0
1742.8 449.4
1744.0 87.5
1747.12 332.12
1754.11 363.0
1755.77 223.77
1760.0 999.5
1763.28 447.11
1765.4 286.8
1767.0 483.0
1774.9 303.43
1781.78 830.09
1777.33 732.67
1780.0 114.8
1790.5 844.2
1794.5 201.5
1799.5 694.5
1800.4 12.2
1800.0 926.5
1804.0 884.5
1806.36 405.45
1806.8 976.4
1810.0 850.5
1811.5 40.0
1819.0 337.83
1822.67 702.67
1826.0 529.0
1829.0 120.5
1834.17 881.17
1846.0 683.5
1847.6 283.2
1849.38 816.38
1857.75 921.0
1859.8 747.0
1874.05 104.69
1869.0 283.0
1872.5 115.29
1875.5 599.0
1878.0 125.0
1877.5 228.5
1881.5 103.5
1895.8 992.5
1896.5 959.5
1897.5 394.0
1900.65 365.65
1900.5 81.8
1910.75 22.33
1910.86 533.32
1912.0 229.29
1913.5 971.5
1915.44 131.22
1916.33 653.67
1917.5 83.0
!