3.0 394.5
3.0 650.5
10.41 248.12
10.5 109.5
12.11 385.33
15.0 332.0
14.0 585.5
15.5 696.0
16.0 228.5
20.56 349.49
16.5 729.5
17.0 633.5
24.5 165.0
27.5 251.0
28.67 276.67
29.5 287.5
32.25 323.67
40.0 735.0
41.29 260.0
41.0 580.5
41.33 653.67
42.0 59.5
42.33 554.67
43.0 816.5
44.5 568.5
45.67 732.67
48.0 813.5
51.5 27.5
53.5 157.0
55.5 679.0
56.5 478.0
62.5 162.0
64.5 500.5
65.5 572.0
67.5 383.5
70.0 83.5
72.67 753.67
81.0 169.5
84.0 26.0
83.0 396.5
86.0 859.25
89.5 579.0
97.43 133.33
94.33 851.67
96.0 362.5
95.5 679.5
95.5 841.5
98.71 492.0
102.5 582.0
105.0 144.5
110.5 253.0
112.15 588.38
112.5 291.0
115.5 430.0
115.5 583.0
116.5 679.0
117.5 425.5
119.5 491.0
121.62 688.38
126.71 146.0
126.0 736.5
128.5 852.0
130.5 29.0
136.0 329.5
137.5 465.0
139.0 125.5
141.5 842.0
142.5 228.0
146.5 378.5
148.33 446.33
158.0 155.0
157.0 567.5
158.5 150.0
160.5 12.5
162.2 717.4
163.2 334.4
163.5 537.0
164.0 845.5
170.0 688.8
175.5 676.0
176.5 728.0
177.67 612.33
178.89 288.67
178.5 336.5
180.5 245.5
183.0 430.5
183.5 450.0
185.5 820.5
186.67 799.33
187.5 718.5
189.5 526.0
195.94 34.42
195.4 173.8
195.5 298.0
196.5 138.5
198.5 767.0
199.75 110.0
200.5 482.5
201.5 385.5
202.5 850.0
203.5 863.0
206.5 377.5
207.5 176.0
209.5 155.5
209.33 793.33
210.0 674.5
219.5 204.5
220.5 266.0
222.5 651.5
223.5 317.5
223.5 349.0
224.67 623.67
227.0 607.29
227.33 360.33
228.0 731.5
231.0 828.5
234.5 403.0
238.0 113.5
240.13 233.53
239.5 717.5
240.0 713.5
243.5 635.0
244.5 164.0
244.67 291.33
244.5 352.0
245.0 359.5
244.5 641.0
244.5 761.0
247.5 499.0
247.5 509.0
250.5 592.5
250.5 789.0
254.0 332.5
257.67 24.33
259.0 430.5
260.5 637.5
263.0 552.5
266.83 612.83
266.0 781.5
267.5 229.5
271.63 515.79
270.89 814.33
276.29 10.0
275.5 156.5
277.5 843.5
280.0 370.0
283.0 597.5
284.5 362.0
285.75 356.0
294.5 106.0
294.0 325.5
294.0 497.5
295.5 143.0
299.0 244.5
295.0 249.5
300.0 477.0
302.5 500.5
302.0 686.5
307.78 236.5
308.0 818.5
311.5 388.0
312.5 415.0
313.0 776.5
314.5 566.5
315.5 421.0
318.0 744.5
320.5 347.0
321.67 294.67
322.5 323.71
322.0 414.5
324.5 122.0
323.0 211.5
329.0 155.5
330.67 537.67
331.5 458.0
331.5 645.5
333.67 244.33
333.5 401.0
334.0 460.5
335.5 566.0
337.67 451.67
337.67 509.67
341.5 421.5
342.17 714.83
345.0 299.5
351.62 156.47
347.0 265.5
349.5 464.0
353.0 9.25
352.4 556.8
357.0 659.5
358.5 322.5
359.5 385.0
360.5 505.0
362.11 611.67
362.5 147.0
369.0 162.5
369.5 732.0
371.5 391.5
373.0 791.71
374.29 216.0
373.5 455.5
375.5 425.0
377.0 353.5
378.67 280.33
382.5 283.8
383.5 9.0
383.5 277.0
384.33 841.67
385.33 429.67
386.33 291.33
387.5 122.5
388.67 171.33
390.5 377.0
391.0 348.5
391.5 512.5
392.41 762.12
393.2 144.6
393.0 577.5
393.5 595.0
394.5 599.0
397.67 531.33
398.09 703.36
399.5 298.0
403.5 316.5
404.29 506.0
404.0 573.0
403.4 587.8
404.5 448.0
404.0 695.5
405.5 559.0
405.67 774.67
406.5 619.5
406.67 699.33
408.67 163.67
408.5 601.0
411.41 60.74
409.67 671.33
411.0 784.5
412.5 560.0
412.0 680.5
413.33 657.67
414.5 199.0
414.0 522.5
416.0 605.0
416.5 245.0
416.5 542.0
418.0 53.5
419.5 46.0
419.33 295.67
420.33 399.33
421.0 293.5
423.5 220.0
425.5 203.5
426.0 99.5
427.86 463.19
426.5 836.0
427.5 701.5
429.0 353.5
430.67 169.33
430.33 484.67
433.33 24.67
441.5 259.5
441.5 523.0
451.25 3.54
447.0 252.5
449.38 656.62
451.0 782.5
451.5 281.0
454.0 126.5
454.67 802.33
456.88 823.12
459.0 206.71
460.0 726.5
462.67 693.67
463.5 256.5
463.0 350.5
468.5 138.5
469.5 451.5
471.33 214.33
473.29 328.0
472.5 401.5
473.5 554.0
474.0 222.5
476.5 552.0
478.0 594.5
478.0 707.25
479.5 268.5
478.5 472.0
478.67 813.67
482.06 742.42
480.33 426.67
480.0 480.5
481.5 98.0
481.0 319.5
484.0 261.5
483.0 695.5
483.5 698.5
484.33 142.67
489.12 169.88
488.5 228.5
488.5 677.5
488.0 767.5
490.0 114.5
493.5 172.5
493.5 708.0
494.5 806.0
495.89 92.33
499.78 5.69
496.0 645.5
497.0 124.5
497.0 428.5
498.5 311.0
499.5 320.0
501.2 749.5
502.5 701.0
503.5 105.0
503.5 409.0
506.5 754.5
509.0 220.0
510.0 170.8
511.5 234.5
513.5 76.5
515.5 509.0
515.67 727.67
518.0 119.5
519.0 794.5
521.0 518.5
521.0 756.5
522.5 391.0
525.0 361.5
531.5 15.5
532.5 740.5
533.5 316.0
534.71 689.0
536.5 206.5
535.5 349.0
538.5 732.0
541.5 166.0
542.5 187.0
542.5 844.5
547.0 476.5
547.5 444.5
547.0 622.5
550.0 753.5
552.0 216.5
560.33 285.67
563.12 69.59
565.62 337.76
563.33 713.33
563.0 768.5
565.67 81.11
565.5 853.5
568.5 58.0
576.65 660.53
577.0 789.5
578.5 11.5
579.5 619.0
580.0 262.5
581.67 168.67
583.0 826.8
583.5 369.0
583.5 822.5
585.0 568.5
588.17 535.83
587.5 701.0
588.67 257.67
588.67 607.67
591.0 551.5
597.0 796.5
601.2 290.6
602.5 341.5
609.79 395.04
605.5 700.0
605.33 704.67
607.0 229.5
611.0 558.0
611.5 686.0
614.0 222.5
614.5 501.0
615.5 285.0
617.0 81.25
616.67 314.67
620.91 67.91
625.62 535.62
627.0 67.5
627.0 425.5
627.5 813.5
629.83 223.83
631.88 774.12
632.5 78.5
637.5 115.0
637.8 531.4
639.5 217.0
640.0 112.5
640.33 470.67
641.5 221.0
642.6 333.2
646.62 262.62
649.5 686.5
654.9 829.57
651.0 279.5
651.5 392.0
654.5 419.5
657.33 53.33
658.29 231.0
657.0 851.5
661.5 134.0
661.5 216.5
662.4 342.2
662.5 553.5
664.67 182.33
665.67 691.33
672.5 481.5
673.5 58.0
674.5 257.0
675.5 109.0
675.0 757.5
676.5 176.0
676.5 269.0
683.0 447.5
684.0 623.5
685.5 755.5
688.62 545.62
688.0 224.5
688.0 583.5
689.5 102.0
693.5 656.0
699.38 632.1
695.67 7.67
695.0 487.5
698.5 164.5
697.5 574.5
698.0 139.5
698.8 611.5
699.0 848.5
700.0 654.5
705.5 545.0
706.5 562.0
707.2 673.4
707.0 830.5
709.59 478.88
712.0 648.7
711.29 766.5
712.75 750.0
715.0 368.5
715.0 612.5
721.54 47.29
717.5 392.5
717.33 705.33
720.33 733.67
721.67 356.67
724.42 348.45
728.0 613.5
723.5 304.5
724.5 152.0
725.5 737.0
728.0 726.5
733.07 733.24
729.0 25.5
729.5 269.0
732.91 705.77
735.47 332.37
732.0 665.5
733.0 694.89
732.5 717.0
733.5 720.29
735.0 324.5
737.0 343.1
736.5 687.0
740.5 488.0
739.0 583.5
739.5 705.0
740.5 656.0
741.67 609.33
741.5 620.5
742.33 547.33
742.0 761.5
743.5 221.5
745.0 612.29
744.5 671.0
745.5 64.5
746.17 113.83
747.67 626.33
754.69 590.55
750.29 623.0
750.67 582.67
754.0 112.62
753.5 151.5
755.29 768.5
756.5 449.0
756.5 664.5
757.0 121.5
757.5 206.0
759.5 499.5
759.0 753.5
762.5 432.78
762.0 326.5
763.0 13.5
764.5 194.5
765.33 476.67
765.5 772.0
766.0 62.5
768.0 537.75
769.29 610.5
769.33 603.33
770.0 503.5
770.0 583.5
771.5 118.0
771.5 670.5
771.0 767.5
774.5 266.0
775.0 541.5
775.5 796.0
776.0 237.5
777.0 582.5
779.4 147.2
779.0 167.5
781.5 27.0
781.0 181.71
780.0 550.5
784.6 128.8
784.5 197.5
784.67 523.67
785.5 486.0
787.4 504.6
786.5 643.0
788.5 409.5
789.5 509.0
791.33 160.67
797.92 422.66
792.5 723.0
794.33 569.67
795.33 620.67
796.0 61.5
802.36 643.7
798.83 846.17
800.5 536.5
801.38 143.38
801.5 523.5
802.5 605.5
805.79 781.5
806.5 160.5
807.17 587.17
806.5 605.0
807.0 177.5
808.0 448.5
809.67 797.33
812.5 493.5
813.0 512.5
816.5 447.0
816.0 803.5
819.0 370.0
819.81 592.81
821.67 81.33
822.0 481.5
824.0 337.5
826.0 518.5
828.0 719.5
831.5 22.5
830.5 715.0
832.33 72.67
833.33 618.67
835.88 517.12
842.5 73.0
846.0 757.0
847.0 265.5
851.5 533.5
853.83 296.17
854.0 17.5
865.5 791.57
860.5 618.5
861.0 543.5
863.5 452.5
864.5 763.0
870.0 568.5
872.78 510.5
871.5 533.0
876.5 736.5
879.11 176.67
882.0 471.5
882.5 556.5
886.0 646.0
888.33 639.67
889.5 240.0
891.5 187.71
892.5 376.0
893.67 597.33
894.5 79.0
896.12 334.12
897.5 637.0
899.91 805.91
899.5 31.5
900.88 64.12
902.2 696.0
903.82 109.82
907.98 712.02
904.5 383.0
904.5 803.5
905.5 307.0
905.5 367.5
906.67 343.33
915.0 701.0
920.67 41.67
923.5 192.29
922.5 206.0
923.0 552.5
926.5 659.5
928.4 33.6
938.5 804.0
939.5 394.0
940.5 689.5
944.33 541.67
945.5 564.5
945.0 722.5
946.0 862.5
948.62 765.38
948.33 217.67
948.5 600.0
949.5 306.0
951.0 466.5
952.67 178.33
952.5 729.0
953.0 490.5
953.5 635.0
958.33 213.33
958.71 845.0
966.16 538.84
966.0 146.5
969.5 638.5
974.76 239.24
974.67 609.33
977.17 200.17
977.0 798.5
979.0 86.5
979.33 381.67
980.71 714.0
981.5 445.0
982.0 463.5
982.5 541.0
986.0 324.5
986.0 292.0
986.0 268.5
986.5 364.0
988.0 384.71
990.0 570.25
993.2 520.08
993.0 664.5
995.5 542.0
998.29 219.5
998.88 518.12
1001.2 102.0
1003.09 721.09
1002.67 234.67
1004.5 331.0
1006.0 328.5
1011.26 439.26
1013.63 355.79
1014.0 176.75
1015.0 37.5
1019.47 404.77
1016.0 552.5
1027.29 489.57
1030.0 512.5
1030.5 727.0
1032.5 103.5
1036.0 434.5
1040.0 283.29
1044.5 657.0
1050.41 664.72
1051.0 297.29
1056.67 203.33
1059.5 800.0
1062.5 807.5
1065.67 335.67
1077.17 269.83
1078.79 175.08
1078.5 50.5
1085.17 170.83
1086.71 380.0
1086.5 608.5
1087.5 106.0
1088.91 261.09
1098.5 158.0
1094.67 174.67
1095.33 70.67
1101.0 644.5
1101.5 289.0
1102.0 555.29
1101.0 566.5
1106.75 320.75
1109.32 667.1
1111.0 118.5
1111.0 673.5
1113.4 200.4
1114.5 24.0
1115.5 241.0
1116.0 832.5
1119.0 339.75
1119.71 438.0
1122.67 757.33
1122.88 793.12
1123.0 812.5
1124.5 173.5
1124.5 754.5
1126.0 717.5
1126.5 794.0
1127.5 761.0
1127.67 859.67
1128.5 70.0
1132.0 164.62
1130.0 192.5
1132.0 177.5
1132.8 663.4
1133.0 441.5
1134.71 228.0
1134.0 432.5
1135.4 178.8
1139.71 86.55
1136.91 581.64
1138.5 406.0
1139.5 23.0
1144.45 171.55
1145.0 159.5
1146.8 245.0
1147.5 201.5
1154.33 4.67
1159.09 178.09
1158.5 201.5
1157.33 291.67
1158.0 544.71
1161.0 118.0
1160.5 532.5
1162.5 88.5
1163.0 169.5
1165.0 397.5
1166.67 359.33
1167.5 37.5
1167.5 526.5
1170.46 129.85
1169.0 139.5
1172.33 467.33
1177.24 127.0
1175.5 41.5
1175.5 147.0
1176.67 266.67
1177.33 616.33
1177.5 838.0
1180.0 35.5
1182.0 336.0
1183.5 286.5
1184.5 104.0
1188.0 216.5
1190.12 15.12
1190.67 94.67
1190.33 207.67
1190.88 676.88
1192.6 31.8
1195.67 189.89
1195.5 221.5
1198.0 19.71
1199.87 175.5
1201.0 216.71
1201.5 341.5
1204.0 582.0
1205.17 421.17
1204.33 742.67
1207.0 45.5
1208.5 318.0
1210.0 777.0
1210.5 741.5
1211.0 613.5
1213.0 647.5
1215.5 221.0
1216.5 334.0
1217.5 159.0
1225.5 180.0
1228.5 449.0
1232.5 747.5
1235.52 348.61
1238.5 418.5
1239.0 258.5
1240.12 319.12
1241.5 248.0
1242.5 129.5
1245.2 778.5
1245.29 338.5
1246.67 313.67
1248.5 348.0
1249.5 378.5
1250.5 847.5
1251.5 99.0
1253.0 145.5
1255.33 608.67
1258.71 67.0
1261.0 745.5
1264.0 559.5
1264.5 694.0
1265.83 434.83
1267.63 757.37
1269.0 589.5
1270.75 126.0
1271.2 229.4
1274.5 809.5
1277.0 1.75
1276.5 182.5
1277.29 760.0
1278.33 491.67
1281.0 671.5
1296.0 735.5
1306.33 810.67
1311.0 363.29
1313.75 100.0
1315.0 435.29
1315.0 503.71
1316.0 336.5
1318.5 420.5
1317.0 123.5
1325.63 249.85
1322.5 315.5
1325.0 476.5
1327.0 584.29
1327.0 598.5
1329.0 15.5
1332.0 210.5
1334.5 618.0
1335.5 306.0
1353.0 721.25
1354.0 673.5
1357.0 138.5
1358.5 417.5
1363.67 118.67
1367.33 835.33
1377.5 521.0
1382.71 654.5
1381.0 829.5
1385.0 231.5
1390.5 403.5
1391.0 752.5
1394.0 718.29
1401.0 326.5
1404.0 534.5
1408.0 280.0
1409.5 17.5
1415.0 216.5
1415.5 614.0
1417.33 50.67
1418.5 569.5
1420.0 762.5
1426.29 49.0
1425.0 651.5
1428.5 394.5
1431.0 113.5
1432.88 414.12
1440.5 505.0
1443.5 14.0
1443.8 582.6
1447.12 605.88
1453.33 131.67
1456.02 837.16
1453.6 856.8
1454.5 630.0
1461.0 202.5
1466.5 160.5
1468.5 437.0
1474.29 714.0
1474.71 492.0
1475.67 660.33
1477.33 603.67
1480.5 665.0
1480.0 756.5
1481.33 855.67
1483.5 93.5
1485.5 725.5
1488.6 773.2
1497.04 562.6
1497.5 557.5
1499.5 202.0
1504.0 400.5
1506.0 711.5
1514.0 320.25
1513.67 840.67
1517.79 223.5
1525.67 830.0
1524.5 266.2
1526.5 63.5
1531.5 405.5
1534.5 667.0
!