610.1 395.7 734.9 331.7
734.9 331.7 797.9 422.4
797.9 422.4 755.2 590.9
755.2 590.9 727.5 613.3
727.5 613.3 699.7 632.5
699.7 632.5 610.1 395.7
610.1 395.7 566.4 338.1
566.4 338.1 508.8 219.7
508.8 219.7 566.4 81.1
620.8 67.2 536.5 205.9
536.5 205.9 566.4 338.1
508.8 219.7 536.5 206.9
698.7 632.5 654.9 828.8
865.1 791.5 754.1 590.9
654.9 829.9 865.1 791.5
985.6 325.3 1014.4 356.3
1014.4 356.3 1019.7 404.3
1019.7 404.3 1011.2 439.5
1011.2 439.5 993.1 520.5
993.1 520.5 966.4 538.7
796.8 422.4 1018.7 405.3
!