3.84 139.5
4.5 157.0
3.0 991.5
10.88 249.88
11.5 520.0
13.83 710.0
20.0 437.5
33.12 176.12
32.5 586.5
32.5 644.0
39.5 285.0
45.0 657.5
52.0 883.75
60.0 200.25
60.33 782.67
61.5 178.0
62.36 850.45
63.29 167.0
65.0 828.5
72.04 165.6
71.0 636.5
74.15 927.54
75.48 753.77
73.6 1057.2
75.29 568.0
74.5 985.0
77.85 644.46
81.28 147.89
80.0 395.0
84.0 1.5
86.62 891.85
87.8 244.6
88.67 685.33
92.5 623.0
99.25 566.25
99.0 145.5
99.0 920.5
100.67 947.67
101.5 734.0
106.4 813.2
108.0 13.5
110.17 449.17
112.0 982.75
123.6 272.8
124.5 245.0
125.0 312.5
126.12 606.88
128.62 883.76
127.5 125.0
130.5 447.5
134.0 884.5
134.0 216.5
144.29 322.0
149.5 374.0
154.5 644.5
153.5 698.5
156.25 601.25
156.5 161.5
157.5 979.5
158.0 454.0
161.5 813.5
166.0 657.0
165.0 805.25
169.2 793.8
168.29 808.0
169.5 510.0
169.0 850.5
171.5 629.0
172.5 444.0
176.0 572.0
176.67 961.75
176.33 621.33
178.67 234.67
183.67 138.67
187.0 107.5
187.5 385.29
187.0 644.0
190.69 592.44
190.5 180.0
190.0 466.5
190.0 628.0
194.5 269.0
193.5 577.5
195.0 484.5
200.0 319.5
202.0 532.0
201.5 990.0
203.83 201.17
205.62 39.38
209.0 661.5
210.5 57.5
213.12 267.88
213.0 444.5
214.67 661.33
216.5 1024.0
221.5 523.0
222.67 194.67
222.5 242.0
223.67 1077.67
226.0 183.5
227.5 362.0
227.0 1011.5
232.5 94.0
242.5 252.0
247.5 411.5
250.0 657.29
251.0 106.0
252.6 352.8
254.5 876.5
257.12 55.88
256.5 201.5
259.5 258.0
260.22 386.5
264.8 453.07
263.5 51.5
265.5 945.0
270.0 232.5
274.0 7.5
281.02 153.38
278.6 0.8
279.25 188.38
284.7 274.7
292.67 7.67
294.5 82.0
296.58 109.11
297.5 268.5
298.75 646.0
302.54 237.15
303.71 27.0
304.5 613.5
305.33 1050.33
307.0 1002.0
308.5 731.5
309.0 321.5
310.33 665.33
312.12 311.12
312.8 137.6
312.8 204.6
325.0 737.5
329.0 461.75
329.0 943.5
334.5 4.0
337.5 138.5
348.5 561.5
349.5 12.5
351.38 403.38
353.4 975.9
354.5 419.0
357.84 410.41
358.83 216.17
358.5 380.5
361.8 225.4
361.4 658.2
362.83 283.83
366.5 532.5
366.5 907.5
367.83 421.83
369.0 813.5
371.2 249.4
372.0 304.8
372.25 704.33
372.67 415.33
375.4 701.2
377.2 405.4
377.5 85.0
378.0 186.0
380.0 592.5
382.29 148.0
384.5 69.0
385.0 237.5
388.0 119.5
387.5 591.0
389.0 199.8
389.82 338.82
397.67 696.33
399.17 616.17
404.79 186.63
406.0 949.0
409.83 143.83
418.8 311.0
419.64 223.55
425.5 196.5
425.33 867.67
427.5 258.0
431.0 798.29
433.0 1059.8
441.78 75.07
437.5 472.5
439.93 795.2
441.5 190.0
441.5 364.0
445.0 678.5
446.5 390.5
455.33 246.33
459.5 927.0
459.0 971.5
461.0 143.75
466.0 424.5
468.5 168.0
469.12 921.88
469.17 969.17
471.61 137.04
471.12 310.88
470.0 562.5
471.5 617.5
470.0 806.5
471.5 86.5
471.78 176.67
471.5 1077.5
476.5 1057.5
483.54 72.73
478.0 134.0
477.67 865.33
485.0 4.5
488.0 389.29
489.17 280.17
490.0 911.2
490.5 572.5
492.0 245.0
498.69 223.0
494.67 325.33
496.38 412.38
495.5 1018.5
500.83 968.83
505.53 874.67
504.55 174.58
506.5 713.0
506.5 782.5
507.67 341.67
510.12 468.12
516.5 895.0
519.29 572.0
522.0 539.5
526.5 436.5
527.0 697.0
528.5 812.5
528.2 869.6
531.17 700.67
533.5 1033.5
535.4 180.8
537.0 244.0
536.5 304.0
537.0 384.0
536.5 720.5
537.5 711.5
537.5 919.5
539.2 60.4
542.0 48.5
544.0 1073.5
545.33 682.67
547.5 448.5
551.5 411.0
554.6 436.2
558.0 346.5
559.5 360.0
561.0 599.75
564.36 195.45
566.09 1002.09
565.4 434.2
566.5 102.5
567.5 683.2
572.5 222.5
572.5 765.0
573.5 59.5
576.75 622.75
578.53 987.98
577.0 1007.5
577.67 545.33
583.25 970.25
582.5 37.0
585.5 495.0
591.0 973.0
595.71 70.0
596.0 121.5
598.29 346.0
601.0 193.0
602.0 596.29
602.5 149.5
603.67 973.67
606.5 300.71
606.5 190.5
608.33 347.83
608.0 520.0
609.0 382.5
609.5 979.0
614.35 49.99
614.8 429.6
615.4 262.2
619.54 847.7
619.2 0.4
623.29 457.0
623.5 46.5
626.29 124.5
626.0 548.29
628.75 47.0
631.5 162.0
632.0 713.75
633.0 271.8
635.71 37.5
639.0 393.5
639.5 813.0
645.5 535.5
644.5 557.5
645.0 989.5
647.5 1070.0
649.0 502.5
650.71 765.86
650.88 1038.88
651.5 90.5
656.54 800.83
655.71 720.0
655.0 850.5
657.2 112.6
657.0 209.25
657.17 564.17
659.0 875.5
658.6 69.2
661.5 602.0
663.6 154.8
663.67 981.33
665.5 25.0
667.6 127.2
677.89 242.62
672.5 620.0
674.67 831.33
676.5 498.0
676.67 702.67
676.33 1065.33
681.0 346.5
680.8 888.6
682.67 548.33
681.71 782.0
683.5 127.0
685.0 659.5
691.8 321.0
692.5 184.5
693.5 380.0
696.5 436.5
698.07 910.14
697.5 33.5
701.5 437.5
702.0 510.5
702.5 670.0
703.0 726.5
710.0 611.5
712.0 866.83
713.86 115.43
713.83 313.33
714.0 671.2
714.0 738.0
719.33 125.0
721.5 13.0
722.5 1041.5
724.55 895.64
724.0 562.5
725.0 228.5
727.67 411.33
732.5 812.21
732.12 645.88
735.0 967.5
737.67 907.67
738.0 1072.5
741.0 350.0
742.67 71.33
743.5 380.5
744.33 107.67
747.64 674.0
747.5 1044.5
749.0 518.5
754.5 889.79
754.5 178.5
760.33 563.67
762.5 530.5
764.75 931.33
766.88 717.12
774.5 487.0
773.5 977.5
775.59 15.12
775.33 438.67
778.5 559.5
780.5 644.0
790.33 391.33
791.5 740.0
793.5 92.5
793.67 308.67
793.67 510.33
795.67 143.33
798.6 201.8
798.5 240.0
798.6 1023.2
799.67 722.67
807.43 376.0
807.0 521.2
808.0 410.0
808.67 653.67
810.0 93.0
809.0 622.5
810.5 7.5
814.05 398.73
816.4 650.8
817.75 452.0
822.5 951.5
825.0 862.5
828.82 980.18
828.75 723.0
831.0 712.0
830.0 13.5
830.0 75.5
832.67 483.0
833.6 172.2
835.88 32.88
835.0 894.5
837.67 1053.67
839.5 113.0
839.75 135.0
840.5 261.0
840.5 830.0
842.67 519.33
843.2 967.5
844.12 795.88
845.0 29.0
845.5 580.5
846.5 785.5
848.2 58.6
847.67 220.33
848.0 831.5
854.74 310.74
852.75 616.0
854.5 909.5
856.5 44.0
857.0 702.0
857.0 714.5
857.5 348.0
860.5 222.5
860.0 799.5
863.0 102.5
863.5 584.0
864.0 253.5
864.5 873.0
866.63 73.79
865.0 310.5
867.5 246.5
866.67 526.67
868.0 833.75
869.0 969.5
871.0 558.5
871.5 1000.0
872.5 491.5
878.58 927.91
878.14 193.5
874.5 592.0
875.8 219.6
875.67 1071.33
877.0 908.71
877.67 207.67
877.67 388.33
880.33 347.67
884.5 17.5
891.33 430.33
895.0 1056.5
901.84 223.84
903.23 436.57
902.2 184.6
903.0 88.5
906.5 547.5
906.67 744.83
912.36 52.36
910.5 1077.5
911.67 466.67
911.5 672.5
921.4 381.4
923.67 1012.67
925.44 149.06
925.8 692.0
925.0 56.5
927.0 551.5
928.5 469.0
928.5 987.5
929.67 941.33
930.5 255.0
930.71 455.0
931.0 800.5
930.71 1029.0
931.83 4.17
931.5 352.5
934.67 688.67
936.5 268.0
936.5 772.5
938.0 521.25
945.09 214.13
939.29 630.0
943.65 30.35
944.0 806.5
945.8 160.4
952.93 731.65
949.5 445.0
950.4 551.6
956.0 423.5
957.2 1028.6
962.12 783.12
963.5 239.0
964.33 61.33
964.0 729.5
965.33 652.67
968.5 467.78
969.5 844.5
969.0 936.5
969.0 1000.5
970.67 412.83
971.33 387.67
971.5 855.5
974.14 330.19
976.67 77.11
975.5 94.0
976.8 374.6
978.0 839.29
980.5 250.5
980.33 300.33
981.85 313.54
981.25 1006.0
985.69 19.96
983.5 82.5
989.72 525.88
991.23 485.32
985.5 215.0
988.0 153.5
989.74 250.56
989.12 973.12
990.8 207.6
992.1 836.7
991.5 661.5
992.78 731.5
992.5 719.0
995.75 1073.0
995.25 439.0
995.8 1000.4
996.4 242.2
998.0 635.71
1002.12 37.88
1004.16 604.16
1004.86 533.19
1004.17 626.67
1005.5 191.0
1006.0 871.5
1008.67 158.67
1010.5 364.0
1014.17 99.0
1011.88 426.12
1011.5 700.5
1016.5 673.0
1018.5 209.5
1018.83 1034.17
1020.33 9.89
1020.2 838.0
1021.5 568.5
1022.5 210.0
1024.5 685.5
1024.5 275.0
1026.0 830.0
1031.5 466.5
1031.8 741.4
1034.0 27.5
1037.0 0.71
1037.0 746.5
1037.0 987.5
1037.5 1047.22
1037.67 31.33
1040.0 152.0
1040.38 224.62
1039.67 923.67
1040.0 886.5
1042.5 739.5
1043.5 1019.0
1045.8 832.6
1046.5 190.0
1047.88 11.88
1049.8 60.08
1048.29 232.0
1052.0 878.5
1052.5 68.0
1052.6 117.2
1052.67 195.67
1061.8 333.6
1062.5 552.71
1063.0 1048.75
1064.83 548.83
1066.0 201.5
1065.67 635.17
1066.83 274.83
1070.88 979.88
1071.33 662.67
1072.5 783.5
1072.6 646.2
1075.8 456.4
1075.4 738.2
1076.33 46.33
1076.5 888.0
1078.57 608.43
1080.0 733.5
1082.5 544.5
1084.5 25.0
1086.25 386.0
1090.5 125.0
1093.75 95.0
1095.33 688.67
1098.5 1019.0
1099.67 725.33
1102.2 230.4
1104.4 170.6
1111.0 316.25
1110.0 925.5
1111.5 26.5
1114.75 1053.0
1116.5 810.0
1119.11 958.33
1119.0 406.5
1121.8 68.6
1122.7 597.1
1124.29 83.0
1126.5 94.0
1126.5 341.0
1132.0 173.0
1132.2 662.4
1133.0 658.0
1136.5 792.5
1140.25 549.0
1142.5 677.0
1144.5 67.5
1145.5 868.0
1145.8 77.6
1148.29 448.0
1149.5 544.2
1149.5 580.0
1149.62 970.62
1151.5 384.5
1150.0 739.29
1149.0 877.5
1150.88 789.88
1152.5 1054.5
1154.5 429.0
1155.0 547.5
1159.0 287.5
1161.83 1057.5
1160.8 744.4
1161.8 87.6
1162.2 604.6
1163.0 249.0
1169.04 518.97
1164.5 83.5
1166.17 451.57
1166.5 845.0
1167.5 237.5
1167.5 684.5
1170.0 12.5
1170.0 465.5
1171.71 285.0
1173.12 150.12
1177.5 383.26
1174.5 93.29
1174.29 1075.5
1178.0 0.25
1185.0 47.5
1185.5 417.5
1187.59 614.12
1193.5 167.29
1192.5 524.5
1194.33 783.67
1195.8 788.6
1197.0 612.0
1200.04 264.4
1199.5 1006.0
1206.09 671.47
1201.25 600.0
1203.12 179.12
1204.5 344.0
1204.0 983.5
1206.0 479.0
1208.56 13.78
1209.0 449.0
1209.0 799.29
1209.12 1060.88
1209.75 56.0
1210.5 64.0
1211.0 445.25
1216.18 267.82
1215.8 703.6
1219.29 844.5
1220.5 747.5
1220.88 835.88
1222.0 994.0
1222.67 37.67
1226.5 640.5
1226.5 808.2
1228.5 990.79
1227.6 245.8
1228.5 1016.5
1231.19 649.14
1230.33 929.67
1230.0 957.5
1232.5 126.5
1232.5 599.0
1234.12 223.12
1237.0 84.75
1236.5 179.0
1239.5 970.0
1248.5 746.71
1247.5 781.5
1254.62 774.62
1255.29 383.0
1255.75 90.25
1258.5 197.5
1258.6 915.8
1259.0 947.0
1260.5 106.5
1262.0 243.0
1261.5 672.5
1267.8 840.4
1269.5 572.5
1271.0 241.5
1273.6 834.2
1273.88 1070.88
1278.12 645.88
1280.0 599.5
1282.92 931.97
1281.5 664.5
1281.5 844.0
1283.75 397.62
1285.25 585.0
1289.67 483.33
1289.0 777.5
1290.75 133.75
1291.5 449.0
1294.0 814.5
1298.0 165.0
1299.0 863.5
1303.2 129.6
1307.0 891.5
1308.67 775.67
1310.12 50.12
1310.0 817.5
1311.5 607.5
1312.5 735.5
1314.0 106.71
1315.88 969.88
1316.33 23.67
1317.0 486.5
1318.67 27.67
1322.69 79.94
1321.8 493.6
1322.67 318.67
1324.2 135.4
1325.64 323.09
1324.5 936.5
1326.5 154.0
1328.25 348.75
1327.5 869.0
1328.5 196.5
1329.5 372.5
1333.91 235.09
1332.67 341.33
1337.6 111.2
1341.5 634.0
1341.75 675.75
1344.45 193.41
1343.6 264.2
1344.0 370.71
1343.67 994.67
1345.25 433.0
1351.77 931.73
1351.29 62.5
1353.67 145.33
1353.75 655.0
1356.33 610.33
1361.58 414.25
1362.67 148.67
1362.5 318.0
1366.88 30.88
1367.5 682.0
1369.0 890.5
1371.5 1048.5
1372.5 60.5
1380.67 606.33
1383.0 985.71
1383.5 110.5
1383.75 582.0
1389.46 906.15
1388.6 251.2
1388.33 311.33
1388.5 507.0
1389.33 232.67
1392.12 73.88
1391.0 229.5
1392.17 855.17
1393.0 383.5
1395.0 562.5
1397.29 910.0
1399.0 223.5
1399.5 986.5
1399.0 1061.5
1403.0 189.5
1402.67 665.33
1402.5 930.0
1403.4 313.2
1403.5 535.0
1403.75 681.0
1407.5 657.5
1408.0 173.0
1408.2 343.6
1409.0 403.0
1409.5 500.0
1409.0 902.5
1411.5 28.5
1412.2 119.4
1412.12 1010.88
1413.25 1020.75
1412.75 661.0
1413.0 855.25
1416.5 543.0
1418.5 936.5
1419.5 446.0
1422.5 99.5
1423.0 959.2
1424.3 34.7
1423.5 499.0
1426.09 663.09
1424.5 926.5
1431.09 526.09
1430.0 514.5
1433.75 899.67
1435.17 672.17
1440.33 1036.89
1441.33 1029.67
1442.75 651.0
1444.0 606.5
1444.0 791.5
1446.0 498.5
1446.5 100.0
1446.5 849.0
1446.71 918.0
1447.5 410.0
1447.5 534.0
1449.0 312.5
1459.5 954.5
1453.67 216.33
1454.0 22.5
1456.33 814.67
1459.63 91.37
1457.5 400.0
1458.12 725.88
1458.79 1059.37
1458.75 249.0
1460.0 657.5
1461.0 804.5
1462.5 200.0
1463.0 365.71
1466.94 157.96
1464.29 1078.0
1464.4 181.8
1464.67 236.33
1465.91 675.91
1464.67 995.33
1468.5 456.5
1469.5 488.5
1470.5 97.5
1472.46 469.24
1472.79 557.37
1473.83 94.83
1477.33 435.75
1476.5 484.0
1479.0 743.0
1479.5 35.0
1481.63 261.63
1481.5 24.5
1481.5 160.0
1484.0 515.0
1482.62 920.62
1482.5 587.0
1484.2 606.4
1485.22 335.44
1485.0 492.5
1485.8 823.6
1494.78 294.0
1490.4 503.2
1492.67 75.67
1493.2 589.5
1494.5 554.0
1498.21 470.64
1496.4 1055.8
1498.0 505.0
1499.67 802.67
1502.53 599.13
1503.68 679.82
1504.05 818.9
1505.3 198.4
1504.5 254.5
1505.33 548.67
1506.5 833.0
1506.0 81.5
1508.71 57.5
1509.5 260.5
1512.21 806.0
1510.88 1014.88
1512.12 942.12
1512.5 50.0
1512.5 261.5
1513.6 731.8
1517.0 295.25
1514.33 610.33
1516.33 747.67
1516.33 768.67
1520.0 1068.75
1520.5 285.5
1521.5 586.0
1522.5 912.5
1524.11 639.67
1526.0 267.5
1527.5 619.0
1529.5 715.0
1534.5 635.0
1535.0 737.5
1535.4 973.2
1538.5 920.0
1541.17 44.83
1540.67 643.33
1541.5 453.5
1544.33 405.67
1546.12 760.88
1546.0 828.5
1546.5 663.0
1548.0 294.71
1550.17 879.17
1550.8 122.6
1553.0 248.0
1553.67 329.33
1558.8 491.0
1558.75 628.0
1560.0 342.0
1560.8 386.4
1564.0 172.5
1562.67 957.67
1567.53 538.13
1571.33 741.33
1572.63 1062.79
1575.5 836.5
1575.0 881.5
1583.75 108.0
1584.5 515.29
1591.5 781.5
1597.67 761.33
1598.5 732.5
1605.0 829.0
1604.0 359.5
1604.67 996.33
1607.2 719.6
1608.0 318.5
1609.4 511.8
1612.0 239.0
1613.09 376.64
1612.88 905.88
1614.67 987.67
1615.0 216.5
1618.29 883.0
1621.8 21.4
1622.0 85.0
1626.0 583.0
1626.4 502.2
1632.54 286.3
1629.5 508.5
1629.0 542.0
1630.0 710.0
1635.5 149.5
1640.48 1047.74
1649.83 650.67
1652.0 559.0
1654.5 652.5
1655.8 95.4
1655.0 1056.5
1656.5 133.5
1664.0 89.0
1660.0 348.5
1661.0 694.71
1664.0 501.79
1666.0 400.25
1666.0 601.25
1676.33 997.67
1678.0 358.0
1678.5 1071.5
1678.67 424.67
1680.8 905.48
1679.12 1037.12
1679.5 340.5
1681.5 709.0
1685.8 469.8
1687.0 458.75
1687.5 166.0
1688.0 376.0
1690.5 524.0
1692.5 315.0
1693.0 629.71
1693.0 717.29
1695.8 252.0
1695.71 787.0
1696.5 736.5
1701.5 139.0
1701.5 158.0
1701.5 469.0
1707.55 935.49
1705.5 462.0
1707.5 910.79
1709.43 846.67
1707.5 904.0
1708.0 981.0
1708.0 1071.25
1710.5 117.5
1713.0 961.0
1714.25 894.0
1717.88 842.12
1718.5 16.5
1719.0 533.0
1720.5 593.0
1720.33 864.67
1720.5 895.0
1723.0 387.5
1724.4 998.2
1727.38 973.62
1728.5 458.5
1730.0 908.5
1732.0 988.5
1733.0 310.71
1734.5 41.5
1736.5 348.67
1737.88 305.59
1736.88 447.12
1737.83 83.17
1740.17 79.17
1739.0 374.5
1742.0 405.0
1742.0 924.0
1744.0 560.5
1745.8 893.6
1747.12 58.12
1746.5 739.0
1747.5 301.5
1748.5 890.5
1748.86 969.57
1753.95 841.28
1751.0 758.29
1750.0 911.5
1752.5 445.5
1756.28 494.59
1756.5 216.0
1758.0 381.71
1760.76 1073.0
1764.2 87.2
1765.88 306.88
1765.71 756.0
1765.0 823.0
1766.5 218.0
1770.5 535.0
1770.5 772.5
1772.33 1056.11
1774.0 61.5
1777.5 142.5
1780.0 132.0
1782.53 352.87
1783.83 34.83
1789.0 341.0
1790.88 563.12
1793.5 142.71
1792.5 594.0
1793.0 882.5
1793.29 1041.0
1796.0 716.0
1795.0 1053.5
1799.0 606.5
1800.0 213.5
1801.0 546.5
1803.0 586.5
1803.0 620.25
1803.67 530.33
1804.0 1012.5
1804.67 1076.33
1812.0 737.75
1815.33 998.11
1816.0 1008.75
1818.0 518.0
1820.0 937.0
1826.8 278.0
1827.17 99.83
1831.0 565.0
1831.5 446.5
1831.5 1005.5
1832.6 383.2
1833.67 633.67
1834.0 791.5
1835.0 436.5
1838.87 966.87
1836.71 1014.0
1840.0 195.25
1840.5 99.0
1842.2 600.4
1843.29 491.5
1842.67 559.33
1844.8 815.4
1845.0 337.5
1845.25 1052.0
1847.67 554.33
1847.83 644.83
1849.0 721.5
1852.0 1060.5
1853.75 836.0
1854.0 449.5
1859.5 359.0
1861.5 875.5
1866.0 451.5
1868.12 489.12
1871.79 712.5
1871.0 415.0
1871.67 277.67
1872.6 3.2
1874.5 111.5
1874.0 803.0
1876.88 514.88
1880.81 136.13
1877.5 956.5
1882.0 192.5
1882.5 156.5
1887.2 292.6
1898.03 1052.05
1888.0 413.75
1890.67 959.89
1894.11 121.33
1896.33 399.67
1897.83 938.33
1899.12 318.12
1906.71 785.0
1910.33 92.67
1912.5 1074.0
1917.26 167.11
1919.0 136.0
!