0.91 20.36
6.0 396.5
10.71 416.0
19.33 427.67
20.8 1032.6
22.5 33.5
24.4 192.8
28.52 393.11
27.5 1078.67
33.0 89.5
35.0 469.5
37.5 111.5
55.62 65.62
55.29 221.5
62.5 669.95
64.0 44.5
69.5 470.5
73.0 369.0
75.0 708.91
78.29 461.0
79.0 613.8
80.5 225.5
81.5 351.0
88.0 611.17
90.63 923.82
93.5 589.0
95.17 872.83
100.0 550.5
102.6 385.8
104.0 600.5
108.12 842.12
108.0 1036.29
116.0 478.0
120.0 696.5
122.0 81.5
122.5 944.5
124.0 644.5
125.4 216.2
127.67 946.33
131.0 361.0
131.33 1010.67
133.2 1017.6
136.15 647.62
134.0 745.8
136.56 254.75
140.88 835.88
152.5 44.5
154.0 828.0
158.5 732.0
158.0 716.5
160.0 978.5
163.38 534.38
163.5 281.5
165.0 762.5
175.4 1021.8
178.2 37.6
181.0 235.0
183.62 669.38
185.0 387.5
191.46 786.88
192.29 211.0
192.5 897.83
193.36 102.09
195.5 177.5
198.6 763.2
201.5 140.0
201.5 228.0
207.0 448.71
206.5 923.5
208.2 554.6
208.5 1066.5
211.5 62.5
212.29 864.5
213.6 408.2
214.5 25.0
214.5 526.5
216.5 160.5
216.33 632.33
219.33 176.33
219.5 692.0
225.5 149.0
227.82 793.82
226.41 972.12
229.0 341.5
231.0 243.75
236.33 533.67
238.5 809.0
240.8 847.6
241.5 640.0
245.3 810.3
245.0 816.5
247.12 22.88
246.33 152.33
249.17 445.67
249.0 1013.29
249.0 637.5
252.16 814.84
251.0 430.0
255.5 961.5
256.33 301.33
257.67 791.33
265.19 1074.51
262.2 1023.6
267.0 779.25
268.75 773.0
270.5 372.5
271.5 819.0
272.5 5.0
281.25 776.25
280.5 792.0
283.2 130.4
283.0 927.5
284.64 206.91
284.0 22.5
289.0 768.0
291.0 795.71
298.36 349.45
309.3 778.97
304.82 799.82
304.0 510.5
305.5 584.0
309.93 957.75
308.88 807.12
312.0 67.5
314.6 557.2
314.5 915.0
317.0 156.25
317.2 401.4
317.5 432.5
327.5 14.0
330.29 489.0
329.5 521.5
334.33 867.67
336.0 336.0
338.35 783.81
335.88 852.88
339.12 232.12
344.0 241.5
346.0 112.71
347.5 1026.5
350.63 144.23
350.88 616.12
351.5 564.0
351.5 890.5
353.67 440.33
355.5 585.0
362.0 767.67
364.67 559.33
365.8 552.6
365.25 663.0
372.35 611.59
371.5 346.5
371.5 356.0
372.67 907.33
375.88 821.12
377.0 883.5
378.4 401.4
389.5 910.5
389.0 495.5
396.5 250.29
396.33 64.67
397.83 538.17
401.33 114.67
403.0 463.0
402.5 995.5
405.0 919.0
407.5 44.5
413.2 514.6
415.12 351.59
415.25 749.0
417.5 924.0
418.67 1022.67
427.62 519.15
425.88 937.88
429.5 477.5
432.5 1052.5
434.5 505.5
437.5 1028.5
437.5 883.5
438.6 272.2
446.4 718.86
441.5 362.5
442.5 931.5
445.0 211.5
447.58 492.42
447.5 536.5
448.5 759.5
452.62 368.76
452.12 595.12
453.0 798.75
455.0 485.5
461.5 379.71
463.0 806.25
471.0 135.25
471.4 60.8
476.5 644.5
478.5 612.5
479.0 367.0
482.57 759.81
482.72 306.41
480.33 389.67
485.25 626.75
484.6 911.8
486.33 188.67
489.12 881.12
491.33 755.33
504.6 197.2
505.0 451.5
511.33 877.67
520.0 609.5
522.12 270.12
530.5 854.0
530.33 1000.67
534.33 675.44
533.2 227.6
535.0 375.5
537.12 60.88
540.4 756.8
550.5 461.5
552.57 643.29
556.5 488.5
557.0 710.29
558.0 604.0
561.5 103.0
564.86 354.68
566.0 506.5
571.5 358.0
575.5 408.0
578.5 418.0
579.5 389.0
580.5 867.0
582.0 506.0
583.09 172.36
585.5 340.0
587.0 137.5
589.5 159.21
588.75 878.75
588.75 975.0
590.0 1002.75
590.0 649.5
592.29 888.5
596.46 974.85
600.0 76.5
602.0 113.75
601.25 546.0
605.27 1078.27
604.0 599.5
605.67 715.33
608.5 927.0
610.0 888.5
611.5 421.5
612.5 69.5
612.5 715.0
614.67 827.67
615.4 425.8
615.0 1001.5
616.5 457.5
616.83 966.17
618.0 716.5
620.33 865.33
624.17 978.33
625.33 54.33
627.5 244.0
628.5 650.0
629.5 937.5
631.0 82.5
632.5 1077.5
633.0 640.5
637.5 1.5
639.67 173.67
640.0 729.0
645.0 690.25
644.0 757.5
650.5 716.29
651.25 498.0
652.5 870.0
655.5 129.0
658.0 716.5
659.5 86.0
660.5 670.0
663.67 675.33
666.5 599.0
667.0 810.0
674.17 681.17
675.0 747.5
681.5 671.5
682.5 686.5
684.5 302.0
684.71 660.0
688.0 789.75
688.5 408.0
689.0 891.5
691.0 62.5
690.0 120.5
691.0 340.5
695.33 595.33
699.0 401.5
701.5 138.5
701.5 284.5
702.67 852.67
705.5 1007.5
706.8 644.6
708.75 674.0
714.0 942.0
715.5 127.22
721.5 334.0
721.5 741.5
725.5 653.2
726.6 777.6
730.0 368.29
729.0 466.5
729.5 605.0
732.8 171.4
739.0 911.5
740.5 939.0
741.0 923.5
753.82 28.82
753.6 877.2
754.0 898.5
755.0 990.0
756.0 250.25
755.5 1042.5
762.71 202.5
764.5 406.5
765.0 864.71
765.5 614.0
770.0 751.0
773.0 1047.75
773.33 625.33
775.5 765.8
776.5 0.0
776.5 64.0
776.33 1074.33
782.5 984.0
784.17 562.83
784.5 456.5
785.18 478.82
788.6 463.2
794.66 907.86
797.5 474.0
798.0 1059.0
798.0 882.5
803.0 840.0
802.5 1074.5
809.34 505.89
808.67 681.33
811.5 91.0
815.78 974.43
814.75 711.0
816.5 260.0
818.5 697.5
822.5 812.0
823.6 972.2
826.2 183.6
825.5 471.5
829.65 283.35
831.71 353.5
830.33 634.33
830.8 665.4
832.33 503.89
836.0 237.0
834.4 606.5
838.67 580.33
841.0 592.5
842.5 830.0
845.12 687.12
846.0 193.75
851.33 592.67
852.38 1028.38
853.5 955.0
856.71 124.5
859.0 144.5
859.5 554.0
862.27 1078.27
865.65 650.65
865.62 89.38
865.12 678.12
866.33 151.33
867.0 379.0
868.67 481.33
868.5 884.0
871.33 532.67
872.6 13.2
873.6 70.8
875.5 300.29
879.0 145.5
888.5 65.0
890.25 178.0
891.63 1077.21
892.0 354.0
899.31 622.32
895.38 227.62
894.5 442.0
895.67 470.33
900.33 934.33
902.5 189.0
904.11 314.33
905.4 686.8
909.5 75.0
913.91 380.91
916.33 1018.67
918.9 684.95
920.0 293.75
923.0 487.75
925.6 698.2
926.5 734.0
926.33 998.67
929.0 703.5
935.0 391.5
938.33 54.17
937.5 131.5
939.0 250.5
942.0 90.5
944.4 271.2
945.0 200.5
948.0 579.0
950.5 17.5
954.5 780.29
952.67 1057.67
953.89 477.67
954.7 502.7
956.0 25.5
957.5 362.5
962.0 1025.0
960.4 14.8
960.0 792.5
961.0 334.5
961.33 712.67
965.0 684.5
967.0 787.43
967.5 296.5
972.2 546.4
972.0 725.25
972.5 831.0
980.0 582.71
983.0 294.25
983.0 598.0
984.67 907.67
985.0 664.5
987.2 861.4
990.0 77.5
991.0 1012.5
992.67 743.67
993.0 697.5
994.71 436.0
995.8 361.4
996.5 906.5
996.33 1020.33
1009.13 608.05
1002.5 952.5
1004.5 173.5
1006.0 586.5
1008.11 168.67
1009.5 240.33
1009.5 619.0
1011.71 655.0
1012.5 109.5
1012.5 970.0
1015.5 691.5
1017.5 8.5
1018.63 661.21
1019.5 1030.0
1022.0 595.0
1022.5 342.5
1023.38 498.62
1025.0 296.5
1027.0 573.5
1026.5 1067.5
1027.5 102.5
1029.67 471.33
1034.0 408.5
1035.33 853.67
1035.83 978.17
1044.67 694.76
1043.2 13.6
1045.88 438.12
1047.5 549.5
1049.22 888.33
1049.5 640.5
1051.33 287.67
1052.5 100.0
1060.5 870.0
1062.5 905.22
1063.5 770.5
1066.33 417.33
1067.8 773.0
1066.5 1005.0
1068.2 663.6
1076.8 422.6
1084.0 730.69
1078.5 614.0
1079.0 629.5
1084.0 1030.5
1087.92 532.2
1086.12 613.12
1087.5 69.0
1088.5 860.0
1090.0 986.5
1093.0 999.5
1095.5 864.0
1096.84 916.16
1098.5 378.5
1100.35 1025.0
1107.17 60.91
1104.0 556.5
1109.0 809.5
1107.0 130.25
1106.5 192.5
1111.0 620.5
1111.88 800.47
1113.0 165.0
1115.0 950.5
1122.0 561.0
1121.88 776.88
1126.5 800.0
1126.0 1024.5
1127.6 750.8
1129.5 787.29
1130.0 586.5
1134.2 128.6
1136.0 556.5
1137.36 838.55
1139.0 873.5
1141.5 719.5
1142.5 715.0
1148.29 166.0
1152.0 387.0
1151.89 564.67
1153.67 122.67
1157.5 399.5
1158.75 580.0
1161.5 546.5
1165.0 393.5
1166.29 417.0
1166.88 827.88
1167.5 717.5
1169.11 476.67
1169.5 507.5
1173.75 111.0
1173.0 608.5
1176.0 858.0
1183.5 490.5
1184.71 230.86
1188.5 99.79
1186.33 217.67
1187.5 615.0
1196.68 629.7
1191.4 531.8
1193.29 138.0
1193.4 353.6
1195.88 561.12
1200.0 678.5
1205.0 690.5
1207.0 382.29
1209.0 561.0
1210.0 576.5
1210.4 870.8
1210.8 948.6
1213.0 648.29
1213.5 951.5
1216.33 249.33
1218.0 259.5
1217.5 644.0
1226.0 930.0
1226.0 562.5
1226.25 609.0
1231.88 40.88
1233.5 592.5
1233.6 976.8
1238.0 232.0
1240.12 67.88
1239.5 298.0
1239.0 1031.5
1242.2 150.4
1243.0 444.0
1245.0 518.0
1244.0 567.5
1246.33 17.67
1255.0 11.5
1258.83 964.83
1260.33 396.33
1263.4 720.6
1263.6 667.2
1266.0 583.75
1267.5 663.4
1268.55 313.1
1268.0 1029.0
1271.8 720.0
1271.8 526.4
1271.5 715.5
1274.5 110.0
1274.0 614.0
1276.5 394.0
1278.2 1071.4
1280.0 508.75
1281.38 1026.75
1285.35 620.47
1290.0 397.5
1297.0 656.0
1298.6 896.8
1299.0 946.5
1303.67 325.67
1303.67 806.33
1306.0 440.5
1307.67 25.33
1310.5 879.0
1315.0 1046.5
1318.5 609.0
1319.2 654.6
1320.85 317.54
1320.71 86.0
1322.2 701.4
1323.0 840.0
1324.88 485.59
1334.0 381.0
1334.0 522.0
1336.0 259.5
1336.5 280.0
1336.5 465.0
1337.2 832.6
1338.67 1039.67
1339.67 188.67
1339.5 481.5
1339.0 584.5
1340.33 942.67
1340.0 1001.5
1343.67 487.67
1344.67 45.67
1346.24 67.76
1346.27 103.95
1347.36 167.55
1348.67 200.33
1349.0 968.29
1351.0 600.0
1350.5 99.0
1350.33 110.33
1352.17 406.17
1355.0 510.5
1355.25 777.0
1356.5 482.5
1356.5 999.0
1359.12 543.12
1361.25 422.0
1365.25 536.0
1367.5 812.5
1373.41 323.21
1376.5 427.5
1381.0 421.5
1391.86 58.71
1391.0 157.0
1394.6 972.2
1396.0 745.0
1396.5 480.0
1397.5 350.0
1398.5 790.0
1400.8 850.0
1399.5 882.5
1406.5 982.29
1412.5 739.0
1415.0 544.5
1417.71 78.0
1415.5 435.0
1418.75 529.0
1420.5 412.5
1421.0 502.5
1425.22 536.5
1429.71 408.0
1430.0 719.5
1431.8 611.5
1434.0 753.5
1435.5 260.0
1436.5 112.5
1440.33 1019.33
1441.88 446.12
1445.0 512.0
1449.93 966.53
1448.0 365.0
1448.5 371.71
1449.0 554.5
1450.5 405.0
1450.33 975.33
1452.36 309.55
1458.0 67.0
1456.67 1035.78
1458.2 873.6
1461.5 492.0
1469.17 3.83
1468.5 338.5
1469.82 730.18
1471.2 1027.6
1477.0 590.71
1477.5 968.5
1479.82 1063.82
1485.0 592.5
1484.5 1001.5
1490.0 352.5
1494.0 236.5
1494.67 408.67
1495.5 45.0
1499.67 645.33
1503.67 128.67
1504.5 349.0
1505.33 222.5
1505.33 1027.67
1507.0 524.25
1508.67 190.33
1512.75 391.0
1515.0 369.0
1514.5 799.5
1515.2 868.0
1515.88 722.12
1518.9 853.05
1517.5 875.5
1522.37 272.37
1521.0 348.71
1520.5 528.0
1525.5 789.0
1527.0 218.5
1526.33 330.33
1527.6 237.2
1527.8 323.6
1538.32 830.68
1539.82 598.82
1540.67 157.33
1544.29 1053.0
1547.5 224.0
1550.0 816.5
1552.82 139.82
1552.2 709.4
1552.5 63.0
1554.18 307.82
1558.0 318.5
1557.5 719.0
1562.0 278.57
1561.0 969.0
1562.0 823.0
1562.5 956.5
1564.5 1003.0
1566.4 549.4
1568.0 793.71
1568.5 330.71
1570.57 484.68
1567.5 637.0
1569.67 417.67
1569.5 964.5
1570.0 866.5
1576.4 305.8
1576.5 315.0
1579.82 384.18
1587.0 542.0
1588.75 518.0
1589.0 562.0
1590.0 661.5
1591.5 295.0
1592.5 289.5
1594.12 1061.88
1594.33 241.33
1599.0 463.75
1601.5 635.5
1602.38 906.62
1605.0 670.5
1607.6 784.4
1606.4 1067.2
1608.6 415.6
1608.5 915.0
1611.17 323.17
1610.5 632.0
1612.6 498.2
1614.0 425.0
1613.5 756.5
1614.67 530.33
1614.33 678.67
1618.5 156.29
1618.29 275.0
1620.5 815.5
1620.0 732.5
1621.2 742.6
1622.8 386.2
1624.75 961.0
1626.71 996.0
1629.67 500.33
1635.35 443.65
1632.5 1046.0
1633.6 313.2
1633.6 418.2
1635.3 24.7
1636.29 483.0
1637.5 532.5
1638.2 606.4
1642.5 150.0
1644.62 264.24
1644.76 483.43
1642.5 690.0
1647.43 306.23
1647.5 768.0
1652.0 321.0
1652.5 918.5
1655.5 945.5
1659.5 479.71
1661.5 686.0
1659.0 702.5
1660.0 962.0
1667.36 424.55
1668.67 236.33
1678.49 198.75
1673.5 865.0
1676.8 642.6
1679.38 999.38
1680.0 158.5
1683.0 425.0
1689.23 1010.23
1688.2 11.4
1688.5 476.5
1692.67 936.33
1693.5 721.5
1695.5 215.0
1696.5 918.0
1697.5 155.0
1697.5 339.5
1698.67 84.33
1701.2 279.0
1705.63 629.63
1703.0 978.5
1706.55 352.79
1709.5 703.14
1710.0 821.5
1710.0 856.5
1714.33 226.33
1716.5 369.0
1717.5 659.5
1720.12 436.88
1721.4 241.7
1726.88 954.69
1726.5 301.0
1728.0 283.0
1729.5 1016.0
1731.2 724.4
1735.0 440.5
1737.29 903.0
1741.0 653.75
1745.0 542.5
1747.5 447.0
1746.5 554.5
1749.89 367.67
1753.0 704.5
1756.71 989.0
1759.0 1011.5
1763.08 37.37
1761.17 228.33
1760.88 1045.88
1763.28 766.81
1768.5 107.67
1766.0 862.29
1770.28 894.12
1768.67 1048.67
1770.33 474.67
1776.0 547.71
1777.5 280.0
1778.5 500.0
1782.5 628.5
1783.0 273.75
1782.67 493.67
1789.6 692.2
1791.5 519.0
1792.4 974.4
1801.0 13.0
1805.0 197.0
1805.5 432.0
1809.0 119.0
1810.0 974.29
1811.5 925.0
1814.67 645.33
1816.5 112.0
1823.4 771.56
1823.0 513.75
1825.33 682.67
1830.0 379.5
1830.88 1041.88
1830.5 1051.5
1832.62 1011.62
1832.67 994.67
1834.5 84.0
1834.5 299.0
1835.0 440.25
1834.67 859.67
1840.48 894.89
1847.5 174.0
1850.0 507.0
1850.5 694.0
1853.0 727.5
1855.0 330.71
1856.5 677.0
1860.0 12.0
1863.0 250.0
1864.41 1038.12
1865.33 969.33
1871.5 70.0
1873.12 258.12
1873.2 1010.5
1877.5 776.5
1882.5 232.5
1885.0 438.29
1886.0 521.0
1884.33 635.33
1889.11 178.89
1887.5 506.5
1889.29 450.0
1889.29 995.0
1889.75 713.0
1894.0 582.5
1895.0 750.71
1898.2 426.4
1900.0 262.0
1900.33 458.67
1901.5 367.0
1901.5 481.5
1901.0 1063.5
1903.5 894.5
1904.5 825.0
1907.2 178.6
1911.0 582.5
1910.0 622.5
1910.8 775.8
1916.0 976.71
1916.5 754.5
1917.5 396.0
1919.0 277.0
!