14.41 846.25
10.6 614.3
11.91 879.09
12.67 525.33
14.67 273.67
16.5 655.0
18.29 53.5
24.5 278.5
25.0 593.29
26.5 266.5
33.17 121.17
32.5 987.0
33.88 348.12
33.75 826.0
41.5 516.0
50.0 42.5
62.0 410.5
60.0 551.5
60.33 1062.67
62.67 323.67
64.87 395.47
64.5 287.5
69.5 175.5
71.5 14.0
73.0 602.0
74.75 168.67
74.33 994.89
78.12 492.88
80.4 501.8
82.88 448.12
84.2 988.6
84.33 355.33
87.0 897.5
90.25 162.75
92.5 281.5
95.71 270.5
95.5 341.0
97.75 402.0
102.67 656.67
110.0 216.5
111.4 603.2
116.0 846.25
116.71 321.0
117.67 554.33
122.5 166.0
122.71 454.0
122.71 687.0
125.71 548.0
126.5 366.5
126.5 626.5
126.5 691.0
128.5 24.0
129.12 618.12
130.0 626.5
132.63 407.21
131.91 802.36
135.8 125.4
136.5 1007.5
139.17 831.67
142.5 168.0
144.0 182.8
144.78 358.56
144.0 581.5
148.0 961.0
150.0 573.0
151.5 530.71
152.0 129.0
152.67 618.67
157.28 474.11
159.5 859.0
160.33 1014.67
162.5 158.0
165.5 520.0
168.12 488.88
169.5 701.5
171.64 42.09
173.72 169.59
176.0 305.5
178.0 563.18
178.0 988.75
183.0 384.0
184.0 302.5
186.71 229.5
185.33 1057.67
190.0 379.5
190.0 943.5
200.75 566.5
206.47 199.35
205.4 332.2
206.12 968.12
207.0 79.5
206.25 531.0
210.55 406.42
208.5 653.5
215.0 796.5
216.5 243.0
224.5 687.5
231.17 576.83
234.33 187.67
235.0 383.29
236.0 301.5
236.33 310.33
239.0 624.0
240.5 104.5
240.0 179.5
244.17 910.17
244.0 363.5
245.0 224.5
246.5 672.0
252.5 465.5
251.0 1049.0
251.4 186.2
260.33 179.33
261.5 239.0
261.4 660.2
267.67 18.67
267.89 972.33
269.38 774.38
275.93 826.43
274.5 561.5
280.0 667.0
278.5 439.5
290.5 517.0
292.5 760.0
304.0 142.5
305.0 110.5
309.0 844.0
309.4 195.8
311.0 174.0
314.33 324.22
313.14 608.21
312.6 237.2
314.5 76.0
321.5 5.5
325.28 188.59
324.0 956.5
326.33 833.67
331.33 67.33
332.0 271.5
333.38 28.62
338.05 240.37
335.8 105.4
338.0 849.5
341.5 503.2
344.0 111.71
345.5 378.21
347.5 1013.5
348.33 476.67
353.0 796.5
361.9 279.31
360.0 717.5
361.0 1001.0
363.67 507.67
369.0 27.5
371.0 880.5
372.5 177.0
373.0 426.5
381.33 222.67
382.6 122.2
390.0 959.65
393.76 24.76
392.8 453.6
393.67 303.67
395.5 52.5
400.33 195.22
397.67 756.33
399.0 121.5
399.5 239.5
400.0 377.5
403.5 877.5
404.5 426.0
404.0 572.5
410.0 141.5
412.13 453.61
412.0 39.8
413.2 446.4
416.5 478.5
417.5 300.0
420.93 1015.38
419.0 876.0
422.0 329.25
426.0 471.0
426.33 356.67
433.0 400.5
434.5 27.5
438.0 58.0
439.67 385.33
444.5 261.5
444.6 352.2
448.2 298.6
448.29 753.0
448.67 79.67
452.0 653.5
458.67 780.33
461.5 686.0
466.2 38.6
473.67 55.33
473.5 603.5
476.5 418.5
481.0 796.71
481.5 825.0
482.0 1045.5
486.17 982.83
489.17 189.17
490.73 704.73
490.33 7.67
493.0 52.0
492.5 515.0
497.0 59.5
495.5 352.5
499.0 181.5
508.5 71.0
507.0 97.5
508.6 547.2
511.12 211.12
510.5 809.0
513.09 612.64
517.0 616.29
520.29 626.0
520.0 367.5
521.5 670.0
527.96 29.64
527.2 95.4
528.0 1040.0
533.0 679.0
534.0 0.25
534.62 1074.38
535.0 927.0
544.67 208.67
545.6 548.4
545.79 644.63
545.0 331.5
547.17 708.0
547.5 427.5
550.4 14.8
552.29 466.0
554.5 346.5
554.0 187.5
555.3 921.3
555.33 511.33
562.5 48.5
562.5 187.5
566.33 233.67
570.4 63.2
570.5 410.0
571.29 506.0
572.5 167.5
574.0 817.5
575.0 967.5
578.12 342.12
579.5 102.5
578.0 540.5
583.67 117.67
584.64 132.09
583.71 486.0
583.5 589.0
584.0 990.0
586.71 762.5
586.33 253.67
589.0 360.5
593.29 292.0
596.82 481.44
594.5 779.0
602.5 473.5
604.0 915.71
606.33 285.33
607.0 921.5
612.18 757.91
612.5 508.5
615.5 183.0
615.0 887.5
618.5 489.0
619.0 932.5
620.0 508.5
624.5 391.5
624.0 717.5
627.79 456.0
628.0 175.5
629.0 387.5
631.11 341.33
635.2 284.4
635.0 643.5
638.0 844.34
636.5 205.5
636.5 456.5
638.5 63.5
639.5 860.0
643.33 664.17
643.5 734.0
643.0 1011.5
644.0 81.5
647.78 46.67
646.33 715.33
653.15 1001.75
651.5 351.5
652.0 454.2
653.0 685.25
655.0 31.71
654.0 271.5
655.87 384.47
656.8 93.0
656.17 257.83
661.15 698.15
659.83 643.33
659.5 704.0
661.5 989.5
664.11 248.22
667.67 18.67
668.67 370.33
672.05 744.37
674.0 457.5
675.0 791.29
676.41 549.88
675.5 819.0
677.0 591.71
680.2 606.4
681.0 253.29
683.5 1005.8
683.0 367.5
684.8 371.0
685.33 614.67
686.71 170.0
689.33 804.33
690.4 542.2
698.5 369.0
702.0 975.0
704.5 38.5
705.0 351.5
712.0 4.5
711.5 422.0
716.33 254.33
717.33 1046.33
721.5 31.0
725.25 727.62
725.33 499.67
729.5 315.0
730.5 939.0
732.2 506.4
733.83 225.83
737.8 435.4
742.12 167.12
742.5 270.0
746.33 83.67
748.7 73.7
749.0 733.0
755.1 560.79
751.5 936.0
753.12 819.88
753.5 636.0
755.85 4.0
757.0 75.5
756.5 705.5
759.31 439.1
758.2 1006.4
764.5 245.0
770.67 729.33
772.2 466.4
772.83 534.17
774.0 499.5
773.67 682.67
774.5 554.0
777.67 845.33
778.5 660.0
782.0 1070.25
782.5 429.0
782.6 615.8
783.5 30.0
784.0 490.8
784.0 932.5
786.0 353.29
787.0 34.0
787.0 628.5
788.0 528.75
789.0 897.5
790.33 559.67
793.13 654.5
793.0 1033.5
794.71 258.0
795.91 447.09
795.33 546.75
795.75 908.33
797.5 489.0
802.5 602.5
805.0 581.5
806.71 533.0
807.5 928.5
808.67 551.33
809.5 584.0
809.0 671.0
812.0 352.0
814.67 148.11
813.67 992.67
817.0 135.0
817.5 452.2
819.0 394.5
818.75 616.0
818.5 866.5
819.0 487.5
820.0 196.5
820.8 491.4
824.35 551.7
823.2 344.5
824.0 173.0
825.33 333.67
826.0 526.0
831.5 840.5
834.0 384.5
836.0 58.5
842.24 563.76
841.5 143.5
843.14 880.19
842.2 944.4
849.11 893.81
845.09 810.91
845.5 381.0
845.0 434.5
848.19 1000.93
846.0 719.5
848.2 479.4
849.0 222.5
852.91 497.22
852.5 324.0
854.67 205.33
855.0 292.5
857.0 366.5
859.75 328.0
860.8 515.4
862.0 442.0
865.25 309.0
866.5 484.5
870.5 293.0
870.5 841.5
873.5 490.5
875.5 625.0
875.0 982.5
877.0 85.0
877.0 846.25
879.0 274.0
878.5 350.0
878.67 460.33
882.55 949.64
883.12 1032.12
883.0 492.5
894.16 526.44
887.0 642.0
886.5 860.0
891.58 124.45
889.75 728.0
893.0 849.0
894.0 160.71
895.3 1015.3
896.0 361.8
896.5 200.0
900.12 585.88
900.5 140.5
900.4 679.8
902.0 625.0
904.0 743.0
905.0 131.5
906.33 514.33
906.5 975.5
908.0 25.5
911.33 557.67
911.5 606.0
912.12 753.12
914.5 436.5
917.29 29.0
918.0 177.5
924.0 276.5
924.0 376.5
926.5 944.0
927.5 637.5
931.0 0.5
931.5 663.5
933.29 854.0
932.5 872.5
935.0 313.29
937.67 481.78
936.5 641.5
938.75 531.0
942.5 595.5
943.75 379.0
944.0 217.5
944.67 228.67
948.5 884.5
951.5 152.5
952.93 399.6
952.8 298.6
952.83 799.17
957.5 381.5
959.0 408.0
959.5 506.5
963.71 1014.71
962.0 176.0
963.5 815.0
967.67 409.33
969.0 721.5
975.2 394.0
975.0 750.0
975.71 157.0
978.6 884.2
980.0 59.5
980.0 715.5
984.0 686.5
986.0 258.0
986.5 614.5
991.5 694.0
992.5 221.5
1000.0 781.29
1002.15 954.38
1000.67 673.67
1007.67 690.43
1000.0 796.0
1001.5 602.0
1004.36 510.45
1004.0 665.71
1004.0 724.5
1005.5 256.0
1008.0 661.71
1009.5 862.5
1011.4 984.8
1013.12 196.88
1015.33 476.33
1015.25 573.0
1017.5 231.5
1019.67 175.33
1020.8 717.6
1020.0 1006.5
1022.2 492.6
1025.5 791.5
1026.88 23.12
1027.5 187.5
1029.5 730.5
1034.5 157.17
1032.71 674.0
1032.5 1035.0
1033.75 365.0
1034.2 609.4
1034.5 795.8
1034.5 54.0
1035.59 861.88
1039.0 446.63
1036.8 204.4
1037.83 762.0
1039.0 516.0
1038.5 711.5
1039.5 270.0
1040.5 685.71
1040.0 755.5
1045.0 567.5
1048.29 324.0
1051.0 477.29
1047.6 733.2
1047.5 793.5
1049.8 1053.6
1051.0 975.5
1054.0 173.75
1055.71 587.0
1057.5 445.0
1060.39 801.48
1059.0 902.0
1060.0 783.5
1063.67 807.67
1063.5 930.0
1064.5 428.5
1065.0 737.0
1071.5 162.0
1074.0 1067.79
1075.88 266.12
1078.0 362.5
1077.5 655.0
1084.71 309.0
1086.5 724.0
1090.0 326.5
1093.79 798.37
1095.0 997.5
1097.6 426.2
1104.72 75.89
1108.84 363.84
1109.17 95.17
1108.67 723.67
1109.0 797.5
1111.0 46.5
1111.12 146.88
1110.0 296.5
1110.4 876.8
1113.2 299.4
1114.0 817.5
1115.71 825.5
1117.88 743.12
1118.67 831.33
1119.0 344.5
1121.38 117.75
1122.5 645.0
1124.0 558.5
1130.0 285.0
1130.33 335.33
1133.0 503.29
1134.5 52.5
1134.67 822.67
1136.0 947.8
1138.5 619.0
1141.33 979.67
1146.4 786.2
1147.5 459.0
1148.06 1022.69
1149.0 955.25
1151.0 443.75
1152.72 264.11
1151.33 802.67
1152.5 616.5
1155.4 787.4
1157.5 982.5
1157.5 1069.0
1161.2 433.6
1161.17 751.83
1161.5 12.0
1162.5 677.5
1162.8 95.4
1164.0 978.5
1166.0 127.5
1165.71 429.0
1166.5 215.0
1166.33 740.33
1169.88 458.12
1172.0 446.5
1171.5 957.5
1172.67 682.67
1177.05 737.9
1178.29 811.0
1181.18 985.18
1181.5 177.5
1185.0 849.13
1186.33 357.67
1188.88 785.88
1191.0 426.5
1192.17 17.83
1192.5 991.0
1195.0 985.5
1196.5 1060.0
1200.0 191.0
1200.5 123.5
1202.5 665.8
1203.5 864.0
1203.67 890.33
1206.0 471.5
1207.0 802.29
1208.09 337.64
1210.0 726.5
1208.67 1008.67
1210.5 541.0
1211.0 67.5
1217.04 514.76
1211.88 755.88
1212.5 139.0
1216.5 686.0
1217.0 726.0
1229.6 160.2
1229.5 975.0
1230.0 146.5
1230.88 734.12
1231.5 175.0
1231.5 267.5
1235.0 374.0
1237.89 342.78
1235.0 836.5
1235.0 1071.5
1236.5 169.0
1237.5 80.5
1238.89 498.28
1237.5 657.5
1239.29 622.0
1242.5 308.2
1241.5 897.5
1243.6 483.2
1249.0 655.5
1251.5 577.0
1251.5 679.0
1252.0 808.29
1251.5 1063.5
1253.0 532.5
1255.91 766.09
1255.17 843.83
1254.33 960.33
1256.5 886.22
1257.33 669.83
1257.0 722.5
1257.5 371.0
1257.5 1030.0
1258.5 84.5
1258.67 407.67
1258.83 913.83
1262.88 287.88
1260.5 584.5
1260.0 677.5
1263.55 335.36
1264.5 87.0
1267.0 521.5
1266.0 862.5
1270.0 266.5
1272.0 869.71
1272.75 553.0
1282.0 543.75
1285.33 1031.33
1287.12 925.88
1291.22 78.5
1290.62 593.38
1291.33 442.33
1291.8 983.6
1292.71 192.0
1294.5 719.0
1295.0 467.5
1295.5 608.5
1297.6 725.8
1299.0 77.5
1299.5 1027.5
1300.88 872.12
1301.5 978.0
1304.5 135.5
1304.5 327.5
1306.5 828.5
1306.0 957.5
1308.41 102.88
1312.66 221.29
1309.75 836.0
1312.5 771.5
1317.5 710.0
1320.74 997.41
1319.0 828.0
1325.5 500.0
1326.5 502.5
1334.0 345.0
1334.25 873.0
1337.5 500.0
1340.4 1022.2
1341.33 666.33
1344.0 1050.0
1347.5 324.5
1348.12 549.88
1347.5 891.0
1349.2 789.4
1352.21 848.21
1356.62 1015.62
1356.33 41.33
1357.5 786.5
1360.0 730.0
1362.12 240.88
1361.5 880.0
1361.5 955.0
1363.0 53.0
1363.12 425.12
1366.0 327.5
1366.33 870.33
1368.0 127.0
1370.38 204.62
1374.0 672.5
1378.89 781.17
1378.5 750.0
1379.5 59.0
1379.67 306.33
1384.5 939.0
1385.25 407.0
1394.05 1060.74
1391.5 774.5
1392.5 657.5
1393.6 735.8
1394.5 237.0
1398.67 641.33
1401.0 315.5
1404.33 1008.67
1415.0 740.0
1415.0 878.75
1415.33 895.33
1417.5 679.0
1418.2 735.4
1420.31 289.08
1419.0 636.5
1419.0 681.5
1420.17 867.83
1423.0 810.71
1423.6 278.2
1430.23 709.43
1432.53 997.65
1438.0 198.2
1439.55 673.42
1439.67 1048.67
1444.5 628.0
1444.67 867.67
1444.0 911.5
1445.5 644.0
1447.5 405.22
1447.5 127.0
1449.95 103.05
1451.33 914.33
1453.8 272.5
1459.0 507.5
1460.88 189.88
1464.5 333.5
1466.0 156.5
1467.5 589.0
1467.5 943.5
1470.0 767.0
1474.59 38.26
1474.5 380.0
1475.5 403.0
1475.0 711.0
1480.0 933.5
1482.0 940.0
1483.5 1069.0
1484.0 911.5
1489.12 955.88
1490.0 780.25
1492.67 553.67
1499.2 325.4
1499.0 314.5
1502.0 1042.5
1502.5 202.5
1503.67 761.75
1503.5 483.0
1503.6 813.2
1504.5 808.0
1505.33 1058.33
1509.43 490.33
1509.5 926.0
1509.5 1040.0
1510.0 603.0
1519.5 600.5
1525.71 551.0
1529.0 186.71
1529.75 648.0
1530.5 879.0
1530.33 520.33
1531.33 945.33
1532.5 400.5
1533.5 205.0
1534.38 564.38
1534.67 353.67
1534.0 436.5
1537.0 953.75
1540.33 190.33
1543.0 1075.5
1544.0 610.5
1546.0 486.5
1545.5 677.0
1549.5 580.5
1552.8 566.4
1553.5 899.8
1556.5 17.5
1560.4 833.2
1561.5 933.0
1561.71 961.0
1563.75 137.0
1564.88 825.88
1565.46 1005.15
1566.5 732.5
1569.0 827.0
1581.07 713.33
1581.25 752.0
1587.58 858.66
1583.5 845.0
1584.75 878.25
1587.6 553.2
1590.33 93.33
1594.5 846.5
1595.5 187.5
1596.5 966.5
1599.0 848.5
1602.0 720.5
1602.67 193.67
1604.0 809.5
1605.0 377.5
1609.12 78.12
1609.0 189.0
1609.0 940.5
1612.67 379.33
1617.24 607.0
1618.5 389.0
1619.0 380.5
1622.55 1073.36
1622.5 567.5
1623.5 478.0
1626.0 241.5
1627.0 1049.0
1627.6 615.8
1632.0 261.0
1630.4 641.8
1632.5 556.5
1635.59 673.0
1634.5 1072.71
1642.0 820.5
1641.0 1001.5
1649.17 837.83
1649.0 538.5
1650.87 846.47
1653.83 704.17
1655.4 593.2
1656.5 639.0
1660.33 876.33
1661.8 1007.0
1672.52 618.93
1665.0 244.5
1668.67 137.67
1671.4 868.2
1672.83 973.17
1675.5 555.0
1679.5 174.5
1680.0 652.5
1681.5 759.5
1686.0 337.5
1686.5 535.0
1687.67 428.67
1694.5 263.5
1695.33 208.67
1697.33 608.67
1698.2 854.5
1700.0 1003.5
1704.67 28.67
1705.33 473.67
1717.3 128.91
1717.29 368.0
1716.5 860.0
1730.8 753.6
1732.0 788.8
1732.81 1032.14
1733.12 26.88
1734.5 237.0
1735.8 881.4
1742.0 567.5
1745.0 231.5
1751.5 375.0
1753.29 591.0
1758.33 462.89
1759.5 603.0
1761.5 264.0
1764.84 129.84
1765.0 881.5
1766.4 504.8
1766.5 917.5
1772.5 950.0
1780.0 1037.5
1782.0 77.5
1782.0 865.25
1786.78 401.5
1787.5 905.0
1789.18 874.82
1789.5 487.0
1797.11 318.33
1797.5 140.0
1801.33 203.67
1803.5 316.5
1807.0 300.0
1812.22 665.67
1821.19 31.54
1816.5 314.5
1819.5 562.0
1820.4 261.8
1822.5 325.0
1823.0 441.5
1825.0 222.0
1826.33 132.67
1826.0 847.5
1829.33 218.67
1833.0 2.29
1834.0 387.0
1840.5 376.5
1845.25 563.0
1846.0 882.0
1851.8 498.6
1863.5 158.29
1862.5 739.0
1870.36 626.91
1879.17 994.83
1881.0 868.2
1880.5 959.5
1883.5 623.5
1884.0 1001.5
1889.5 286.5
1891.0 872.0
1892.5 901.0
1896.4 243.4
1895.0 896.0
1899.29 728.0
1898.5 734.0
1909.33 944.33
1910.0 837.5
1911.4 312.2
1917.89 136.67
!