15.88 702.12
24.63 418.05
23.5 528.5
26.8 823.0
39.29 698.14
43.0 39.0
43.29 845.0
49.5 534.0
57.0 18.33
56.71 969.0
61.1 517.32
59.5 921.5
67.0 149.5
68.2 664.4
70.0 190.5
71.8 563.6
74.2 270.5
75.4 701.8
79.83 153.83
93.61 241.22
93.0 864.2
94.83 577.83
96.71 361.0
102.0 918.5
106.5 95.0
109.0 1019.5
110.5 531.5
110.0 764.5
111.0 1053.75
115.33 543.67
122.71 544.0
127.33 743.11
128.5 57.5
132.5 169.0
134.0 84.5
135.0 682.71
136.71 761.0
137.18 997.82
138.88 600.88
144.85 136.85
147.05 97.65
144.4 337.2
149.82 180.06
148.0 906.5
152.94 407.19
153.5 429.5
153.67 459.33
155.5 485.0
157.5 223.0
159.0 259.0
160.5 796.5
165.47 901.31
165.8 327.6
173.0 868.5
183.0 1067.5
189.16 454.7
189.5 633.5
190.25 593.0
191.5 1044.5
196.5 1038.5
195.5 117.5
195.71 344.0
197.0 172.5
197.6 356.8
199.12 593.12
201.17 639.83
209.5 180.0
208.5 812.5
212.0 327.0
212.0 899.0
213.0 6.71
225.58 464.83
216.5 1064.5
230.5 919.0
236.67 215.67
240.0 378.29
243.33 329.17
242.5 769.0
251.0 762.0
255.91 957.0
254.85 73.23
254.0 102.0
262.5 624.5
260.5 821.5
261.5 237.0
264.0 4.5
264.0 912.5
267.5 460.0
272.57 629.17
277.66 704.61
279.0 85.71
284.0 90.0
283.0 816.5
286.5 36.0
287.0 115.5
293.33 358.11
294.0 468.0
294.5 537.0
298.0 566.5
305.4 1049.2
312.0 420.8
314.5 507.5
316.0 870.5
318.83 1023.5
326.33 190.33
339.94 727.45
334.4 640.8
338.89 448.41
351.5 650.0
354.83 61.17
355.0 995.5
358.0 873.0
362.5 734.0
365.67 692.67
366.5 196.0
372.0 637.5
373.67 976.75
375.0 416.5
376.83 446.17
376.5 472.5
379.74 280.59
380.66 142.24
383.83 718.0
386.17 584.17
393.5 359.5
396.8 983.6
398.29 264.0
397.33 712.67
400.5 98.0
401.8 173.6
401.0 1008.5
406.88 898.12
418.7 879.7
422.28 83.41
427.78 228.56
432.5 703.5
434.0 636.25
438.15 827.15
439.6 745.44
439.6 882.6
442.5 940.5
447.0 170.0
449.29 713.0
457.5 10.0
457.5 654.5
460.0 796.5
461.33 245.33
463.67 217.67
465.0 990.5
467.12 116.88
467.0 389.0
468.6 758.2
471.5 572.5
480.0 323.29
484.5 301.0
485.0 363.0
485.33 449.33
487.2 517.6
492.5 258.5
491.5 765.5
493.67 500.33
500.23 423.0
501.0 88.57
502.0 612.0
505.33 530.33
506.71 850.0
508.0 247.0
512.0 478.0
521.53 228.9
523.33 920.33
526.0 831.0
528.0 610.25
531.67 447.22
538.38 639.62
542.1 528.9
541.2 97.6
540.0 417.0
543.87 334.71
543.62 469.38
544.29 378.0
547.5 454.0
551.0 693.0
555.0 271.0
557.5 929.0
559.5 246.0
561.88 111.12
563.5 368.5
563.12 212.12
568.67 259.89
569.21 903.63
579.08 728.59
583.12 392.12
582.5 656.5
586.4 143.2
591.5 469.0
593.5 863.2
593.12 1058.12
595.0 760.17
602.5 234.0
605.0 679.5
607.33 215.33
607.5 330.0
613.15 608.94
611.5 882.0
615.0 1012.5
617.67 343.67
618.5 283.0
622.67 498.11
623.5 924.0
624.0 927.0
626.0 259.75
632.5 369.5
636.83 252.83
636.0 912.5
648.5 952.5
651.5 834.0
659.08 646.92
658.67 314.67
660.64 440.91
661.08 857.5
661.71 21.0
661.5 775.5
662.5 690.0
664.0 886.71
664.0 123.5
665.25 871.0
668.75 384.0
670.5 790.8
671.67 934.11
672.0 1023.0
672.67 277.67
679.88 920.88
682.5 895.22
690.8 565.4
697.12 887.12
699.92 140.97
705.0 662.23
702.5 959.5
709.21 906.86
710.29 552.5
710.0 830.5
715.0 595.25
715.0 477.5
723.33 226.44
722.67 180.33
722.83 503.17
730.33 230.33
732.79 355.0
732.5 390.0
733.5 360.5
739.0 467.8
743.0 786.2
752.71 234.0
757.2 779.0
757.75 1045.33
760.94 168.25
761.5 555.0
763.5 654.0
769.0 302.5
773.0 579.5
773.2 594.5
774.67 755.33
779.0 1053.5
782.5 823.0
786.5 328.0
790.5 244.0
791.17 300.0
791.0 936.5
793.12 388.88
797.0 359.0
800.0 78.5
806.5 744.5
808.75 935.0
815.11 203.72
827.0 163.0
826.88 735.88
827.67 354.33
830.0 826.5
836.13 28.95
834.75 587.0
836.4 773.2
839.8 288.6
842.4 118.7
842.67 939.33
850.4 260.8
854.5 432.5
856.5 250.0
862.0 704.5
866.75 78.67
873.19 837.38
875.17 361.83
882.0 956.5
888.0 57.5
895.2 838.5
898.5 1006.5
906.0 769.5
907.5 246.8
911.33 758.67
916.75 314.75
918.5 605.0
926.5 1014.0
927.5 690.0
929.33 766.33
930.5 307.0
930.33 518.67
932.0 740.71
933.5 239.0
937.53 1011.13
939.0 983.5
942.67 558.67
943.25 668.75
948.16 609.84
951.5 696.0
953.78 246.5
953.67 957.67
954.5 778.0
956.5 858.5
956.5 476.5
958.0 813.0
963.12 503.88
966.33 122.57
963.5 170.0
967.5 894.0
974.0 632.5
977.5 79.0
977.5 617.5
979.5 688.0
986.33 68.67
991.5 47.5
993.12 128.12
994.33 101.89
994.0 642.5
995.0 977.0
996.17 1007.83
997.5 99.0
1003.2 413.6
1008.72 278.0
1006.5 389.0
1011.4 502.8
1012.5 858.5
1015.5 17.0
1020.55 63.24
1017.2 534.6
1017.2 940.4
1020.5 252.5
1029.5 321.5
1029.5 425.0
1029.0 914.5
1034.57 158.68
1032.0 172.5
1040.38 221.62
1041.71 635.0
1043.83 674.17
1051.24 834.38
1052.5 425.0
1061.86 227.32
1068.6 79.2
1070.82 781.82
1072.5 960.5
1074.29 25.0
1079.25 675.68
1081.0 797.5
1087.23 322.43
1085.25 271.0
1085.0 860.5
1087.67 475.33
1092.5 860.0
1093.71 967.5
1101.0 671.5
1103.5 724.0
1106.62 800.49
1109.35 712.7
1107.79 843.0
1106.5 1014.0
1107.5 189.0
1113.38 113.38
1116.5 662.5
1123.0 422.5
1128.76 311.24
1127.5 897.5
1129.71 304.0
1130.0 501.0
1134.83 9.17
1137.0 542.5
1141.88 433.12
1141.8 509.4
1143.5 596.0
1147.5 831.0
1153.0 767.5
1154.5 388.5
1153.67 1073.67
1155.18 357.82
1157.0 894.75
1157.5 301.5
1161.5 896.5
1163.0 524.5
1166.88 939.12
1169.0 497.0
1175.17 778.33
1175.33 315.33
1178.67 535.33
1184.75 336.25
1185.94 459.42
1188.85 202.37
1190.25 61.0
1193.0 124.5
1191.0 662.5
1198.5 600.0
1200.71 412.5
1199.25 1057.0
1202.28 586.89
1206.0 459.0
1204.71 952.0
1207.2 37.7
1208.75 1064.0
1211.5 928.29
1213.33 644.5
1214.0 526.5
1215.0 831.8
1216.0 222.0
1215.0 992.0
1217.67 976.33
1219.5 971.5
1223.25 248.75
1226.92 1012.92
1227.29 786.5
1230.5 921.5
1241.33 759.67
1243.67 292.67
1247.5 329.0
1248.12 1073.12
1248.6 41.2
1254.26 340.0
1250.0 856.5
1250.33 892.67
1252.0 847.0
1257.0 53.5
1259.0 180.0
1261.4 595.6
1266.5 383.5
1270.0 467.5
1272.29 256.0
1272.71 354.5
1274.5 598.0
1276.59 391.12
1280.0 272.5
1281.0 665.71
1281.0 1022.0
1281.5 483.0
1281.8 890.4
1285.83 113.83
1293.0 10.25
1293.0 448.5
1295.8 83.6
1297.0 684.71
1300.9 1074.34
1299.5 916.5
1303.12 1037.88
1306.2 675.4
1319.88 586.88
1326.0 322.5
1327.0 373.0
1330.64 178.55
1329.0 223.5
1329.0 678.5
1329.5 858.0
1333.0 548.71
1335.58 522.42
1336.33 722.25
1340.5 977.0
1343.2 447.6
1342.5 816.5
1344.2 97.5
1344.5 767.5
1346.5 710.5
1347.67 475.33
1353.2 958.6
1354.78 1047.5
1357.5 253.0
1365.33 878.67
1366.67 376.33
1367.5 973.0
1377.5 741.5
1383.78 363.56
1383.67 970.33
1386.5 894.0
1391.5 122.5
1405.33 686.33
1407.5 502.0
1410.0 234.5
1412.0 252.0
1415.33 144.67
1416.5 1034.5
1420.5 1074.0
1421.8 90.4
1428.33 934.17
1429.29 260.0
1428.5 947.0
1431.4 772.2
1434.0 780.5
1440.58 305.25
1444.5 965.0
1447.5 256.0
1447.75 891.0
1459.0 262.21
1460.33 161.33
1467.0 674.5
1468.2 426.4
1468.6 955.8
1470.33 74.67
1470.0 115.5
1472.5 353.0
1480.38 554.93
1477.5 725.5
1485.0 153.5
1486.5 331.0
1488.2 642.6
1489.0 242.5
1491.5 166.5
1493.68 707.24
1494.0 18.5
1495.0 247.5
1498.29 293.5
1499.0 137.0
1498.5 263.0
1502.0 675.25
1505.5 951.0
1509.5 140.0
1517.08 735.0
1521.5 707.5
1522.5 118.0
1525.0 71.5
1532.0 377.0
1536.5 327.29
1538.2 950.4
1538.75 1073.25
1541.0 51.0
1541.4 190.8
1547.5 716.5
1549.33 224.67
1549.0 667.5
1549.0 757.0
1553.25 589.33
1554.5 192.0
1555.0 951.5
1557.5 346.0
1558.6 176.2
1562.63 952.79
1564.5 310.0
1568.35 695.47
1566.5 958.0
1569.5 519.0
1572.13 60.53
1573.2 195.4
1577.91 698.22
1576.88 864.88
1580.17 592.33
1580.5 212.5
1584.68 866.68
1583.75 976.0
1583.5 1044.5
1593.6 648.8
1598.2 153.6
1601.0 277.0
1600.5 907.5
1602.0 295.8
1602.5 575.0
1608.5 794.0
1611.0 720.25
1613.07 143.4
1611.33 469.33
1614.0 797.67
1611.0 802.5
1622.0 42.5
1623.5 80.5
1625.8 882.6
1630.5 651.0
1632.83 143.33
1633.88 984.41
1634.33 516.75
1645.33 637.67
1650.0 926.71
1656.0 48.75
1656.0 463.0
1658.87 748.94
1657.12 93.12
1658.0 267.71
1657.5 1051.5
1665.91 1051.91
1665.8 317.5
1665.33 557.67
1669.0 135.5
1672.0 541.5
1675.91 857.91
1676.5 556.0
1680.64 29.91
1688.79 114.36
1688.5 379.5
1697.71 912.0
1707.0 32.0
1718.91 473.3
1721.1 177.9
1720.5 863.5
1723.6 967.2
1730.41 831.26
1728.29 1050.0
1729.2 406.4
1730.33 507.67
1730.8 926.4
1740.0 456.0
1741.5 1005.5
1744.0 108.0
1746.0 325.29
1748.6 278.2
1749.5 513.5
1757.64 325.45
1758.12 632.88
1761.5 79.0
1764.0 651.5
1773.2 250.4
1796.5 400.0
1796.33 674.33
1801.16 52.03
1803.0 15.5
1803.0 1009.0
1804.71 106.0
1804.89 1050.33
1808.0 121.5
1807.0 920.5
1807.5 410.0
1808.75 561.0
1810.33 612.2
1810.0 267.5
1812.5 113.0
1811.5 542.5
1812.0 695.0
1811.5 708.0
1812.5 931.0
1821.71 751.0
1822.0 1001.0
1822.5 839.0
1826.71 148.5
1830.0 661.0
1829.0 980.5
1830.83 709.83
1836.5 106.29
1837.5 270.0
1841.68 920.86
1840.0 674.5
1842.0 582.5
1843.6 42.2
1850.59 931.12
1859.5 554.5
1865.12 222.12
1866.0 147.0
1869.0 322.8
1873.0 431.71
1876.5 101.5
1876.5 509.0
1878.25 1057.0
1880.0 248.5
1881.33 344.67
1884.0 825.5
1885.17 931.0
1888.5 609.5
1893.67 752.67
1895.5 827.0
1910.0 323.5
1912.88 1001.88
1916.5 450.0
!