3.29 1046.5
4.6 773.2
6.8 896.4
6.33 1078.67
11.33 73.67
11.33 500.33
15.82 436.18
15.0 240.5
20.38 630.62
23.33 100.67
23.67 670.33
24.0 552.5
27.0 316.0
27.67 881.33
29.0 991.5
32.67 208.25
34.33 275.33
36.33 129.33
43.5 378.8
43.5 827.5
45.0 151.5
44.8 631.4
49.0 978.0
51.0 410.5
52.5 466.5
59.92 1064.37
65.33 396.33
69.83 763.76
69.83 650.17
78.4 151.6
84.33 458.67
84.75 469.0
89.0 1032.0
93.71 243.61
92.0 430.0
91.33 537.67
92.0 619.0
98.75 769.0
104.5 783.5
107.0 931.0
106.33 1040.33
108.5 383.5
117.5 8.29
116.5 1020.0
118.0 629.5
117.5 664.0
117.67 732.67
123.0 237.0
123.67 255.33
125.89 942.33
126.33 649.67
127.67 965.67
132.12 511.88
134.5 880.0
136.5 550.0
143.5 508.0
146.11 1077.58
148.0 1029.29
150.5 880.83
152.5 1029.5
159.24 49.38
157.5 600.0
165.8 506.4
167.6 825.8
169.4 703.2
173.6 675.8
175.5 1071.29
183.67 563.67
187.67 112.67
193.2 800.4
193.0 963.5
194.83 724.83
197.2 87.6
199.0 498.5
199.67 540.33
201.5 474.0
201.5 692.0
206.5 337.5
207.5 24.0
209.0 278.5
210.4 97.2
210.0 282.0
212.0 513.0
213.12 485.12
215.33 969.33
219.71 887.0
223.67 330.33
225.17 180.67
228.67 309.67
235.67 863.11
237.75 31.0
240.5 724.0
244.5 1056.5
248.91 630.7
249.5 201.5
250.0 298.0
251.8 348.6
253.5 474.0
254.0 507.5
255.0 863.5
259.5 840.0
262.29 30.0
265.41 1001.28
264.5 400.0
266.33 199.67
276.71 666.0
276.5 770.0
278.25 0.25
280.5 99.0
283.4 504.0
286.4 870.8
293.5 450.0
296.71 175.5
296.5 309.5
305.33 105.89
309.67 383.67
309.0 497.0
310.0 983.8
315.11 603.72
315.67 10.17
316.5 727.5
324.5 242.5
327.0 556.5
327.0 947.2
334.5 261.5
339.5 25.0
340.5 980.0
342.0 763.5
345.33 281.33
346.4 171.8
349.62 377.62
349.0 356.5
356.5 126.0
363.67 294.67
364.5 150.0
366.5 256.0
367.5 640.0
367.5 869.0
368.6 779.2
371.05 906.9
371.5 816.5
378.17 873.5
382.67 466.33
383.0 547.5
389.76 602.96
385.5 725.0
392.5 848.5
393.75 911.0
394.6 543.2
397.0 280.0
397.5 217.5
399.17 0.67
413.2 679.4
421.24 548.76
422.5 15.0
429.0 798.5
431.33 202.67
432.0 845.0
435.0 127.0
437.0 929.0
437.5 47.5
440.0 1009.5
443.5 659.0
446.0 437.29
445.8 996.4
447.5 74.0
449.5 210.0
450.0 909.5
457.84 171.82
453.0 498.0
452.8 826.4
455.0 227.5
455.0 848.5
460.48 489.89
461.0 746.0
470.83 819.0
469.0 1066.71
469.83 942.83
472.5 1016.0
480.4 457.2
483.5 237.0
484.0 266.5
485.0 488.75
492.2 119.6
491.5 589.5
494.89 417.33
495.53 822.13
499.0 777.0
504.0 127.5
510.5 202.5
510.33 875.33
522.5 325.0
526.71 406.0
535.12 1070.88
537.18 379.27
536.8 929.5
540.0 255.5
541.25 523.0
544.0 912.71
552.67 822.74
552.29 477.0
554.2 970.4
554.0 532.5
556.0 734.25
559.2 699.6
558.33 1047.67
561.33 202.67
561.5 494.0
562.5 862.5
566.33 620.33
569.5 585.0
570.8 111.4
572.53 703.13
577.5 383.0
580.0 756.5
587.07 259.65
586.0 669.5
590.0 981.25
590.33 372.33
594.5 709.0
597.5 395.0
598.0 217.5
600.8 505.0
601.5 477.5
602.09 773.73
602.5 261.5
603.12 312.12
604.0 748.0
604.0 207.0
607.5 945.78
607.5 117.5
614.69 309.61
617.29 255.29
613.0 632.0
614.0 146.5
616.5 387.5
620.5 301.5
628.12 572.13
622.5 816.5
623.67 343.67
627.29 975.71
633.33 986.67
638.53 394.65
638.5 149.0
641.2 715.92
650.42 32.12
651.5 598.5
652.5 402.5
657.0 499.0
669.0 716.5
671.5 440.0
680.0 349.5
686.88 445.88
686.5 815.0
692.0 588.0
692.5 899.5
694.83 535.67
696.0 917.0
696.33 242.67
703.2 136.4
703.5 823.5
703.0 981.5
704.0 153.5
709.71 738.0
709.0 773.0
712.6 877.8
716.09 745.91
716.5 675.5
719.29 829.0
727.5 839.0
729.45 825.64
732.0 638.0
732.8 34.4
733.2 835.4
736.4 183.2
737.0 711.0
737.29 830.5
740.15 309.23
743.0 547.75
747.89 382.28
747.5 836.0
752.0 377.5
757.0 864.71
756.33 1046.33
757.5 95.5
761.5 576.71
761.5 1061.71
764.62 61.62
765.0 608.0
770.45 326.36
770.88 285.88
770.5 589.0
774.0 337.5
777.75 388.75
777.5 87.5
780.0 431.5
781.5 466.5
783.2 444.5
787.0 847.5
789.5 612.5
789.0 699.5
799.5 415.0
800.0 993.5
801.5 901.0
805.36 397.64
810.0 215.5
816.5 169.0
827.38 537.97
822.67 906.89
821.33 972.67
824.25 916.33
824.0 871.5
829.0 108.5
833.2 363.6
833.33 462.67
841.1 158.56
839.0 515.5
842.6 103.2
848.0 838.75
848.5 233.5
850.0 598.5
850.0 378.5
852.5 722.5
854.0 485.5
855.25 792.0
856.4 193.2
865.2 458.0
871.31 575.99
868.67 980.33
872.65 130.2
869.0 165.5
871.18 76.18
873.83 1009.83
874.0 401.5
875.0 364.5
876.5 700.0
885.33 55.33
886.5 146.0
886.5 383.0
890.0 675.5
892.28 697.59
895.97 905.2
894.84 255.16
893.0 357.5
893.5 624.0
896.0 28.75
896.5 5.0
898.5 966.29
898.6 1008.2
905.17 7.83
904.8 972.6
905.8 387.6
907.5 60.0
907.67 860.33
910.0 646.5
911.5 641.0
913.0 107.5
914.5 409.5
918.59 144.72
918.5 740.0
920.5 820.5
923.44 148.56
923.5 248.29
925.0 499.71
924.67 240.33
924.5 879.5
925.0 408.5
927.5 331.5
930.0 553.5
931.4 460.8
932.5 566.29
932.67 289.67
933.67 229.67
934.0 520.0
933.71 897.0
935.0 63.0
935.0 705.71
941.0 880.76
942.0 937.29
946.0 325.0
952.67 52.67
956.5 777.0
958.75 743.0
962.0 988.75
964.8 537.6
966.2 573.8
965.5 1006.5
966.33 1041.33
976.8 134.4
978.47 513.0
979.5 30.0
982.5 290.0
983.0 345.5
985.6 720.3
987.5 559.0
986.88 705.88
989.12 93.12
991.5 440.5
996.0 517.0
997.0 87.0
999.0 91.5
1000.8 406.4
1005.5 509.0
1007.63 77.79
1006.5 741.5
1007.5 693.0
1007.5 937.0
1009.0 859.5
1012.8 964.4
1013.5 954.0
1016.5 629.5
1018.0 1031.0
1020.33 280.33
1026.5 322.5
1026.5 746.5
1027.12 915.88
1029.5 657.27
1029.5 360.0
1033.67 553.67
1040.5 724.5
1040.4 595.8
1041.0 826.25
1047.2 206.4
1048.67 1004.67
1056.5 752.0
1057.0 1069.5
1059.33 892.67
1061.0 698.75
1061.5 149.0
1063.67 713.67
1065.71 656.5
1066.0 650.0
1066.0 894.25
1067.67 480.33
1075.0 372.0
1076.5 741.0
1080.33 558.67
1082.5 503.0
1083.75 315.0
1089.87 360.4
1092.67 371.33
1099.11 705.28
1097.5 1016.5
1099.0 23.0
1104.0 369.5
1109.5 594.0
1111.17 566.0
1110.0 27.5
1111.62 838.38
1112.5 964.0
1118.0 1056.0
1120.5 356.0
1121.29 487.5
1122.0 611.5
1128.5 639.0
1137.2 667.45
1136.0 376.5
1137.5 450.0
1138.0 660.71
1141.0 299.5
1143.0 1036.5
1144.0 694.29
1144.0 332.5
1148.5 527.0
1150.0 136.5
1152.0 867.0
1152.5 415.5
1156.8 363.0
1156.0 845.0
1158.5 479.0
1160.4 964.5
1162.5 440.0
1165.0 510.0
1164.67 964.33
1166.4 690.6
1168.6 787.4
1170.5 834.5
1171.5 758.5
1180.0 823.5
1182.0 932.86
1181.5 91.5
1184.0 791.5
1194.0 107.5
1196.5 207.5
1197.2 414.6
1197.7 926.7
1201.5 565.0
1202.5 326.0
1203.0 375.0
1204.09 579.09
1206.5 482.5
1208.0 418.5
1207.5 909.0
1214.77 613.77
1210.0 481.5
1214.5 170.0
1218.6 0.8
1219.6 26.8
1221.83 293.17
1222.5 371.5
1222.5 564.5
1229.86 855.21
1231.79 1002.37
1235.0 371.8
1235.0 518.75
1236.0 935.25
1240.0 436.5
1246.0 1070.15
1244.0 197.5
1248.0 795.71
1248.5 50.0
1251.0 624.25
1255.86 826.29
1255.0 984.5
1260.16 99.84
1259.67 746.33
1261.5 372.71
1264.0 884.5
1265.17 98.33
1266.45 227.36
1266.0 796.5
1265.33 859.33
1274.71 48.0
1277.31 229.22
1275.33 320.33
1283.5 490.0
1285.28 506.59
1285.0 875.5
1285.0 892.0
1290.4 105.8
1297.88 345.54
1292.88 518.12
1293.67 737.67
1295.0 1028.5
1296.8 371.4
1298.0 1044.5
1300.5 257.5
1305.7 499.63
1304.6 408.2
1311.72 1013.12
1310.33 453.67
1316.5 276.5
1317.5 238.0
1320.5 485.21
1323.12 353.12
1324.0 7.5
1326.5 491.71
1326.5 620.5
1328.0 1040.0
1328.0 976.5
1329.0 762.5
1330.0 484.5
1333.0 767.5
1333.5 775.0
1336.45 26.36
1338.75 500.0
1341.5 508.5
1348.0 592.0
1348.33 114.67
1351.0 254.0
1353.67 173.67
1356.22 296.5
1355.5 988.0
1357.5 632.5
1359.0 317.5
1364.0 859.0
1364.5 912.5
1371.33 539.67
1390.8 183.6
1393.5 542.5
1396.71 721.5
1402.5 834.0
1404.67 702.67
1404.0 910.5
1408.89 67.72
1408.0 672.5
1414.0 497.5
1414.0 562.5
1414.33 676.33
1414.67 950.33
1416.5 208.5
1417.0 425.0
1417.5 636.0
1420.0 179.5
1419.33 431.67
1422.5 185.5
1422.71 200.0
1427.33 383.5
1426.0 1050.0
1426.33 42.67
1427.0 273.75
1428.0 907.0
1432.67 1015.33
1438.0 10.5
1440.0 653.75
1442.5 19.0
1446.8 175.4
1450.5 434.2
1450.71 989.0
1453.29 33.0
1452.5 880.0
1454.0 456.5
1455.0 805.5
1461.2 923.6
1461.5 407.5
1464.71 460.0
1467.0 360.0
1468.87 188.53
1469.75 491.25
1468.5 653.0
1472.5 339.5
1473.0 570.25
1477.5 731.5
1480.25 226.0
1480.0 439.5
1482.89 48.67
1485.0 605.5
1486.5 329.0
1491.25 358.0
1486.5 754.0
1491.33 399.33
1492.5 866.5
1498.5 790.5
1503.0 663.0
1503.75 17.0
1504.5 492.29
1505.2 319.0
1504.33 849.33
1505.4 602.2
1508.57 456.23
1509.5 100.5
1512.5 132.5
1510.4 512.2
1512.0 925.5
1516.4 256.2
1523.5 551.29
1524.4 715.8
1527.2 353.6
1537.6 504.05
1537.0 276.0
1537.0 744.0
1538.14 809.71
1541.33 1067.33
1544.33 836.33
1551.5 756.5
1553.2 120.0
1554.5 947.0
1557.5 54.5
1558.76 637.76
1560.9 413.28
1560.0 661.5
1565.0 486.5
1565.0 533.5
1565.0 1064.5
1566.33 437.67
1568.5 270.5
1569.2 605.4
1574.5 821.5
1574.0 921.5
1580.5 633.71
1579.5 752.5
1581.0 310.0
1581.5 123.0
1582.15 782.54
1585.17 953.33
1585.25 328.0
1588.75 122.0
1589.5 682.5
1593.5 1044.0
1594.5 7.5
1596.72 939.59
1600.67 437.67
1601.5 231.5
1602.5 46.0
1604.5 85.0
1605.0 591.5
1605.0 650.5
1606.5 941.0
1606.5 463.0
1610.12 159.88
1612.0 185.0
1612.5 252.5
1615.47 993.35
1615.4 555.8
1615.5 984.0
1616.0 273.5
1616.4 347.2
1618.2 105.4
1624.0 260.5
1624.0 256.5
1624.67 517.67
1626.29 582.5
1627.71 119.0
1627.67 210.67
1632.13 83.13
1630.88 746.88
1639.31 615.2
1633.67 726.33
1634.0 895.5
1635.0 4.5
1637.5 795.0
1637.5 983.5
1640.0 666.5
1649.0 595.0
1650.88 337.12
1650.5 785.0
1654.0 704.0
1654.5 51.5
1654.5 196.5
1656.82 282.53
1655.0 1064.5
1657.0 245.0
1657.71 1053.5
1657.71 552.0
1657.71 763.0
1658.67 494.67
1661.5 65.0
1662.7 117.2
1662.5 375.5
1665.88 500.88
1669.42 829.67
1674.67 255.67
1678.0 712.75
1680.6 362.2
1683.0 462.0
1682.5 658.5
1685.0 62.8
1684.5 514.5
1686.5 741.5
1686.5 901.0
1689.64 917.09
1688.5 1041.5
1691.5 452.71
1695.17 754.17
1696.5 155.0
1696.5 255.0
1696.33 475.33
1700.0 964.5
1703.12 1022.12
1704.17 89.83
1707.0 271.5
1710.0 380.0
1713.0 757.5
1713.91 965.09
1713.5 935.0
1715.5 805.0
1718.63 369.63
1723.0 726.2
1724.5 677.5
1726.17 829.0
1725.0 133.5
1727.62 905.62
1727.33 682.67
1727.5 1074.5
1729.5 979.0
1730.0 297.5
1731.33 567.67
1733.29 178.0
1734.5 419.0
1739.17 298.83
1740.71 11.0
1743.33 387.83
1744.5 974.5
1746.0 14.5
1745.5 585.0
1748.0 125.0
1748.5 266.5
1749.0 805.0
1748.5 934.5
1750.75 374.67
1750.71 846.0
1751.5 365.0
1754.35 184.0
1755.0 145.0
1756.33 622.67
1764.43 989.93
1762.0 769.71
1764.0 601.5
1767.88 518.12
1776.0 447.71
1775.8 597.6
1777.5 532.0
1780.12 585.59
1780.0 892.0
1782.5 581.0
1787.5 2.5
1789.83 493.33
1792.0 107.2
1791.88 585.12
1798.29 142.0
1797.75 285.0
1799.5 920.0
1800.2 782.0
1799.5 882.0
1800.89 634.67
1803.29 707.0
1803.67 838.67
1805.71 161.5
1805.62 956.38
1807.64 591.11
1805.5 756.0
1809.5 519.5
1811.0 243.71
1813.5 1011.0
1819.83 984.0
1820.33 284.67
1821.4 58.2
1822.67 944.89
1823.12 376.88
1830.55 461.64
1824.0 736.5
1826.91 258.91
1826.6 405.4
1826.0 670.25
1829.64 1075.45
1833.12 273.12
1832.5 899.0
1835.29 609.5
1836.0 907.0
1837.5 407.0
1837.67 836.33
1843.69 915.22
1841.5 785.0
1843.29 180.0
1843.0 466.25
1843.0 669.5
1845.0 941.0
1845.5 5.0
1845.5 604.5
1846.5 540.0
1849.5 237.0
1848.0 947.5
1849.0 357.5
1854.57 137.0
1857.0 96.5
1861.5 790.29
1862.0 693.75
1862.33 329.67
1863.75 202.0
1864.0 619.29
1864.0 18.0
1867.67 802.67
1871.0 485.5
1871.38 47.38
1872.5 751.5
1872.5 894.0
1874.0 67.0
1877.12 350.12
1877.5 472.5
1884.2 39.33
1884.79 821.37
1883.5 968.0
1887.0 1070.5
1890.05 11.9
1888.91 947.64
1889.83 169.17
1890.2 388.6
1892.0 246.5
1895.5 26.5
1900.0 215.5
1900.0 997.5
1902.5 749.5
1905.4 518.2
1906.5 6.0
1906.0 306.5
1907.0 527.29
1909.0 465.25
1911.0 262.5
1911.5 413.5
1911.33 716.33
1912.33 85.33
1912.5 404.0
1912.5 887.5
1914.0 787.5
1917.12 523.12
!