0.5 79.0
1.2 198.0
0.0 577.5
0.8 672.6
4.86 821.19
8.89 400.45
8.5 965.5
8.67 42.67
9.5 345.0
10.0 446.5
10.25 620.0
11.5 228.0
11.4 1021.2
12.5 805.0
14.4 336.6
15.0 143.5
19.94 579.3
18.5 861.29
19.33 450.33
21.5 845.5
20.0 827.5
21.5 370.0
21.88 1061.88
24.4 596.2
26.56 400.33
27.2 645.56
25.8 655.4
26.88 611.12
28.0 419.75
30.0 236.0
31.5 377.5
33.0 81.5
32.5 111.5
36.0 726.43
34.5 282.5
34.0 657.5
35.4 873.2
37.73 363.15
36.33 407.67
38.0 207.0
40.0 985.71
41.5 1049.78
42.0 475.0
45.0 559.71
46.5 907.5
48.5 722.5
51.0 6.5
53.5 769.5
55.62 52.38
59.17 509.43
59.39 606.18
60.5 993.29
62.5 110.0
62.5 547.5
66.0 675.25
66.25 266.0
73.0 391.71
75.0 112.29
75.96 938.04
76.75 857.0
77.5 272.0
82.21 232.54
79.0 223.5
80.0 92.5
80.33 760.33
83.46 335.92
85.5 300.0
87.12 515.12
91.18 282.18
92.2 809.4
93.15 406.46
93.5 136.5
93.5 401.5
96.0 97.5
95.0 386.5
98.0 425.5
106.5 578.86
101.5 261.5
101.5 977.0
102.67 333.67
103.29 410.0
104.67 632.67
105.33 787.67
109.0 350.8
109.0 686.5
111.33 626.67
115.0 94.5
116.5 645.5
119.5 144.5
120.38 311.38
120.0 650.5
122.5 604.0
124.0 148.75
124.29 853.0
124.67 567.67
125.0 647.5
125.88 933.12
126.5 142.5
126.33 249.67
128.5 1047.0
129.5 26.5
132.71 222.5
133.0 976.71
135.0 491.8
137.5 215.5
137.2 106.0
137.12 181.88
136.71 295.0
137.0 601.5
140.85 856.37
141.09 784.09
140.5 125.0
140.0 410.5
142.12 746.88
142.5 327.5
145.32 418.36
145.0 131.5
148.29 330.0
149.0 111.5
149.0 256.5
149.5 786.0
150.5 1012.5
151.5 1045.31
150.5 526.5
153.33 303.89
152.67 662.67
154.0 62.0
154.0 514.5
154.5 565.0
157.36 554.45
156.5 814.0
161.68 608.32
160.8 490.4
163.0 888.75
164.53 248.13
166.33 447.67
167.12 1050.88
167.5 1069.0
168.75 530.0
169.75 246.0
172.44 604.9
169.5 957.5
173.0 359.67
175.5 175.5
177.5 592.5
178.0 222.5
179.0 368.0
179.83 666.83
179.0 779.5
180.11 867.33
180.4 436.8
181.5 40.5
184.5 704.5
183.0 884.25
184.33 55.33
187.0 682.0
193.83 147.18
187.0 614.0
187.0 670.0
186.5 724.5
187.5 986.0
188.5 954.0
189.33 553.67
189.0 587.5
190.8 546.4
194.79 470.64
195.0 382.5
195.33 545.33
197.2 425.4
196.5 953.0
198.33 646.33
198.5 820.5
198.67 848.67
199.5 334.5
200.83 306.17
202.0 773.29
202.67 438.33
204.0 755.71
206.0 9.5
205.0 477.0
208.2 158.6
207.5 380.0
211.12 802.88
213.5 982.5
214.0 159.5
214.5 942.5
214.33 951.67
215.88 43.12
216.5 50.0
216.5 513.0
218.5 129.0
222.0 556.0
222.5 620.5
226.83 219.32
225.0 830.5
226.5 517.5
229.8 867.92
228.67 663.67
231.5 1067.5
233.0 297.71
233.0 421.5
234.11 561.67
233.5 670.0
234.0 108.0
236.5 380.5
237.0 385.0
237.33 316.33
239.0 7.5
239.5 729.5
240.96 973.4
241.5 459.0
242.67 314.33
243.2 519.5
244.5 421.5
245.0 467.5
245.0 1016.5
250.5 824.0
250.0 279.5
263.07 879.71
258.7 1069.7
259.5 205.0
260.0 343.8
264.5 802.5
266.33 995.33
268.5 359.5
271.19 181.86
269.0 713.5
271.67 604.89
277.18 927.88
272.5 198.0
275.0 133.29
275.4 371.8
277.0 469.17
275.0 973.5
276.5 744.0
277.67 719.67
279.5 197.5
286.36 334.09
288.17 674.83
290.5 295.0
291.33 180.33
291.88 345.88
296.1 260.95
297.5 930.5
296.71 54.0
296.0 351.5
296.5 539.5
299.0 916.5
301.33 243.67
302.83 842.33
305.8 25.4
305.0 735.5
308.5 11.5
310.0 462.0
311.64 218.55
313.55 351.64
312.67 408.67
313.0 767.75
313.67 11.33
315.33 345.33
320.25 666.0
324.5 1014.21
325.5 296.0
325.33 1078.67
326.0 691.5
326.5 735.0
330.67 353.12
330.0 1053.0
330.5 965.5
333.36 1039.91
336.0 727.29
335.33 980.33
339.35 221.0
338.5 636.5
341.62 248.38
349.82 419.82
349.33 96.33
350.67 750.67
351.0 813.0
357.0 522.75
356.5 882.0
357.71 297.0
360.0 3.0
362.0 43.0
362.2 306.4
371.81 57.98
363.5 101.0
369.35 24.88
365.33 284.33
366.88 15.12
367.0 271.5
366.5 659.5
369.18 115.18
372.63 35.21
372.0 274.0
371.0 776.5
372.75 931.25
372.5 855.0
374.0 925.8
374.5 538.5
375.71 524.0
377.0 579.0
377.5 666.0
379.12 41.88
379.95 432.1
379.0 8.5
379.33 986.33
381.0 127.5
382.0 739.0
383.2 21.0
383.67 584.67
386.17 96.0
389.28 23.89
391.5 211.0
392.5 913.25
395.5 442.71
397.55 577.36
398.11 90.67
398.29 204.0
397.5 331.5
398.67 897.67
400.4 320.8
404.29 20.0
406.5 122.0
406.5 492.5
407.5 214.0
407.5 274.0
408.0 1026.0
409.67 371.33
411.88 700.88
411.8 6.4
413.2 990.0
412.5 1044.0
417.2 868.6
418.0 28.0
423.13 542.87
420.71 1036.0
421.5 129.0
423.33 320.17
427.0 92.71
426.33 1056.33
432.0 776.0
432.5 751.5
432.5 837.0
433.67 430.33
441.51 689.52
436.0 337.5
439.0 140.25
442.2 12.6
443.16 540.84
442.5 1.5
447.5 482.5
449.5 0.33
448.5 511.0
450.0 201.5
454.5 773.17
455.0 692.5
458.29 634.0
457.5 137.5
457.5 611.0
460.0 959.34
457.75 982.0
460.0 802.5
461.5 196.0
461.5 731.0
461.5 897.0
463.6 725.8
464.0 1076.71
464.5 787.5
466.0 443.5
466.33 325.33
470.0 221.71
469.4 281.8
470.5 887.29
472.38 254.38
474.0 225.25
475.0 117.0
483.54 850.51
477.5 447.5
478.0 888.75
480.0 358.29
481.0 1005.0
482.5 332.0
484.7 928.7
485.5 83.0
487.38 495.38
490.0 841.0
492.0 489.0
493.0 348.29
496.24 1026.24
496.5 157.5
497.5 284.0
497.12 318.12
496.4 1031.2
497.5 490.0
499.0 276.5
500.0 391.5
500.0 1018.75
501.5 314.0
502.67 113.67
503.12 753.88
503.5 581.5
504.17 749.17
505.5 154.0
505.5 259.0
506.5 743.5
509.17 18.17
508.75 952.62
511.0 790.25
511.25 118.0
513.29 848.0
515.0 1044.5
515.0 297.5
519.5 348.0
520.33 776.33
520.0 1001.5
524.0 254.0
524.0 1022.5
525.88 314.88
529.33 368.33
529.0 819.5
530.89 211.33
531.5 659.5
533.2 462.6
533.5 579.0
536.33 396.33
539.0 163.0
542.07 953.59
543.5 270.0
543.5 470.0
546.5 416.5
546.71 1043.0
548.8 243.6
551.11 92.11
550.5 149.0
551.88 136.88
551.0 195.5
552.0 947.5
552.88 931.88
557.12 348.12
557.67 802.67
557.5 1059.0
560.0 343.5
564.3 407.24
561.5 144.0
567.17 459.5
569.24 58.0
568.75 349.0
570.28 665.88
569.67 379.67
570.5 364.5
575.82 251.82
575.0 109.5
576.5 77.5
579.0 297.29
580.0 202.5
586.32 1012.92
582.0 192.29
585.0 560.0
588.6 918.2
590.0 489.29
590.72 563.89
590.5 730.0
590.33 814.67
595.0 430.5
597.59 969.16
601.48 124.35
598.5 195.5
598.75 722.0
599.0 461.5
600.0 254.5
603.0 592.5
606.5 977.5
605.33 582.67
607.0 779.0
608.5 616.5
608.5 754.5
609.5 762.5
610.0 1046.0
612.0 819.0
613.6 619.2
613.5 717.5
615.0 297.29
615.5 104.5
618.5 225.0
619.67 354.67
620.33 270.33
621.0 874.0
621.5 73.5
626.5 879.0
628.6 171.2
629.8 612.0
630.33 360.75
630.18 381.18
630.17 436.17
631.0 544.5
631.5 431.5
631.33 971.33
634.5 592.5
636.17 457.33
638.29 422.0
638.67 692.67
640.33 124.33
642.5 756.5
644.0 882.0
643.67 900.33
644.0 878.5
645.0 700.5
646.5 445.5
647.5 262.5
649.5 717.5
651.0 762.5
651.0 992.0
652.5 924.0
654.88 683.12
659.74 247.62
657.0 547.5
658.29 527.0
657.5 622.5
659.5 954.5
659.0 417.5
659.5 482.5
661.0 163.5
662.5 176.5
666.29 655.71
666.5 117.0
668.5 606.5
668.5 827.5
670.83 975.17
674.4 250.8
674.0 291.5
675.0 102.5
676.2 523.6
677.0 246.5
678.5 564.0
682.5 898.0
692.05 321.72
691.0 608.0
691.4 218.2
693.71 557.0
695.0 605.5
696.5 431.5
698.12 349.88
698.33 393.33
702.5 96.0
703.89 191.28
702.5 371.5
703.5 812.5
705.4 181.2
705.5 888.5
709.5 220.5
709.8 318.6
711.5 179.5
714.0 987.5
716.29 429.0
715.0 607.5
716.33 624.67
718.2 412.6
719.0 380.5
722.42 105.45
722.0 63.5
724.0 860.5
727.8 505.2
727.76 916.62
729.0 515.5
730.5 662.5
732.5 752.0
734.5 1045.5
736.29 165.0
736.0 883.75
744.5 964.5
747.21 435.29
744.0 801.5
745.25 670.0
751.55 30.69
750.93 353.86
749.0 863.0
750.0 935.71
750.0 491.5
752.5 440.0
752.5 638.0
754.0 736.5
755.5 246.0
755.8 840.4
757.67 764.67
757.5 829.0
759.33 298.67
760.83 778.17
761.5 813.5
763.0 296.25
762.67 869.33
762.0 1031.5
764.5 561.5
763.6 618.2
774.17 467.39
767.5 753.5
769.5 711.5
769.5 829.0
770.0 49.5
770.88 418.12
770.0 729.5
771.5 602.5
772.0 640.0
775.4 250.8
776.88 961.88
778.71 518.5
778.7 782.4
779.0 423.29
778.5 834.0
782.5 423.5
783.75 745.0
785.5 619.5
786.89 55.33
786.33 411.33
786.5 900.0
789.45 757.58
790.5 296.5
794.04 41.61
792.5 187.5
794.0 513.5
795.88 720.88
795.0 742.5
800.18 460.61
796.0 707.5
798.5 746.5
800.33 425.33
800.88 448.12
803.5 315.0
808.56 302.67
805.25 664.0
807.5 636.5
807.5 222.0
810.8 760.4
810.33 928.67
814.67 676.44
812.89 917.94
814.0 905.5
815.5 735.0
816.33 448.67
817.5 620.0
818.12 946.12
818.5 699.5
820.17 109.17
820.8 919.4
822.6 845.8
824.2 393.0
825.0 210.5
826.0 460.25
825.0 691.5
826.33 9.33
828.0 591.0
833.2 566.4
833.5 382.5
835.64 448.09
834.33 845.33
836.5 916.83
837.6 826.8
838.5 698.0
840.25 517.0
845.65 724.56
843.18 182.18
844.64 668.64
848.94 777.58
848.33 708.33
850.3 923.4
849.0 1020.5
851.17 896.17
851.33 828.67
854.0 1012.5
855.4 485.8
857.6 707.6
856.33 1046.33
860.5 794.0
864.0 568.5
866.8 497.6
868.0 679.0
867.5 818.5
872.2 765.4
871.67 807.83
873.0 576.71
873.5 897.5
874.33 182.67
875.5 1011.5
881.0 829.0
880.4 905.8
882.2 61.4
881.88 250.88
882.83 755.17
882.67 800.33
883.5 334.5
884.6 806.4
884.5 548.5
884.0 717.5
887.05 915.92
885.4 181.8
885.0 636.5
885.5 855.5
887.5 361.29
887.89 632.33
892.5 171.38
891.5 241.5
895.5 724.0
899.14 813.81
898.38 976.38
900.5 224.5
907.6 1057.2
908.33 789.33
913.0 453.0
914.0 692.5
914.0 696.5
914.0 707.5
915.88 791.12
916.88 821.88
917.5 14.0
918.5 990.0
921.71 668.5
923.67 501.33
928.82 407.25
924.0 507.5
928.0 69.5
928.5 987.5
931.86 905.5
929.5 14.5
932.38 1065.23
931.5 1078.5
934.0 467.5
936.0 26.0
935.5 826.5
936.25 1059.0
939.5 851.71
938.5 1055.0
940.5 517.5
945.5 693.5
947.5 250.5
949.91 718.91
949.5 842.5
950.5 780.0
953.67 214.67
955.4 91.8
955.5 187.0
955.0 517.5
960.14 686.19
959.0 676.5
960.0 849.0
959.67 921.33
960.33 236.33
964.0 961.0
964.0 718.5
966.5 994.0
968.29 1077.0
970.0 726.5
971.5 555.0
973.0 978.5
975.6 132.7
974.5 138.0
974.71 825.0
974.5 868.5
975.0 28.5
976.0 106.8
975.25 936.0
976.12 1047.12
977.5 671.0
981.5 704.5
981.5 1001.5
982.67 467.67
984.0 21.5
987.5 1064.0
987.79 345.0
987.5 673.0
988.5 1039.0
991.68 1046.32
990.33 958.67
994.0 663.5
996.2 1078.4
996.0 864.0
998.5 555.0
998.5 974.0
1002.12 451.12
1003.0 655.5
1005.42 133.11
1007.0 417.5
1007.36 472.09
1007.5 100.5
1009.0 66.8
1009.17 524.83
1009.0 661.29
1009.6 15.8
1010.38 20.62
1009.0 818.5
1012.33 981.11
1013.5 481.5
1013.75 561.0
1019.5 681.0
1020.33 674.67
1021.29 700.0
1020.0 776.5
1023.0 653.0
1025.38 488.62
1028.67 384.67
1030.33 1.33
1031.5 519.5
1033.5 747.67
1032.5 547.5
1033.0 949.0
1039.5 178.0
1039.38 1058.62
1040.71 191.0
1040.0 372.0
1043.5 282.0
1043.0 166.5
1045.5 640.5
1044.0 20.5
1044.67 970.33
1049.67 602.67
1051.5 4.0
1052.0 397.8
1052.0 622.5
1055.41 390.28
1053.8 710.4
1053.0 989.5
1056.0 280.25
1055.5 583.0
1058.29 596.0
1057.5 136.5
1059.04 185.39
1060.0 797.5
1060.88 928.12
1064.5 382.0
1065.88 910.12
1067.0 24.75
1069.13 488.47
1069.7 439.7
1071.0 410.0
1070.0 938.5
1070.0 1052.5
1071.5 961.5
1072.0 987.29
1076.0 1055.5
1075.67 589.67
1077.12 579.88
1078.5 689.0
1078.5 858.0
1081.33 124.89
1082.2 1016.4
1082.6 467.8
1083.5 73.0
1083.67 606.33
1084.0 655.25
1084.5 970.0
1086.0 752.5
1087.25 381.33
1087.0 815.0
1087.5 890.0
1090.33 929.33
1092.5 262.5
1092.67 707.67
1093.0 815.0
1094.0 635.5
1096.0 119.0
1097.4 501.4
1098.0 0.25
1098.5 515.0
1098.67 518.67
1101.0 60.25
1101.0 169.5
1101.4 555.8
1102.29 567.0
1102.5 110.0
1106.28 1035.41
1106.64 468.55
1107.25 551.33
1106.5 990.0
1107.5 564.0
1112.5 521.5
1117.0 860.5
1119.89 654.67
1121.0 108.75
1120.0 390.5
1120.33 1034.67
1123.71 427.0
1121.5 970.0
1124.29 543.0
1123.5 907.5
1125.33 112.67
1126.5 411.5
1128.11 774.33
1130.29 228.0
1129.0 971.5
1130.0 601.5
1138.67 120.89
1138.0 164.5
1146.0 326.0
1147.5 597.0
1144.89 722.67
1144.0 977.5
1147.0 651.5
1146.33 868.67
1147.5 521.0
1147.5 1032.5
1154.9 146.57
1151.0 714.0
1151.5 720.5
1152.5 892.5
1158.5 676.5
1160.5 378.5
1162.12 873.12
1164.33 124.8
1164.0 168.29
1166.5 20.0
1172.5 86.5
1173.6 894.2
1176.45 209.36
1176.88 36.88
1178.5 214.0
1179.5 637.5
1186.5 210.0
1186.5 432.5
1186.5 900.0
1187.5 59.5
1187.67 386.33
1195.95 26.38
1192.0 442.5
1192.5 951.8
1192.5 236.5
1195.0 512.5
1196.5 309.5
1197.5 132.0
1199.5 887.5
1203.5 468.0
1208.51 167.79
1207.81 134.93
1207.0 112.0
1210.0 595.5
1211.33 301.33
1212.69 661.46
1212.67 405.33
1213.75 515.0
1214.0 793.75
1214.0 502.5
1214.71 619.0
1214.0 827.5
1215.0 581.5
1216.5 519.5
1217.0 626.25
1217.71 639.0
1219.5 320.0
1221.0 102.75
1222.67 631.33
1223.5 805.0
1226.5 600.0
1225.0 1067.5
1226.5 695.5
1232.07 1013.75
1230.67 646.33
1231.0 877.5
1231.5 790.0
1236.0 547.5
1236.0 683.0
1235.67 760.33
1236.5 540.0
1239.6 1005.07
1238.6 707.2
1240.5 509.5
1240.0 944.5
1242.5 344.5
1244.17 560.57
1243.5 897.5
1245.45 177.36
1244.67 987.67
1246.5 464.5
1248.67 138.67
1248.5 721.0
1251.2 1029.6
1251.67 676.33
1252.5 689.0
1252.5 1079.0
1254.71 507.0
1256.2 1065.4
1258.0 199.5
1258.54 647.85
1259.5 889.0
1264.91 277.09
1262.6 287.2
1265.17 456.17
1264.5 1064.0
1266.5 108.5
1269.17 437.33
1269.6 637.2
1271.67 905.78
1271.8 548.5
1273.2 629.6
1280.14 989.81
1275.0 840.5
1277.5 380.0
1277.5 538.0
1277.91 831.64
1280.0 597.5
1280.33 1074.67
1282.5 170.5
1283.0 93.5
1283.67 391.33
1285.0 683.29
1285.8 185.4
1285.25 965.0
1287.5 320.0
1287.5 662.0
1288.14 724.29
1289.5 350.0
1289.0 417.0
1290.75 574.33
1290.0 523.5
1291.88 1052.12
1293.67 1008.33
1293.6 1047.2
1300.0 209.0
1300.0 302.5
1300.33 389.67
1300.5 632.5
1300.5 779.0
1303.5 309.71
1302.67 956.33
1303.5 1070.5
1304.8 850.4
1306.0 126.71
1307.5 349.0
1308.22 731.67
1315.0 846.5
1316.33 806.33
1321.5 55.0
1322.0 564.0
1328.26 354.64
1323.5 580.0
1328.78 377.67
1327.0 131.5
1328.62 249.25
1328.5 835.0
1329.0 602.5
1329.5 770.0
1332.5 119.0
1332.5 180.0
1334.0 612.5
1335.0 946.5
1346.35 165.86
1340.18 346.18
1340.0 817.29
1341.0 1020.8
1342.5 739.0
1347.5 228.0
1350.58 142.75
1349.0 591.5
1350.5 902.5
1353.5 542.5
1356.18 181.82
1355.0 750.5
1355.0 1048.5
1356.5 917.5
1364.0 356.24
1361.81 798.07
1359.5 900.0
1360.5 445.5
1363.5 600.0
1369.5 699.0
1372.0 924.71
1377.67 109.67
1384.64 608.99
1377.5 839.0
1380.24 357.76
1386.86 370.81
1384.5 348.5
1384.0 777.5
1387.0 243.75
1388.5 232.0
1390.5 411.5
1390.88 636.12
1390.5 943.5
1393.5 261.5
1392.88 1071.12
1395.0 318.5
1396.5 833.0
1399.0 287.5
1399.0 712.5
1400.0 899.0
1400.5 39.5
1400.8 550.4
1400.0 737.5
1400.0 956.5
1401.5 607.5
1403.0 870.0
1411.0 313.29
1411.33 154.67
1412.29 163.5
1419.78 415.62
1415.5 985.5
1416.5 131.5
1419.05 384.9
1419.33 885.33
1420.0 247.0
1422.0 664.0
1423.91 104.78
1422.67 129.33
1424.5 12.5
1425.0 542.5
1427.0 144.5
1428.0 39.2
1429.55 865.64
1430.0 917.5
1430.0 933.5
1432.87 613.53
1432.6 433.2
1437.5 709.5
1439.4 301.2
1440.0 501.5
1442.0 101.71
1444.25 126.0
1445.0 195.25
1446.33 150.33
1449.9 168.9
1448.0 39.0
1448.6 100.8
1449.5 724.0
1449.0 1078.5
1451.0 825.25
1453.0 200.0
1455.72 216.11
1455.5 629.0
1459.19 443.28
1458.5 530.0
1462.5 389.0
1464.67 260.33
1465.0 1069.29
1467.0 397.5
1469.0 456.5
1470.4 853.2
1472.67 132.67
1474.5 433.71
1475.0 397.5
1476.33 923.67
1478.12 615.88
1479.25 127.42
1483.45 220.69
1480.8 1041.5
1481.38 1068.0
1481.5 452.5
1486.83 915.83
1488.5 394.0
1489.5 239.5
1490.5 829.0
1492.5 175.0
1502.73 329.76
1496.0 921.5
1498.0 1057.5
1503.0 995.0
1502.5 1022.5
1505.8 601.0
1507.12 131.12
1508.92 81.08
1507.67 810.33
1507.67 949.33
1510.0 955.25
1510.0 617.5
1514.2 385.0
1517.0 677.39
1516.5 16.5
1519.5 507.5
1523.0 912.0
1522.6 973.2
1527.62 597.62
1527.88 1023.67
1531.4 86.2
1532.5 341.5
1532.5 900.0
1534.12 814.12
1533.67 949.33
1535.25 333.0
1535.0 707.0
1539.0 36.5
1540.12 443.12
1541.0 549.25
1540.0 876.5
1540.8 969.6
1541.5 148.5
1541.5 506.5
1544.29 1015.0
1547.0 266.25
1547.79 1037.63
1549.22 447.5
1548.5 409.5
1549.17 1005.67
1551.12 393.12
1550.8 1022.6
1554.67 736.33
1556.38 720.38
1557.5 462.0
1560.56 1073.75
1563.12 293.12
1563.0 364.5
1565.0 288.29
1565.0 265.5
1567.75 356.0
1570.27 859.5
1574.0 687.0
1576.71 394.0
1574.67 665.33
1579.5 557.5
1581.5 444.5
1582.11 751.67
1584.0 363.75
1584.0 757.5
1584.88 950.88
1587.67 17.67
1587.88 340.88
1588.5 24.5
1588.5 1025.0
1592.53 152.87
1593.79 917.37
1594.0 683.0
1595.5 34.0
1595.4 61.8
1596.4 820.8
1596.33 841.33
1601.12 134.12
1603.33 672.44
1612.5 116.19
1602.6 516.8
1602.67 611.33
1604.09 661.91
1604.29 325.0
1604.29 924.0
1605.33 437.67
1605.33 1067.67
1607.67 286.33
1607.5 808.0
1618.52 55.16
1611.0 424.0
1611.5 238.0
1612.5 729.0
1613.5 208.0
1614.33 82.67
1616.91 211.64
1623.5 212.5
1625.0 352.5
1625.0 871.5
1626.5 176.5
1628.5 81.0
1628.5 969.0
1630.0 139.0
1631.3 338.7
1631.5 192.5
1631.4 452.2
1633.12 284.88
1634.0 615.5
1633.6 378.2
1634.0 937.0
1635.5 359.0
1635.0 696.5
1639.2 61.5
1638.67 80.67
1638.0 563.5
1640.0 802.5
1642.5 610.0
1646.0 405.0
1646.0 813.75
1647.5 634.0
1648.0 961.5
1648.67 719.67
1649.0 571.5
1654.0 315.5
1654.4 921.8
1655.0 152.5
1655.8 906.4
1656.67 233.83
1663.2 128.6
1663.0 711.25
1663.67 162.67
1664.0 461.5
1667.6 61.8
1668.6 670.8
1673.12 21.88
1674.28 852.59
1674.0 881.71
1674.0 7.0
1677.0 734.27
1680.5 157.27
1679.5 391.5
1682.0 925.8
1682.75 998.0
1683.67 314.5
1689.5 928.5
1692.38 1075.0
1697.25 115.33
1698.75 980.75
1699.67 704.67
1700.0 1067.29
1709.0 407.0
1709.0 877.5
1715.11 722.11
1724.45 399.82
1718.75 61.0
1719.5 552.29
1721.5 245.5
1722.5 501.5
1722.0 564.29
1723.63 166.21
1723.67 882.67
1730.72 526.33
1724.5 965.0
1726.67 886.33
1728.0 361.5
1734.17 236.17
1736.17 684.83
1739.5 875.5
1740.0 337.29
1739.0 491.0
1739.0 1026.5
1741.0 935.0
1742.5 295.0
1743.6 155.8
1745.71 54.0
1752.0 966.0
1746.5 1057.0
1749.0 649.75
1751.5 18.0
1753.0 446.5
1752.5 906.0
1752.67 1016.33
1761.46 598.9
1756.0 991.5
1756.5 1009.0
1757.67 88.67
1763.67 361.12
1761.88 1027.12
1764.5 313.0
1763.67 343.67
1763.67 916.33
1764.88 933.12
1766.5 786.5
1768.5 311.0
1769.5 299.0
1771.4 941.2
1778.0 1020.32
1777.5 520.0
1779.5 696.5
1784.2 323.0
1788.0 776.83
1787.38 939.62
1788.96 340.6
1791.0 136.0
1792.5 383.5
1792.5 175.0
1797.16 349.79
1794.5 509.5
1798.5 552.29
1796.88 588.12
1803.75 31.0
1804.64 365.45
1804.0 179.5
1804.0 958.5
1810.0 337.5
1811.5 432.5
1812.6 845.8
1813.0 315.5
1813.5 358.0
1814.6 106.8
1817.71 369.0
1819.0 448.0
1819.5 178.5
1820.88 992.12
1823.0 157.29
1824.0 385.5
1830.33 718.67
1831.0 738.29
1832.12 411.12
1831.33 938.67
1833.73 167.0
1838.52 643.61
1837.33 1031.67
1839.75 28.67
1839.4 470.4
1841.27 888.05
1841.0 14.71
1841.0 918.5
1842.5 511.5
1844.0 942.0
1845.0 496.5
1845.0 1032.5
1847.2 807.6
1848.0 186.5
1849.0 341.5
1850.0 739.5
1851.5 821.0
1850.0 1002.5
1853.0 199.75
1852.6 848.2
1855.0 591.5
1857.67 156.33
1857.67 1070.67
1858.5 942.5
1860.5 790.0
1865.32 836.18
1871.03 118.41
1863.67 847.67
1866.0 281.0
1868.0 424.0
1873.87 315.13
1875.5 1055.0
1876.0 1071.0
1881.0 81.5
1880.8 307.6
1883.27 373.27
1884.89 1008.52
1886.5 119.29
1888.45 2.58
1888.5 370.5
1887.6 572.2
1892.0 508.0
1897.89 834.78
1894.0 140.5
1894.5 437.5
1896.4 183.2
1898.5 232.2
1898.67 887.67
1900.5 1016.5
1903.13 455.47
1903.25 916.25
1903.72 399.89
1906.33 229.33
1908.5 145.0
1913.85 326.06
1911.0 694.5
1911.0 766.71
1910.4 855.8
1910.33 889.33
1915.11 266.33
!