1.5 1014.5
1.88 1036.88
5.0 971.5
6.5 826.5
11.5 859.5
15.71 840.0
27.0 742.5
28.09 32.36
29.0 758.0
33.41 410.33
30.67 142.67
30.33 683.67
30.88 767.88
31.33 226.67
33.0 45.0
32.5 654.5
39.0 578.5
46.31 616.72
41.88 490.88
41.5 702.0
44.5 375.0
44.6 722.8
45.5 158.5
46.0 845.0
52.0 7.5
51.5 28.5
52.6 593.2
53.0 718.29
54.4 781.8
55.0 82.0
57.82 269.18
58.38 414.38
59.0 262.5
62.0 860.0
63.0 107.29
64.0 576.5
64.0 739.5
70.69 349.78
69.0 296.5
74.33 912.67
79.67 60.33
82.5 499.0
83.29 1004.0
84.5 690.5
86.5 1065.0
89.0 279.5
89.5 401.5
90.33 804.67
94.5 343.5
95.72 556.41
100.66 198.68
98.33 488.83
103.67 463.67
107.5 279.0
109.35 905.0
110.5 223.2
111.5 113.5
112.5 214.0
120.0 394.0
119.0 508.5
122.95 753.92
124.33 457.67
124.5 654.0
126.12 276.12
127.67 110.33
128.09 527.64
127.5 1056.5
131.8 760.11
129.0 447.0
129.0 678.0
132.0 852.5
133.5 202.29
133.67 326.33
136.0 424.29
138.2 675.4
140.5 645.71
144.0 740.5
147.0 244.5
147.5 975.0
151.8 269.6
152.4 458.6
153.6 643.2
155.0 678.5
154.5 85.5
154.5 716.5
159.0 64.5
159.8 823.6
164.38 398.13
161.8 259.6
163.5 32.5
167.5 633.0
169.0 804.0
172.65 931.5
174.0 55.0
174.5 243.0
174.5 327.5
176.29 258.5
176.38 578.38
177.2 11.0
177.0 922.5
177.5 34.5
178.29 426.86
179.5 776.0
181.33 948.67
186.5 256.0
187.0 359.5
186.5 979.5
188.0 281.0
189.33 418.67
195.5 536.5
198.0 680.0
199.0 217.0
200.8 620.4
206.5 431.5
207.71 591.5
207.5 55.0
215.5 857.5
217.5 481.5
219.0 31.0
219.82 373.82
218.5 1071.5
221.6 645.6
222.0 628.71
221.33 672.33
222.5 494.0
223.0 737.71
225.8 129.4
227.67 14.33
228.0 20.71
236.67 504.94
233.41 613.88
233.6 35.8
240.63 816.37
241.0 394.0
241.0 225.5
243.75 81.0
243.5 495.0
243.6 879.8
247.5 704.0
250.57 793.79
252.5 10.0
256.71 638.0
257.0 990.71
261.0 90.5
261.5 748.5
265.5 190.0
264.0 550.0
264.0 902.5
266.76 609.24
266.5 265.5
267.0 756.5
269.0 815.5
276.5 995.0
278.12 201.88
277.5 878.5
280.6 1062.7
281.5 121.71
281.5 504.5
280.5 574.0
281.33 354.33
282.54 899.85
282.5 675.0
283.5 955.0
285.33 180.89
285.8 350.4
288.5 96.0
287.5 589.0
289.0 1004.5
291.91 592.64
293.75 928.0
303.0 622.57
307.67 5.33
318.55 69.36
319.5 430.21
317.5 580.5
318.5 80.0
320.86 307.29
321.8 22.6
321.5 165.0
322.0 885.0
324.0 905.5
326.33 189.33
329.5 757.71
330.45 287.64
331.8 208.0
330.33 412.33
331.8 807.6
332.5 196.5
333.67 751.33
335.0 720.5
338.67 752.67
342.0 560.25
345.0 1017.0
345.5 124.0
345.5 841.5
346.2 949.6
347.38 295.38
349.5 127.0
352.8 728.0
358.94 3.87
359.14 715.43
361.0 1053.65
362.5 683.0
370.78 348.01
365.0 665.8
373.0 4.0
372.67 766.33
378.33 201.67
378.5 341.5
381.5 174.0
383.5 650.5
386.0 91.5
387.6 925.8
399.03 680.8
396.5 1030.5
398.6 183.4
399.0 193.5
400.4 447.2
405.4 148.2
409.33 743.67
417.0 715.42
415.0 238.0
417.75 201.0
418.5 449.0
420.33 803.67
426.12 991.12
425.5 1077.5
431.22 841.56
428.5 673.5
430.0 288.5
436.71 1042.46
435.0 233.75
434.0 986.5
442.61 1014.82
442.86 32.19
446.24 874.0
446.5 124.5
445.5 155.0
450.25 343.0
452.5 432.0
455.0 476.5
455.0 758.0
455.5 926.5
458.5 808.0
459.0 1043.0
460.38 238.38
459.0 834.5
469.52 142.96
466.5 870.0
469.0 424.5
478.67 1078.67
482.12 448.12
482.5 1064.0
486.5 607.0
489.0 1057.5
492.0 508.0
492.67 297.67
496.5 1062.5
500.0 134.5
501.62 753.38
501.5 81.0
503.67 880.25
504.71 185.86
506.8 262.6
508.0 133.5
509.5 800.5
513.67 290.33
513.0 392.5
514.12 1029.88
514.0 486.5
521.5 34.0
523.0 653.5
524.0 951.5
528.71 493.0
532.5 184.5
534.67 86.33
539.5 765.0
541.0 116.5
544.0 1041.5
546.0 458.75
547.2 293.6
548.0 596.0
549.5 1024.0
550.86 1044.29
554.5 660.0
556.98 901.17
556.0 113.0
557.4 75.6
557.29 633.5
557.75 259.0
565.0 786.5
565.33 1014.33
571.14 140.5
568.89 685.28
568.67 291.33
577.0 491.5
577.5 1069.0
579.2 322.6
578.67 531.33
583.0 654.5
585.0 101.5
585.5 634.0
590.0 445.0
590.0 352.0
592.71 103.0
596.0 95.7
599.0 44.0
604.0 434.5
611.0 490.71
613.5 1001.0
619.5 911.5
621.0 104.5
627.12 142.12
629.0 135.25
630.25 288.0
633.8 705.2
636.88 186.88
638.89 96.67
639.12 385.88
641.0 178.0
640.5 644.5
641.5 864.0
646.5 116.5
647.5 704.0
651.29 269.0
660.5 883.0
664.5 118.0
671.5 604.5
672.8 82.6
674.0 182.5
676.5 675.0
678.12 901.88
679.0 159.71
683.5 201.5
689.5 705.5
693.88 21.0
691.5 1069.0
696.5 146.0
697.83 919.83
699.71 583.0
704.33 515.89
708.0 52.5
707.5 573.0
709.11 931.67
713.64 37.5
711.5 298.0
712.67 178.67
716.5 902.5
720.5 598.5
721.5 823.0
722.5 102.0
723.2 177.6
726.86 690.5
726.5 1011.5
730.62 20.62
730.88 1068.12
744.5 810.0
751.83 551.17
757.5 457.0
759.0 731.5
759.83 780.67
760.0 611.5
762.0 176.71
767.11 557.72
774.26 144.22
772.67 259.33
776.5 12.5
781.5 378.5
782.0 527.0
784.89 788.67
792.33 383.67
795.11 273.72
796.33 415.33
799.69 766.78
797.2 989.4
798.5 174.0
803.0 633.71
808.29 230.0
811.88 476.88
814.12 1022.12
815.89 969.33
817.88 445.88
821.3 369.3
825.85 346.15
821.5 596.5
822.5 821.0
824.0 745.5
825.17 905.67
826.0 426.5
827.0 502.5
829.5 639.8
834.5 30.0
834.0 1054.5
836.5 22.5
842.67 521.33
844.0 977.0
845.4 503.6
847.12 166.88
851.5 11.5
854.5 101.5
859.5 300.5
860.5 110.0
868.5 766.5
874.0 915.5
875.8 53.6
877.5 599.0
878.0 368.5
880.4 801.2
880.4 898.2
884.29 209.0
885.29 232.0
886.5 264.5
888.8 767.0
889.25 1014.0
892.88 840.88
894.0 92.5
894.2 833.0
895.8 11.4
895.0 50.5
896.5 387.5
896.5 685.0
900.0 828.5
901.5 379.0
902.67 477.67
903.0 932.5
908.5 947.5
912.5 40.5
915.0 1036.5
920.19 199.86
919.17 597.17
920.0 428.5
927.44 648.79
926.5 429.0
930.0 515.0
933.5 26.5
933.5 1076.0
935.5 196.5
941.5 256.0
944.33 855.33
950.5 410.5
951.0 767.5
955.4 1022.2
961.5 1000.0
967.63 723.18
965.0 913.5
970.18 800.18
970.25 385.0
970.0 685.5
971.33 13.67
974.0 611.74
973.0 45.0
973.5 266.5
973.0 749.0
974.63 1014.63
974.2 335.4
973.67 422.67
976.5 218.0
981.33 213.67
984.26 269.74
984.33 130.33
985.67 93.83
986.5 135.0
991.76 445.32
989.5 28.5
989.5 370.5
992.0 799.0
997.67 208.67
999.33 439.33
1006.5 763.0
1010.5 79.5
1010.0 983.5
1011.5 207.5
1017.5 16.5
1017.5 759.0
1018.5 956.0
1019.67 73.67
1020.82 402.82
1023.0 266.0
1023.5 79.0
1025.5 217.5
1026.67 465.33
1027.81 799.14
1026.5 1061.5
1029.71 332.0
1030.0 1072.0
1034.0 768.5
1036.4 22.8
1036.33 357.67
1036.5 419.5
1041.71 276.5
1041.0 709.0
1042.29 724.0
1047.88 177.88
1050.12 865.88
1049.5 685.0
1053.5 122.0
1056.12 338.12
1058.0 162.5
1064.0 124.5
1064.0 615.5
1066.33 1032.33
1068.5 86.5
1069.5 511.0
1073.33 204.67
1076.5 265.0
1074.0 921.5
1078.2 385.4
1079.2 943.5
1080.29 126.0
1080.33 535.89
1083.0 876.5
1084.5 185.0
1091.5 579.5
1094.83 588.12
1096.5 1019.8
1098.6 759.2
1100.5 999.29
1100.25 810.0
1101.8 581.4
1107.29 476.0
1106.5 613.0
1107.67 96.33
1108.0 751.5
1114.0 166.5
1114.5 695.5
1115.0 360.5
1116.5 665.0
1117.6 913.4
1117.5 599.5
1120.0 582.5
1121.33 271.33
1121.33 965.33
1125.59 233.74
1127.5 924.0
1133.0 802.5
1135.8 324.5
1137.33 114.89
1137.2 388.6
1137.6 193.2
1138.67 8.67
1138.5 510.0
1144.5 842.5
1151.02 830.58
1150.8 680.4
1150.5 739.0
1154.67 368.56
1154.6 1066.8
1160.68 121.16
1156.5 156.5
1156.5 1018.0
1169.0 290.5
1171.33 945.33
1179.09 562.3
1179.29 77.0
1180.8 468.6
1184.8 632.6
1185.5 384.5
1186.4 0.8
1189.67 746.57
1187.5 739.0
1188.0 802.5
1191.0 226.0
1194.6 242.8
1196.8 101.0
1197.52 203.11
1200.0 91.5
1202.71 701.5
1201.33 1053.67
1206.25 791.0
1209.0 803.5
1216.5 985.0
1225.0 578.0
1225.88 1018.88
1234.5 884.0
1236.5 607.5
1239.25 441.0
1241.33 4.33
1242.0 680.0
1243.5 930.0
1245.0 34.8
1248.0 947.29
1247.67 1019.33
1249.0 124.0
1249.5 65.5
1250.8 315.4
1258.5 936.5
1265.33 155.33
1271.25 117.08
1268.5 451.0
1272.5 446.0
1274.21 665.63
1273.5 833.5
1274.5 226.0
1276.0 277.5
1278.0 158.71
1280.0 661.5
1283.38 246.38
1288.67 777.67
1289.5 460.0
1299.0 837.29
1305.12 472.12
1309.5 440.0
1314.5 223.5
1319.25 26.0
1322.0 251.0
1322.5 868.0
1326.0 1060.0
1335.6 732.4
1338.4 1001.6
1345.5 902.5
1351.12 543.12
1358.0 1076.5
1361.5 686.71
1372.0 52.5
1374.5 1072.5
1379.91 700.0
1380.4 1056.8
1382.0 574.0
1382.5 82.5
1383.0 286.0
1385.12 227.12
1386.33 557.67
1389.0 1068.5
1394.29 518.0
1394.0 992.5
1399.5 476.5
1402.5 122.0
1402.67 614.33
1407.0 757.0
1410.8 20.4
1412.2 661.5
1416.83 777.9
1415.0 66.5
1419.4 832.2
1427.83 55.17
1433.75 348.25
1434.5 220.0
1435.62 1040.62
1435.4 37.8
1438.09 82.64
1439.5 449.5
1440.75 133.67
1441.0 532.71
1443.2 10.4
1446.5 709.0
1457.31 424.25
1451.5 441.5
1452.0 882.5
1453.5 1050.0
1454.5 619.0
1457.5 673.29
1462.33 23.67
1472.2 51.4
1476.29 479.5
1480.0 418.5
1486.11 207.28
1491.5 419.0
1493.11 114.67
1497.37 860.18
1500.5 686.5
1500.0 827.5
1501.5 148.0
1503.0 749.5
1509.67 35.33
1509.0 1012.5
1510.71 433.0
1513.0 483.29
1512.5 539.0
1513.5 581.5
1523.5 1010.5
1522.5 520.0
1524.0 334.5
1526.5 902.0
1529.5 399.0
1534.6 597.2
1535.5 895.0
1536.88 64.88
1540.4 1021.2
1546.04 273.4
1546.5 504.5
1547.5 112.5
1547.5 1014.5
1554.33 1003.67
1556.5 658.5
1557.6 371.8
1557.5 427.5
1559.0 606.0
1560.5 1038.2
1564.25 423.0
1571.0 187.0
1573.6 926.6
1573.67 1058.67
1576.0 37.29
1575.0 157.5
1578.5 476.5
1577.6 912.2
1578.5 407.5
1579.88 534.12
1583.67 427.67
1585.88 930.88
1587.5 352.5
1590.12 160.88
1590.0 791.5
1593.28 989.89
1596.89 681.67
1598.73 517.0
1600.5 176.5
1604.0 497.29
1606.33 459.67
1609.0 623.5
1612.5 919.79
1615.33 426.33
1617.5 532.71
1621.33 1023.67
1635.53 613.29
1636.5 989.0
1643.94 989.58
1644.0 954.5
1650.0 704.5
1650.4 360.8
1651.12 486.12
1654.0 241.5
1655.33 889.67
1661.5 330.0
1664.0 891.71
1664.71 709.0
1665.0 200.5
1672.6 331.8
1674.22 806.5
1673.0 980.71
1674.18 714.82
1678.21 783.0
1677.67 881.33
1689.2 790.4
1689.5 913.2
1689.5 417.5
1694.17 104.83
1693.67 518.67
1696.5 556.29
1696.5 740.0
1700.0 1072.5
1701.33 18.33
1701.5 605.5
1703.5 439.5
1705.5 403.71
1706.0 540.0
1708.25 776.67
1711.88 406.88
1719.5 214.5
1717.67 283.33
1722.46 193.08
1729.32 411.64
1729.5 740.0
1738.0 612.71
1742.5 499.5
1743.67 1051.33
1745.0 516.5
1749.17 665.17
1750.3 1060.3
1751.0 57.0
1751.5 851.0
1753.67 841.33
1758.2 253.5
1758.0 427.29
1757.5 989.5
1761.0 1025.25
1762.67 137.67
1763.0 887.5
1764.67 907.67
1772.67 155.33
1775.62 162.38
1774.5 266.0
1776.12 17.12
1776.12 799.12
1775.33 961.33
1779.0 542.0
1779.33 885.33
1784.38 712.62
1784.33 331.33
1793.42 633.58
1792.67 537.67
1795.82 9.68
1795.0 796.5
1796.25 866.0
1798.67 1020.33
1801.0 820.5
1804.33 692.67
1806.0 550.25
1807.2 152.6
1808.5 756.5
1809.0 891.5
1811.12 961.88
1813.55 249.58
1813.6 744.4
1814.0 625.5
1818.0 540.5
1817.5 626.5
1817.67 871.33
1820.5 533.5
1821.0 1054.5
1824.5 294.0
1826.89 434.94
1828.5 969.0
1833.0 461.5
1837.0 812.2
1838.6 846.8
1839.5 180.0
1839.5 443.5
1842.5 745.0
1848.5 206.5
1853.29 81.71
1858.5 370.0
1862.0 895.5
1865.5 463.0
1865.5 1027.5
1867.5 580.0
1871.5 143.0
1874.0 346.5
1880.4 432.6
1880.0 866.5
1882.0 7.0
1882.0 270.0
1882.5 761.0
1887.12 18.88
1892.0 9.0
1894.67 631.33
1896.2 456.4
1897.67 547.67
1908.12 773.12
1909.67 388.67
!