0.71 216.0
1.5 945.0
4.67 46.33
4.5 291.5
5.5 62.5
14.0 795.5
16.91 827.91
14.5 338.5
16.33 818.67
17.5 357.5
28.0 1027.5
30.5 508.71
32.0 1076.5
44.5 107.5
48.25 489.75
54.0 536.0
57.5 341.5
60.25 100.0
60.5 530.0
62.42 1015.06
65.33 28.67
70.8 302.6
71.5 906.29
72.67 167.67
77.5 435.5
78.17 675.83
77.5 780.0
80.29 108.0
79.88 252.88
79.4 484.2
85.4 487.8
86.0 675.25
90.0 832.5
95.0 247.5
99.0 1043.5
101.5 673.0
106.0 652.5
108.29 155.0
111.0 639.5
112.0 920.0
111.5 940.5
116.0 189.71
116.0 890.5
122.5 1025.0
129.33 397.67
130.0 911.0
132.88 557.12
139.5 771.0
143.33 845.17
142.5 874.5
148.0 116.5
148.25 304.67
153.61 610.75
148.67 454.67
150.5 514.5
154.0 198.5
161.29 771.0
165.0 380.5
166.5 329.5
166.5 1067.0
170.17 234.17
169.8 372.6
176.5 392.5
176.5 1067.5
178.67 676.33
180.5 145.0
196.5 409.0
199.67 405.89
201.11 979.67
203.5 1046.0
204.5 67.5
215.5 514.0
219.37 295.79
222.0 834.5
222.5 398.5
229.32 772.32
235.0 718.5
254.18 316.82
266.0 600.25
265.0 1045.5
266.5 170.0
267.5 365.0
269.26 746.59
267.5 881.5
269.5 355.0
272.67 1073.67
274.83 411.83
275.5 395.5
279.71 896.0
282.5 1028.5
284.4 925.8
288.33 824.8
288.33 388.33
293.5 829.5
298.5 89.5
303.29 271.5
310.0 855.25
312.6 344.8
320.0 901.5
326.33 293.67
330.5 141.5
333.0 963.8
334.0 801.0
340.67 942.57
337.5 949.0
340.5 651.0
339.0 762.5
347.6 512.2
348.83 620.17
349.5 415.0
352.0 717.5
359.36 661.45
361.5 335.0
362.5 79.0
363.12 938.88
364.0 371.71
373.5 520.5
378.33 539.89
378.88 690.88
379.83 990.83
387.5 908.0
391.8 45.4
393.67 188.67
394.5 582.0
395.0 328.0
396.0 1077.5
401.93 790.81
402.71 826.0
406.5 1014.0
412.77 125.23
415.0 43.5
420.5 893.0
425.0 538.5
433.03 377.81
430.0 592.5
433.54 530.89
432.12 628.88
439.5 498.0
456.18 327.82
464.5 1056.5
466.0 161.5
469.5 423.0
471.0 338.0
470.4 1076.8
473.0 1001.71
476.0 849.75
477.0 503.0
481.0 28.5
486.0 487.0
494.5 230.0
496.5 80.5
498.0 851.5
505.5 465.71
509.5 539.0
538.0 307.71
542.5 17.5
544.12 387.41
545.5 412.5
555.0 220.5
557.5 271.0
559.0 388.75
560.5 176.0
562.83 766.17
567.13 755.53
567.5 762.0
569.67 889.11
569.5 276.5
574.0 322.5
576.33 384.67
577.5 477.5
583.29 261.29
582.5 66.0
585.0 1071.0
586.64 983.09
592.19 887.72
598.54 278.85
604.4 841.96
606.8 884.4
608.5 611.8
616.0 272.29
619.39 449.96
618.82 604.82
620.28 755.89
621.67 941.0
629.0 262.5
629.83 639.17
639.2 1031.0
653.75 916.0
655.88 212.12
661.0 241.0
659.71 419.0
659.0 804.5
660.67 587.67
665.0 457.5
669.67 353.67
669.5 832.0
673.75 358.75
681.5 483.09
679.2 712.6
686.0 149.5
690.0 1022.5
694.6 495.8
697.5 176.5
705.76 390.58
712.0 997.75
713.0 511.5
715.0 366.71
718.75 123.0
721.5 17.0
721.33 363.67
725.09 282.09
725.86 247.29
730.5 706.71
734.89 763.0
736.5 365.0
740.5 65.0
743.0 862.75
754.0 480.0
755.0 582.0
756.5 1048.0
759.17 262.83
758.5 455.5
759.2 612.5
765.83 474.17
770.0 932.0
770.0 708.5
774.83 93.33
780.0 540.5
780.4 668.2
781.0 878.5
783.0 472.29
782.6 1021.8
783.5 694.5
783.5 800.0
786.0 772.71
786.0 993.75
794.71 866.64
789.5 1063.5
792.5 100.0
794.5 470.0
796.8 811.4
798.5 11.29
803.11 257.33
806.4 333.2
808.33 780.33
813.11 615.48
818.5 295.0
820.5 529.5
823.17 168.83
823.67 547.67
823.67 653.67
827.91 641.64
834.0 162.5
836.0 144.0
837.88 467.12
839.0 452.5
842.0 647.0
847.5 154.5
847.0 510.71
848.75 281.0
851.0 615.0
851.5 593.0
860.0 276.0
868.5 191.5
875.33 80.33
879.5 104.5
879.0 377.29
879.0 1057.0
889.72 786.84
884.6 991.8
886.5 169.0
889.89 285.67
890.71 456.0
894.0 797.0
899.5 558.5
904.85 701.46
904.33 501.33
904.5 772.5
908.66 538.0
907.0 664.5
912.0 237.0
915.79 900.11
914.0 982.0
925.1 270.43
924.5 203.5
924.71 1074.0
926.5 197.5
927.5 75.0
935.72 555.17
930.33 57.67
934.0 418.0
936.19 572.14
951.5 483.5
958.2 696.4
964.0 752.5
966.36 857.55
970.5 117.0
970.0 152.29
969.0 911.5
972.5 649.0
974.0 1002.5
975.33 391.33
975.0 861.5
976.5 546.5
981.5 189.0
984.0 439.5
991.37 227.21
988.33 629.11
988.75 958.0
988.5 988.5
990.64 377.55
995.5 801.0
999.0 717.5
1002.6 941.8
1004.5 130.0
1006.5 498.5
1012.5 200.0
1015.8 441.5
1025.0 894.5
1029.29 767.0
1033.12 367.12
1032.83 540.17
1035.67 688.89
1035.33 382.67
1037.5 630.5
1042.67 196.33
1046.12 411.12
1058.46 386.27
1051.0 514.5
1052.12 812.12
1053.12 317.12
1066.5 686.5
1073.0 40.0
1074.97 152.85
1079.0 793.0
1086.5 1042.5
1087.5 460.0
1088.6 465.8
1093.0 660.62
1096.5 1022.5
1097.5 923.0
1107.38 547.75
1108.73 274.47
1113.03 509.77
1111.67 477.67
1111.5 779.0
1113.2 86.4
1115.0 154.5
1127.83 912.5
1132.5 949.5
1144.5 384.5
1144.0 550.5
1144.0 741.0
1151.5 522.5
1154.5 866.0
1157.6 1036.8
1162.33 137.67
1165.0 217.5
1167.5 950.5
1175.8 1012.6
1186.16 437.16
1188.67 289.57
1187.83 25.67
1189.5 345.5
1190.0 394.71
1189.5 677.5
1194.0 663.5
1198.0 275.5
1196.33 508.67
1197.5 831.5
1207.5 278.0
1214.0 358.5
1216.5 1061.5
1220.38 631.38
1221.33 455.33
1224.0 736.5
1226.0 1046.0
1227.2 408.5
1233.38 218.38
1241.17 573.33
1235.5 75.5
1244.0 716.5
1246.2 119.6
1247.5 224.0
1249.65 1044.0
1251.5 185.0
1252.5 953.0
1253.5 106.5
1257.2 369.4
1257.5 274.0
1259.83 897.83
1263.0 92.0
1263.67 802.67
1274.37 1000.21
1274.0 449.5
1277.0 420.0
1278.5 514.0
1279.0 845.5
1280.4 1038.2
1281.5 95.0
1283.0 271.5
1288.0 5.0
1287.5 534.5
1300.34 189.9
1300.0 901.5
1301.33 606.33
1307.82 871.18
1312.0 1048.0
1312.83 816.17
1319.5 726.5
1321.5 157.0
1322.0 989.5
1323.67 550.33
1326.8 1017.6
1329.75 1077.33
1332.67 199.33
1334.5 520.0
1338.12 347.12
1340.5 890.0
1346.2 433.0
1345.8 560.4
1346.5 367.5
1350.38 584.62
1359.33 726.33
1362.33 311.89
1363.5 497.5
1367.5 905.5
1369.89 39.67
1371.0 1042.0
1376.0 137.66
1373.83 583.17
1373.5 823.5
1375.0 231.5
1377.0 1021.25
1383.5 992.0
1389.33 965.33
1395.62 633.62
1395.5 1061.29
1402.6 106.8
1402.5 189.5
1404.0 102.29
1407.12 576.88
1407.89 638.33
1413.58 81.94
1413.0 174.25
1414.5 614.5
1414.67 385.33
1416.5 59.0
1420.33 732.25
1424.5 304.0
1438.04 91.07
1430.0 411.5
1431.5 622.5
1431.5 699.0
1434.67 569.33
1435.45 887.64
1437.67 495.67
1439.0 767.5
1443.11 22.33
1446.33 847.67
1448.6 67.8
1456.0 791.5
1460.33 21.33
1466.5 699.0
1468.6 161.8
1472.5 844.0
1478.0 815.71
1481.5 869.0
1483.5 918.5
1483.75 212.0
1484.5 878.0
1496.0 426.0
1499.33 131.11
1504.69 975.92
1513.1 1029.95
1515.5 893.5
1522.0 161.25
1525.71 167.5
1524.5 543.0
1528.5 905.8
1529.0 412.8
1537.2 377.5
1540.4 802.2
1542.0 311.0
1544.5 802.0
1546.88 602.88
1551.5 138.5
1553.0 455.5
1571.37 513.37
1571.5 227.5
1573.5 897.5
1577.52 980.79
1582.12 895.88
1583.71 412.5
1582.5 1060.0
1585.0 18.29
1588.0 1015.25
1589.0 891.0
1590.5 274.5
1591.0 103.5
1591.5 857.5
1602.0 1072.5
1604.0 106.5
1605.5 809.5
1609.17 479.83
1611.41 980.12
1614.62 798.62
1618.0 589.5
1619.0 451.29
1618.75 625.0
1623.5 326.84
1622.0 720.0
1622.0 819.0
1628.0 42.5
1630.0 524.0
1631.71 622.5
1631.0 1058.75
1633.67 526.67
1636.12 786.88
1637.67 775.33
1640.88 545.88
1641.0 6.5
1644.88 86.88
1648.0 841.5
1651.5 810.0
1653.0 474.0
1656.68 407.9
1656.0 1047.0
1659.5 744.5
1659.0 943.29
1660.5 898.0
1666.5 1077.64
1664.6 198.2
1669.8 656.0
1672.5 0.0
1673.0 588.75
1678.0 655.5
1678.0 770.0
1678.5 185.0
1681.5 367.5
1682.6 172.2
1684.0 151.0
1684.5 89.0
1689.5 550.29
1689.0 617.0
1694.0 875.0
1696.25 138.0
1700.11 334.28
1701.5 568.0
1703.75 365.0
1710.33 990.33
1713.29 695.0
1717.72 165.59
1715.25 285.0
1715.33 985.33
1716.71 1040.5
1717.5 297.5
1720.5 430.0
1722.0 272.5
1727.2 468.0
1728.6 906.2
1732.0 603.0
1732.67 93.67
1738.04 332.61
1739.7 779.7
1745.82 864.82
1746.33 63.67
1746.33 316.33
1747.75 167.0
1747.5 348.5
1750.0 537.5
1759.71 763.0
1759.5 1047.0
1762.5 917.0
1763.12 13.88
1763.5 228.0
1766.5 848.0
1766.5 1050.0
1768.29 21.0
1771.0 261.0
1772.5 444.0
1773.29 469.0
1776.8 655.4
1785.33 1038.67
1786.88 740.12
1786.8 817.6
1788.0 974.29
1790.4 22.8
1790.0 577.5
1795.87 330.53
1795.5 534.5
1795.25 250.75
1796.0 599.5
1797.0 241.0
1801.33 624.33
1803.7 491.3
1803.67 69.33
1806.5 599.0
1811.0 652.5
1811.0 959.71
1813.67 305.33
1813.5 544.5
1817.53 906.13
1821.0 583.0
1825.5 959.0
1828.5 326.5
1832.19 280.93
1833.5 769.0
1839.0 103.5
1844.5 511.0
1847.4 107.6
1847.67 315.33
1855.5 71.0
1861.88 492.12
1868.5 399.5
1870.14 125.19
1877.13 996.99
1878.2 918.6
1880.5 934.5
1883.0 493.73
1884.5 92.5
1889.67 697.67
1890.88 214.12
1892.5 811.0
1897.64 923.09
1897.6 258.2
1897.5 824.0
1904.2 501.4
1903.75 704.0
1904.5 371.5
1906.75 564.67
1905.0 821.5
1907.33 150.75
1907.0 180.71
1907.12 796.88
1914.5 929.0
1916.5 593.0
1918.75 844.0
!