0.4 844.8
1.5 310.0
1.71 733.0
7.67 159.33
10.0 917.5
13.5 224.0
19.8 218.0
20.0 711.0
26.4 552.2
27.5 104.5
27.5 426.5
28.71 597.0
29.0 364.5
36.5 524.0
38.2 796.4
40.0 450.5
42.5 890.0
46.29 167.0
46.0 845.0
47.5 741.0
47.67 746.33
58.29 828.0
60.0 200.5
63.0 737.5
65.14 530.43
66.33 8.67
70.8 714.6
73.5 294.0
75.24 245.62
73.5 675.0
74.0 966.0
75.33 386.33
76.5 890.0
79.5 384.0
82.8 399.4
86.88 77.88
86.5 923.0
88.5 492.5
90.8 346.4
94.17 736.17
95.0 395.71
109.67 486.33
110.6 785.0
112.67 156.33
113.67 900.33
117.0 589.5
123.5 366.5
125.46 146.15
128.5 359.0
129.0 724.71
132.0 81.5
136.0 62.8
140.0 938.5
142.2 941.4
149.0 486.5
156.5 210.0
157.0 403.0
163.75 113.0
170.4 446.8
173.75 169.0
178.15 296.85
175.5 556.0
181.4 527.2
184.81 305.72
184.83 16.83
187.0 487.0
184.0 582.5
187.5 830.0
188.5 162.5
189.5 429.5
193.5 732.5
195.29 486.5
195.5 789.5
197.0 23.5
199.71 546.0
200.67 18.67
200.71 372.0
200.5 897.0
205.5 199.0
211.71 389.0
212.0 794.5
213.8 98.6
224.0 130.71
230.8 1049.4
233.0 608.75
234.17 176.83
235.64 837.55
235.0 622.5
245.0 561.0
245.5 519.0
246.89 593.67
247.0 812.5
249.0 646.5
258.67 1007.01
251.8 945.4
254.11 292.52
264.96 622.6
266.0 339.0
266.33 105.67
266.5 240.0
267.5 851.5
272.2 170.4
273.0 104.29
272.5 415.0
274.6 685.8
278.05 211.1
277.5 310.0
281.0 10.25
283.64 866.69
286.5 492.5
288.67 981.33
291.33 256.33
293.67 794.33
297.5 16.5
297.67 119.67
298.75 173.38
300.88 241.88
301.0 488.71
303.41 233.28
302.5 864.0
304.0 393.0
307.0 806.5
308.0 18.0
312.53 654.93
313.0 250.5
315.0 518.75
317.0 240.0
317.0 269.5
316.4 636.8
317.6 66.8
319.0 961.5
320.5 212.5
330.0 386.5
338.29 61.0
339.0 634.0
339.0 741.5
341.8 36.4
343.0 150.5
341.4 351.2
347.5 31.5
354.0 967.5
355.25 590.0
358.5 861.5
359.71 757.0
361.33 716.33
364.71 19.0
366.71 76.0
366.5 430.0
370.0 990.25
372.29 215.86
372.2 307.6
373.5 1000.8
374.5 496.5
379.5 503.5
380.33 132.67
381.33 564.33
385.67 651.8
386.33 354.67
390.29 66.5
387.5 627.5
389.0 892.5
391.0 430.0
391.33 724.67
392.5 987.0
398.69 673.5
395.0 111.5
397.12 726.12
397.67 691.33
398.29 786.0
400.0 1035.25
402.5 360.0
406.5 243.0
405.71 644.0
412.5 812.5
417.5 209.0
417.83 655.67
421.09 1034.91
420.5 772.5
421.5 448.5
422.0 655.25
424.24 836.76
424.8 138.0
423.67 763.67
423.67 918.67
424.67 741.33
430.0 900.71
436.88 344.12
440.32 390.82
438.75 116.0
440.0 411.0
439.0 630.5
442.2 361.4
441.71 1069.0
443.0 818.5
446.5 810.0
448.5 930.0
449.0 113.5
453.04 456.6
451.5 766.5
452.6 900.8
455.33 664.67
457.5 293.5
457.67 839.67
464.5 505.0
465.0 792.5
467.5 670.5
467.5 694.5
473.5 135.5
475.33 260.33
478.12 645.88
477.67 1032.33
482.0 186.0
481.5 939.5
485.0 967.5
488.67 405.33
488.5 879.5
489.5 471.0
491.5 416.5
494.17 582.08
493.6 300.8
496.5 546.5
499.5 430.0
503.0 902.5
505.0 150.25
508.67 867.67
509.0 729.5
512.62 93.38
512.6 746.8
514.0 824.71
516.33 56.33
519.0 389.5
522.5 815.5
524.5 108.0
524.5 186.5
528.2 389.4
528.33 589.17
529.5 759.5
531.5 570.5
535.0 146.2
536.5 69.5
541.0 403.5
544.0 1007.5
546.47 734.87
549.18 97.18
553.25 237.42
550.0 827.5
550.0 952.5
551.5 5.0
559.0 127.0
559.0 523.0
563.0 502.0
564.59 666.12
567.5 731.0
568.12 764.88
570.71 1042.0
570.29 92.5
573.5 275.0
578.0 894.75
579.0 471.0
580.0 957.5
582.5 515.0
583.0 465.5
587.83 809.68
587.0 386.5
587.75 882.0
588.12 1011.88
588.0 596.5
594.0 280.25
597.0 126.29
597.5 940.5
599.12 973.12
600.83 842.83
609.46 943.15
612.0 645.0
610.5 875.0
619.0 1015.71
619.5 277.5
620.5 241.5
621.5 270.5
622.5 339.0
624.5 799.0
625.0 840.5
627.5 980.5
631.0 419.0
632.5 160.0
635.0 482.0
637.0 636.5
636.5 979.0
637.5 20.0
638.0 486.0
640.33 55.33
642.0 112.0
644.3 614.3
646.0 278.71
645.25 799.0
649.61 910.87
647.5 22.5
650.0 822.5
654.5 726.0
655.0 598.0
657.64 1015.91
658.0 430.71
659.0 384.5
662.0 489.75
664.62 752.62
671.88 467.41
671.8 312.6
673.12 453.88
674.0 423.5
678.03 49.76
677.5 9.0
680.33 701.33
680.71 1000.0
681.5 119.5
683.8 61.0
682.75 709.0
687.2 900.4
689.5 642.5
690.0 960.5
693.0 274.5
693.5 532.0
697.2 665.4
698.5 409.71
698.0 936.25
699.67 40.33
699.0 379.5
700.0 533.29
700.0 898.0
700.0 221.5
703.67 283.67
707.5 259.5
710.0 624.5
710.91 820.36
714.95 738.1
715.0 965.0
716.0 267.0
717.0 128.5
720.5 753.83
719.0 668.5
720.25 221.0
726.5 171.0
726.33 459.67
730.0 114.0
737.2 1050.8
736.4 63.2
738.29 396.0
742.0 898.75
741.33 1066.33
750.51 263.54
747.0 1041.2
748.67 228.67
750.47 1046.87
754.29 731.0
754.4 420.8
758.0 776.5
760.24 1027.0
764.06 44.15
761.0 419.5
760.33 957.67
763.0 642.0
762.5 353.5
763.2 385.4
766.71 307.14
766.5 880.0
768.5 650.5
773.0 453.0
775.87 160.47
775.12 680.88
774.0 856.5
776.5 467.5
777.0 584.29
778.0 51.0
784.5 401.0
787.5 410.5
787.5 758.5
794.25 120.25
794.0 677.5
798.9 653.82
796.79 879.0
796.0 903.5
800.0 693.5
800.4 885.8
801.33 757.67
806.5 643.0
812.0 286.5
811.5 666.5
813.16 728.84
814.0 658.75
815.5 995.5
819.6 288.2
824.83 427.83
825.5 295.0
826.33 237.67
828.2 418.6
831.57 800.77
833.12 685.88
834.0 134.5
837.12 243.12
840.24 826.0
840.33 397.67
841.33 645.33
841.5 775.5
844.0 710.5
847.0 1019.0
853.29 291.0
854.83 876.17
857.0 142.0
860.44 739.33
858.6 606.2
860.33 518.67
864.0 413.5
865.67 788.33
867.5 863.5
870.0 144.5
871.88 20.88
873.04 393.4
872.0 906.5
875.0 557.5
877.64 780.45
878.88 209.12
879.3 819.7
879.5 939.0
881.4 720.8
884.72 490.11
884.4 258.2
885.5 127.5
885.4 864.8
887.5 569.0
891.0 543.29
890.33 925.33
890.71 1077.0
891.88 92.12
893.2 798.5
893.0 881.71
893.5 974.0
901.26 4.8
894.33 665.33
894.8 943.6
899.0 94.5
900.67 858.89
904.0 16.5
905.33 113.67
906.83 709.0
907.5 409.0
908.62 862.38
909.0 423.5
915.98 746.88
915.5 499.5
914.83 466.83
917.0 760.25
924.6 841.2
929.0 727.0
932.0 47.5
931.0 819.0
932.5 757.5
934.0 311.0
934.89 614.33
934.33 864.67
936.0 485.5
948.5 748.0
949.33 1019.67
951.96 525.6
951.25 431.0
952.5 815.0
952.5 893.0
957.36 98.09
956.4 1077.2
957.5 283.0
962.59 878.12
968.88 665.5
966.71 824.0
967.5 376.0
970.0 825.5
972.5 67.0
972.54 178.85
972.0 258.0
972.5 728.5
977.5 332.5
977.67 362.67
978.12 519.88
977.67 867.67
978.67 374.67
981.29 51.5
982.5 893.5
987.27 591.95
987.0 299.29
987.0 403.5
987.0 788.5
990.5 344.5
991.0 563.29
995.0 55.0
993.8 286.4
994.67 453.67
996.0 702.5
1002.36 1022.09
1002.88 664.12
1008.0 241.0
1009.9 324.95
1010.0 50.5
1011.4 993.2
1014.0 891.5
1018.37 34.15
1018.0 176.5
1022.5 1043.0
1024.0 51.5
1024.0 525.5
1025.88 201.12
1025.88 467.12
1025.25 843.0
1026.5 750.5
1029.0 184.0
1029.33 340.33
1033.5 397.5
1035.76 443.0
1036.0 172.71
1038.0 544.5
1041.0 891.8
1041.4 185.8
1044.17 424.17
1043.5 899.0
1045.0 40.71
1044.5 1029.5
1046.0 882.5
1046.5 927.5
1046.33 353.67
1049.0 556.5
1053.5 108.0
1055.71 165.0
1058.75 725.0
1060.0 431.67
1060.8 221.4
1064.0 442.5
1066.0 855.0
1069.45 847.29
1070.0 353.0
1070.4 402.8
1073.0 466.5
1074.0 717.5
1076.0 304.0
1084.5 850.0
1089.4 955.8
1092.12 353.88
1094.33 968.67
1099.71 27.0
1101.5 1048.5
1108.28 588.05
1104.5 1038.5
1107.94 432.42
1107.5 516.71
1106.4 680.8
1110.8 217.0
1110.5 47.0
1112.77 1022.43
1114.0 276.5
1112.6 330.8
1114.0 662.5
1119.5 1020.0
1120.53 96.87
1122.67 895.33
1125.4 948.4
1126.5 361.5
1126.5 854.0
1127.6 95.8
1132.5 50.0
1133.5 434.5
1136.4 102.2
1136.33 499.67
1137.5 762.0
1138.0 947.5
1138.5 305.0
1141.47 487.57
1139.0 382.5
1142.83 286.0
1142.67 137.67
1144.0 220.0
1147.67 546.33
1148.67 33.67
1150.47 433.87
1150.0 680.25
1153.0 803.5
1155.11 1026.33
1160.12 143.12
1160.5 178.5
1160.25 359.0
1160.33 924.67
1165.87 797.53
1167.22 182.5
1168.2 537.6
1171.38 253.38
1173.7 79.3
1173.67 945.33
1174.0 425.5
1178.17 425.17
1178.67 117.67
1182.67 707.67
1187.0 885.5
1188.5 1076.5
1190.71 511.0
1197.57 639.27
1191.4 835.8
1192.5 400.5
1194.71 279.5
1194.29 863.0
1196.5 35.0
1195.0 142.5
1196.0 1050.25
1197.0 370.0
1198.5 184.0
1198.29 356.0
1199.5 302.5
1200.33 438.67
1202.5 917.5
1204.5 479.0
1204.88 865.88
1207.0 910.0
1206.33 374.33
1207.12 667.12
1206.0 858.5
1208.5 154.5
1209.75 766.33
1209.88 169.12
1210.5 207.0
1211.5 502.5
1216.09 297.91
1223.75 591.0
1224.5 80.5
1229.5 494.0
1233.67 402.67
1234.0 124.5
1234.5 564.5
1234.71 681.0
1236.5 794.5
1236.5 972.5
1236.4 1029.8
1237.5 347.0
1237.5 626.0
1239.0 162.75
1239.0 616.5
1239.33 690.33
1239.0 752.5
1243.08 337.5
1244.38 213.62
1243.83 228.17
1247.0 267.0
1246.0 936.5
1248.2 709.6
1251.88 421.12
1254.5 690.0
1258.67 429.67
1259.71 815.86
1262.78 407.91
1260.89 591.67
1260.4 617.2
1262.2 750.4
1265.38 566.85
1265.67 335.75
1270.64 580.96
1265.5 1002.5
1268.0 392.0
1270.67 41.17
1278.5 432.5
1279.18 604.18
1279.33 920.33
1280.5 374.0
1280.88 725.88
1282.0 756.71
1282.2 764.6
1283.0 368.75
1282.5 392.5
1285.38 207.54
1284.33 770.33
1285.33 535.33
1289.67 537.25
1291.09 69.78
1291.57 292.77
1290.12 597.88
1291.0 621.5
1292.5 629.5
1294.5 394.0
1300.0 299.5
1308.61 156.86
1301.33 402.67
1302.5 585.29
1302.5 970.0
1307.67 641.33
1313.0 956.0
1311.8 77.6
1318.14 422.29
1323.12 296.88
1324.29 510.0
1325.71 250.5
1325.0 591.5
1327.0 401.0
1327.5 145.5
1329.5 10.5
1329.0 101.5
1330.33 477.67
1333.12 919.12
1341.5 38.5
1344.5 873.0
1348.0 489.0
1347.5 728.0
1349.0 234.5
1351.2 721.0
1353.05 397.1
1351.5 635.0
1352.0 883.5
1354.5 433.21
1356.92 100.37
1353.5 140.5
1354.0 758.75
1355.0 815.5
1356.5 571.5
1360.58 494.42
1360.67 526.33
1363.29 255.0
1364.62 151.62
1363.67 775.33
1366.0 839.75
1367.0 532.5
1366.5 601.5
1369.08 59.31
1369.0 901.5
1369.0 542.5
1369.5 737.5
1372.5 124.5
1372.5 650.5
1375.0 987.0
1376.5 714.0
1378.5 1009.0
1380.33 295.33
1380.4 620.8
1385.64 350.91
1387.25 294.75
1386.29 309.5
1387.29 674.0
1387.6 45.8
1392.6 200.8
1395.0 472.5
1395.0 796.5
1400.0 166.8
1400.33 119.33
1402.0 266.25
1403.71 755.0
1405.0 244.5
1406.0 631.25
1410.5 31.5
1411.88 918.41
1411.5 160.5
1412.0 925.0
1412.5 4.0
1412.5 169.5
1413.12 341.12
1413.82 604.18
1414.33 196.33
1416.5 307.5
1416.33 901.33
1417.5 525.5
1420.0 470.5
1419.0 24.5
1422.12 666.88
1422.88 562.88
1424.25 213.0
1426.5 200.5
1430.5 329.0
1431.8 253.6
1433.4 260.96
1431.0 700.5
1432.5 773.0
1434.5 110.0
1435.4 640.8
1435.88 871.88
1437.67 69.67
1437.6 1071.8
1439.0 107.5
1441.3 287.78
1440.5 116.5
1440.0 1021.5
1445.5 956.5
1449.0 208.5
1449.0 325.5
1450.8 711.4
1451.5 972.5
1456.67 984.89
1458.29 566.0
1461.75 207.25
1461.76 758.62
1465.94 1028.97
1464.12 396.88
1465.5 99.5
1468.67 451.33
1472.29 277.5
1471.5 69.5
1472.92 340.8
1475.0 667.0
1474.5 211.5
1476.37 627.79
1474.5 774.5
1478.0 615.0
1482.5 1001.5
1484.5 546.0
1486.81 167.94
1485.33 203.67
1491.0 111.0
1492.12 807.12
1496.5 207.5
1497.38 304.38
1498.0 501.0
1500.0 176.5
1504.22 216.5
1503.5 174.0
1505.64 721.91
1509.89 91.67
1512.0 396.0
1515.45 914.36
1516.33 75.33
1518.0 464.0
1518.0 640.25
1518.5 211.5
1520.0 1005.0
1519.0 1025.5
1521.5 10.0
1524.2 536.5
1524.83 303.83
1527.2 293.6
1529.0 751.0
1530.67 51.33
1533.29 569.0
1535.8 553.6
1538.12 767.12
1541.4 191.8
1543.5 466.0
1545.33 133.67
1547.38 737.38
1550.33 668.67
1552.82 649.18
1551.0 892.5
1553.0 16.25
1553.0 738.5
1557.5 698.13
1554.5 854.0
1558.12 843.88
1559.83 349.83
1559.5 1004.5
1560.0 427.5
1561.0 852.5
1564.2 23.6
1564.2 428.6
1564.5 741.29
1564.0 772.5
1565.0 146.5
1566.2 421.4
1568.0 415.5
1569.0 1002.29
1569.33 550.33
1571.0 835.25
1572.83 604.17
1577.5 301.08
1575.89 895.67
1578.14 286.19
1577.5 120.0
1580.91 246.64
1581.5 579.5
1590.75 386.25
1585.0 948.79
1591.62 132.87
1586.5 79.5
1588.5 175.0
1590.4 510.8
1591.5 421.5
1592.5 460.0
1593.0 499.25
1593.5 415.0
1594.5 569.0
1596.0 730.25
1600.35 242.57
1599.5 530.0
1600.33 627.11
1602.6 170.8
1605.0 1051.0
1604.5 37.0
1606.0 606.0
1607.09 974.36
1608.0 233.0
1609.5 507.5
1609.0 757.5
1609.0 997.5
1612.11 241.67
1611.33 811.33
1612.5 741.0
1613.2 833.6
1614.0 429.5
1618.67 783.67
1622.33 941.5
1621.4 441.8
1622.29 991.5
1624.12 209.12
1627.6 317.68
1623.5 760.0
1630.0 167.0
1630.33 181.33
1635.8 440.33
1635.33 708.67
1636.4 456.2
1637.5 810.5
1638.67 537.67
1640.5 581.5
1641.5 764.29
1646.0 355.71
1645.0 941.5
1646.8 374.4
1647.71 894.0
1655.76 153.43
1655.33 233.67
1656.33 747.67
1660.5 690.0
1659.5 911.5
1661.33 205.33
1666.0 277.75
1666.79 629.0
1666.0 237.5
1670.15 983.58
1670.38 344.62
1672.5 920.0
1677.67 77.67
1680.53 637.87
1679.0 926.5
1682.75 913.0
1684.4 156.2
1684.5 964.0
1685.0 409.5
1685.0 415.5
1685.33 799.33
1687.5 824.5
1691.63 904.79
1693.67 279.33
1693.5 430.0
1695.8 410.4
1696.17 434.17
1696.5 13.5
1696.71 52.0
1696.5 299.5
1698.0 391.5
1699.0 724.29
1700.17 256.83
1700.5 1019.5
1702.0 428.8
1703.29 538.0
1705.21 383.5
1705.76 566.0
1705.0 364.0
1707.5 97.0
1709.5 708.0
1710.0 84.5
1710.0 322.5
1710.25 497.0
1711.0 627.5
1716.45 17.71
1719.0 170.25
1722.25 938.67
1722.5 277.0
1723.0 1029.71
1735.0 502.0
1736.5 463.0
1736.5 518.5
1741.25 293.5
1742.0 426.5
1742.68 514.42
1742.5 206.5
1743.0 1076.5
1744.5 210.0
1744.0 1021.5
1746.29 166.5
1745.5 191.0
1746.5 795.0
1748.0 320.5
1751.0 831.5
1750.33 927.67
1753.67 634.33
1753.5 961.5
1756.19 150.86
1755.0 623.75
1758.29 995.0
1759.0 824.8
1760.0 115.0
1761.29 402.0
1760.71 264.0
1763.21 538.5
1761.33 652.33
1763.0 245.5
1763.0 176.5
1763.75 940.0
1766.67 0.87
1765.0 286.5
1766.38 828.62
1769.62 24.62
1768.0 985.5
1770.0 135.0
1771.0 401.0
1770.33 981.33
1777.38 1054.62
1778.5 627.5
1779.75 302.0
1782.6 382.2
1785.4 224.8
1787.6 186.8
1788.62 336.62
1789.33 737.11
1789.0 979.5
1790.5 679.0
1789.5 1010.0
1793.67 498.67
1794.33 396.33
1794.0 406.0
1796.0 292.0
1797.8 185.0
1796.5 587.5
1801.5 1006.0
1801.5 69.0
1804.75 70.0
1807.42 1059.58
1811.5 236.0
1811.0 326.5
1816.5 535.0
1818.5 100.0
1821.79 647.5
1820.0 1044.5
1822.0 805.0
1823.71 156.5
1822.67 950.33
1824.63 213.79
1823.6 737.2
1826.0 245.0
1826.08 372.08
1825.4 437.8
1830.66 47.18
1827.0 839.0
1828.0 299.5
1829.5 140.0
1832.67 861.33
1836.0 458.5
1839.24 313.0
1838.0 405.71
1838.2 612.6
1838.5 927.5
1847.69 521.36
1840.0 554.5
1840.5 631.5
1841.5 259.5
1843.12 750.88
1846.0 948.0
1844.0 1021.5
1845.5 167.0
1846.8 498.6
1846.5 882.5
1849.5 86.5
1851.33 285.67
1851.5 331.5
1852.67 271.33
1852.5 324.0
1854.5 336.0
1855.0 199.5
1856.5 479.0
1864.75 194.33
1859.89 649.72
1860.5 994.5
1861.0 305.0
1861.0 478.29
1862.5 553.0
1864.2 768.0
1864.0 17.0
1868.5 354.5
1870.5 299.0
1870.33 414.33
1874.11 1019.52
1877.5 380.71
1877.0 875.8
1878.2 225.4
1877.5 664.0
1878.68 720.84
1880.36 193.55
1879.67 388.67
1880.0 345.5
1883.6 718.2
1885.0 89.0
1885.0 731.5
1888.0 198.2
1889.5 395.0
1892.53 313.87
1896.33 147.67
1897.0 277.0
1901.0 121.5
1900.29 341.5
1901.0 798.5
1903.84 188.21
1902.5 316.5
1903.62 442.38
1905.4 167.2
1905.5 498.5
1909.0 137.5
1912.5 390.0
!