5.23 600.55
0.71 861.0
0.33 930.33
2.29 780.0
10.4 1048.2
11.4 153.2
14.33 592.67
15.0 65.5
18.2 569.6
19.5 479.5
26.5 644.5
32.79 605.0
38.18 1015.82
36.5 654.0
40.83 719.17
41.5 697.5
42.5 509.0
47.27 312.5
49.5 707.0
50.4 505.8
54.71 246.0
61.0 61.0
61.0 869.5
64.0 677.5
64.0 758.0
67.5 204.5
74.62 322.38
73.75 936.0
78.5 759.5
78.83 1071.83
92.0 486.29
94.5 959.0
96.0 189.75
99.0 770.0
99.5 750.0
104.33 536.75
106.5 799.0
115.05 421.05
113.5 380.0
120.91 151.64
124.67 550.33
132.2 150.4
137.14 1072.98
134.0 7.0
134.67 506.33
141.88 417.88
144.88 1036.88
147.5 195.5
148.33 575.17
147.5 958.0
151.0 467.29
160.54 917.14
158.67 535.33
159.0 69.5
164.5 230.0
170.5 612.5
176.5 52.5
177.5 227.0
181.17 597.0
182.0 835.5
184.38 228.76
187.12 430.88
188.0 152.5
189.0 837.5
192.5 445.5
202.0 644.46
203.0 1018.0
204.0 181.25
217.12 815.88
221.5 903.5
224.0 369.5
227.0 833.12
227.5 304.0
228.0 978.0
235.0 241.0
241.5 802.0
244.38 79.38
244.33 172.89
245.5 328.5
246.5 845.0
249.0 1058.75
249.0 877.0
259.5 597.2
259.0 774.71
266.0 777.5
269.5 313.0
273.5 620.0
274.5 375.0
276.5 580.0
280.0 639.0
278.0 903.5
284.17 118.33
285.5 767.0
287.5 19.0
291.1 987.28
299.41 930.15
301.0 839.75
302.0 689.0
305.0 1065.0
308.36 333.09
307.5 697.5
318.0 674.0
322.5 394.0
330.82 1049.42
326.0 87.5
334.33 1036.33
337.5 1005.5
337.5 913.0
339.5 463.0
342.0 220.0
345.0 993.0
352.22 69.5
351.0 936.71
357.6 245.8
367.5 315.0
368.5 312.5
371.0 834.25
377.0 910.25
388.84 226.5
392.0 896.75
392.0 324.5
400.33 819.33
405.0 8.5
408.2 810.4
410.71 227.5
412.29 752.87
416.5 844.0
421.63 877.32
425.5 100.5
426.5 116.29
426.5 477.5
429.5 208.5
430.5 492.0
437.2 791.4
439.0 302.5
445.2 240.4
446.0 319.5
449.5 413.29
448.6 966.2
450.5 712.0
470.5 606.5
468.6 914.8
485.4 863.2
486.0 893.5
493.67 1050.33
494.67 965.33
499.2 1046.0
499.0 517.0
501.5 546.0
503.5 876.0
504.5 970.5
505.25 573.0
509.75 473.0
512.5 432.5
514.5 656.5
518.5 81.5
520.33 720.33
522.8 154.6
523.5 321.22
527.2 721.4
527.5 161.5
530.17 385.83
530.25 46.0
531.0 406.5
533.5 466.5
534.5 359.5
537.0 503.29
542.0 859.5
544.29 18.0
545.0 530.0
546.0 44.5
547.2 636.6
548.33 403.83
549.33 985.33
550.71 145.0
550.0 822.5
554.0 742.5
558.5 159.5
558.5 629.0
561.17 130.83
562.0 213.0
564.7 442.7
566.4 571.2
576.33 567.67
586.8 940.4
590.5 671.8
590.5 1054.5
591.25 718.0
601.33 733.67
604.33 847.67
609.5 540.0
615.67 1019.17
617.0 1047.29
620.0 3.83
620.4 1041.2
623.0 144.0
625.75 668.84
622.5 846.5
635.0 802.0
635.0 422.5
636.5 143.0
637.11 480.33
639.0 155.5
643.83 821.17
647.0 752.0
653.29 140.0
660.4 591.8
665.25 778.25
667.12 187.88
668.6 101.8
671.5 572.5
673.12 630.88
674.0 1011.2
683.12 161.88
686.5 446.5
689.67 373.25
689.75 568.75
701.24 374.0
699.67 567.67
702.5 480.0
708.0 182.5
708.5 1039.5
709.0 827.0
711.5 1005.0
713.0 1029.35
715.4 657.2
718.83 325.17
725.4 180.32
725.0 152.29
731.0 943.5
734.67 814.67
735.88 580.88
736.5 927.29
741.88 1012.12
743.88 328.12
752.12 309.88
757.5 791.0
760.0 407.5
762.5 354.0
767.7 534.3
778.6 66.96
779.0 547.71
779.0 898.5
779.0 955.5
789.5 327.0
790.0 954.5
802.78 802.5
805.4 3.2
807.0 814.0
806.0 1016.5
812.0 363.5
813.5 769.5
824.5 194.0
824.67 631.33
824.5 637.5
830.33 834.33
834.1 1011.9
833.0 1042.5
834.4 607.8
838.5 564.5
843.25 893.75
847.0 524.29
850.0 975.5
855.4 328.2
860.08 323.8
859.8 673.6
861.33 510.33
862.0 990.25
863.6 994.8
864.88 712.12
866.5 884.0
871.4 183.2
872.2 834.5
877.82 402.82
876.5 837.0
877.5 910.0
879.25 790.58
881.0 447.29
887.5 103.0
893.39 625.84
888.67 678.11
895.0 238.5
896.5 918.0
901.33 253.67
901.4 875.8
906.5 213.5
908.0 829.0
914.16 687.94
911.5 622.5
911.0 661.5
912.5 309.0
916.12 967.88
917.5 564.5
920.0 792.75
922.67 539.67
922.67 749.67
924.36 123.55
925.5 969.0
930.0 1052.5
932.0 371.5
936.0 876.71
935.33 995.33
938.5 342.5
940.33 984.33
943.5 421.5
947.5 940.0
952.0 206.43
956.33 410.33
956.5 460.0
956.71 733.0
968.23 461.0
963.0 12.5
966.5 839.0
970.5 770.0
977.33 1004.25
977.5 14.0
986.5 895.0
988.29 879.0
988.0 983.5
993.0 800.5
1002.25 26.25
1003.0 445.71
1008.67 796.33
1015.25 127.0
1015.71 923.0
1016.5 224.5
1019.5 337.0
1020.5 319.0
1022.0 737.0
1023.33 279.89
1038.12 580.88
1039.0 180.5
1041.0 94.71
1040.33 498.67
1041.5 348.5
1042.0 928.0
1044.5 205.0
1045.0 473.5
1050.0 788.5
1051.33 653.67
1052.67 601.67
1057.0 348.0
1057.47 856.87
1057.88 413.12
1060.0 672.5
1058.33 682.67
1068.7 918.27
1064.5 834.0
1067.67 766.33
1068.6 160.8
1068.5 424.0
1079.5 595.0
1083.6 262.2
1086.17 367.17
1087.0 1077.0
1091.5 157.0
1093.5 135.0
1095.67 267.67
1096.5 1.5
1097.5 41.5
1104.5 787.5
1107.0 725.0
1108.0 285.71
1109.5 761.5
1115.8 844.6
1118.67 529.33
1128.67 994.67
1130.33 337.67
1131.0 961.0
1132.2 495.4
1137.5 799.0
1137.5 825.0
1138.67 193.67
1143.29 361.5
1143.5 460.0
1143.71 562.0
1145.71 385.0
1147.67 782.33
1149.0 426.5
1156.5 20.5
1160.71 253.0
1161.33 917.67
1164.0 823.5
1165.5 207.5
1169.5 291.5
1174.5 739.5
1177.0 1077.2
1181.0 986.5
1185.5 386.5
1187.8 59.6
1192.76 265.76
1191.71 840.0
1199.5 865.0
1202.67 763.67
1204.2 191.4
1203.67 515.33
1207.5 610.0
1211.0 184.0
1210.5 586.5
1216.0 348.5
1219.25 521.38
1218.67 723.11
1222.0 179.0
1224.5 337.5
1225.33 310.33
1231.65 664.1
1232.0 424.5
1232.5 820.0
1232.67 946.33
1233.5 294.0
1234.0 501.0
1234.6 163.2
1234.0 381.5
1238.15 553.62
1237.67 1000.33
1237.5 1020.0
1239.5 626.0
1240.8 738.5
1249.0 211.0
1250.5 876.5
1261.5 665.0
1264.5 877.5
1269.0 834.5
1271.33 992.67
1273.75 617.0
1277.33 472.33
1289.0 800.5
1289.17 555.83
1290.0 229.0
1298.33 944.67
1299.5 776.5
1300.0 1038.0
1303.2 314.6
1312.74 771.41
1310.0 1034.5
1313.72 408.19
1315.0 101.5
1317.2 799.5
1321.0 504.5
1320.71 333.0
1321.33 525.67
1322.0 739.0
1326.0 608.75
1330.8 569.6
1330.25 595.0
1332.8 882.6
1335.17 835.67
1339.17 275.83
1340.0 851.5
1345.0 13.0
1346.0 258.29
1346.5 22.5
1348.62 669.62
1358.29 474.0
1358.67 130.33
1364.5 486.5
1373.35 548.76
1368.67 131.67
1375.5 108.0
1377.5 132.79
1378.29 138.0
1379.0 833.5
1384.0 187.5
1382.5 490.5
1384.33 51.67
1385.5 1026.5
1387.5 785.5
1395.88 144.88
1401.5 320.0
1402.0 488.0
1402.5 496.5
1402.0 517.5
1402.0 963.5
1408.41 613.02
1405.25 1055.0
1406.5 195.0
1407.67 423.67
1407.8 753.6
1408.83 703.17
1410.71 524.0
1413.0 823.5
1419.5 484.5
1422.2 581.4
1422.18 996.18
1423.29 395.0
1425.33 162.67
1430.0 938.0
1437.5 238.5
1437.67 719.67
1438.5 247.5
1444.62 972.38
1447.5 912.5
1460.25 804.0
1464.33 640.33
1476.11 426.28
1480.64 415.91
1482.0 978.75
1483.5 524.0
1488.5 126.5
1489.5 916.0
1494.5 449.0
1498.12 88.12
1500.88 3.12
1500.0 378.5
1502.5 564.5
1514.5 967.0
1518.5 372.0
1522.33 594.33
1519.0 146.0
1519.6 652.2
1522.2 528.6
1524.0 11.0
1526.89 926.33
1528.67 643.67
1531.0 341.0
1532.0 84.25
1542.5 370.0
1546.34 395.71
1545.88 288.12
1547.5 40.0
1549.86 957.19
1550.67 339.11
1550.25 512.0
1555.48 565.61
1555.71 302.5
1557.0 693.43
1555.0 1022.5
1557.0 901.71
1560.0 990.5
1559.5 625.0
1563.5 330.5
1565.88 135.88
1565.5 615.0
1571.5 236.29
1570.4 429.8
1571.5 312.5
1572.5 925.0
1573.5 24.0
1574.0 375.0
1578.18 367.18
1579.12 921.88
1581.5 984.0
1582.5 119.0
1584.0 652.5
1594.0 268.5
1594.0 731.5
1594.5 904.0
1596.5 1018.5
1601.4 198.2
1602.5 603.5
1604.0 477.0
1606.62 399.62
1617.67 611.33
1624.12 485.88
1623.88 897.12
1623.75 909.0
1629.0 287.29
1631.5 910.0
1637.0 412.0
1637.5 589.0
1640.0 145.5
1648.67 753.75
1649.0 880.5
1651.71 253.0
1654.25 70.38
1666.5 347.5
1666.33 568.67
1669.5 684.0
1671.5 809.0
1672.67 547.67
1673.5 682.5
1674.33 634.33
1674.67 1070.33
1678.75 896.0
1682.5 802.0
1683.5 201.5
1684.5 1050.0
1693.51 602.18
1689.0 761.0
1696.5 12.5
1697.5 985.0
1702.0 1036.0
1704.33 732.67
1705.0 82.5
1710.0 390.0
1712.67 799.67
1716.88 369.12
1716.5 1043.0
1724.3 3.7
1725.0 1001.5
1725.5 86.5
1727.67 754.33
1727.5 861.0
1730.5 40.5
1729.5 933.5
1733.5 779.8
1732.88 820.88
1737.5 998.5
1744.5 355.0
1745.29 406.5
1744.71 675.0
1744.5 968.0
1748.33 72.33
1750.71 961.0
1753.0 935.25
1756.5 672.71
1757.0 734.5
1760.88 409.12
1762.5 974.5
1764.0 83.5
1767.12 177.88
1771.0 529.29
1770.5 950.0
1772.38 431.62
1775.88 1015.88
1780.0 200.25
1786.2 851.4
1786.29 884.0
1791.5 139.5
1795.4 131.2
1795.0 936.5
1803.25 832.33
1804.59 361.12
1806.88 160.41
1812.8 754.0
1813.67 283.67
1813.88 406.88
1815.0 696.5
1821.29 1016.5
1827.8 336.4
1828.75 975.0
1831.5 572.0
1837.0 396.5
1844.0 105.09
1853.86 287.81
1858.89 780.33
1861.5 287.5
1864.5 322.5
1866.87 749.53
1865.0 873.5
1868.0 335.71
1868.67 492.67
1874.5 550.0
1886.0 740.2
1887.0 573.5
1887.5 579.0
1890.0 514.5
1893.0 664.0
1894.3 103.7
1897.88 720.88
1901.0 623.71
1902.0 68.5
1905.4 130.8
1908.12 553.12
1908.5 105.0
1909.0 46.5
1912.0 1078.5
1913.67 97.67
1916.88 949.12
1918.12 695.88
!