1.07 92.87
3.5 41.5
4.67 373.67
13.0 925.5
14.17 896.17
15.29 460.0
14.67 1063.67
21.0 905.0
27.0 46.71
26.33 83.67
29.67 337.67
29.0 803.0
31.5 246.5
35.8 218.0
36.0 561.5
35.33 971.33
42.5 432.0
44.36 993.09
45.5 310.0
47.0 686.5
48.0 597.5
49.33 811.33
53.67 1047.11
54.0 1017.5
55.5 907.5
59.0 487.0
61.5 698.0
64.2 646.4
65.4 861.8
68.5 645.0
69.67 343.67
71.5 401.5
72.0 573.5
73.5 364.5
76.5 199.0
77.33 208.89
76.5 654.5
81.0 793.8
81.5 660.0
85.25 1071.25
89.5 1023.0
90.0 689.5
91.5 546.5
102.5 251.5
105.16 404.84
106.0 929.29
107.0 45.0
107.67 666.33
112.38 771.38
112.5 169.0
114.0 539.0
114.5 425.0
119.0 166.25
121.18 1010.18
126.0 128.5
124.64 467.55
125.25 225.0
125.0 846.5
129.0 917.0
129.33 1023.67
131.0 86.25
138.75 67.0
138.67 408.67
145.8 152.6
148.5 461.5
150.29 695.0
150.0 578.5
151.0 584.0
152.5 317.71
152.6 542.4
152.29 808.0
152.67 373.67
153.12 965.12
157.87 592.53
172.29 104.0
171.5 180.0
172.5 690.0
173.0 159.5
176.5 381.0
179.64 504.64
177.67 479.33
182.5 1024.0
185.0 382.5
186.5 647.5
187.67 235.33
189.5 219.0
191.0 1063.29
193.0 788.0
195.0 408.5
195.88 616.88
195.67 885.17
199.12 341.88
200.5 547.5
203.0 1052.91
204.4 578.6
204.0 155.5
206.12 136.88
207.89 914.52
214.89 19.33
214.8 991.4
221.33 284.33
223.17 909.17
226.0 927.0
232.0 427.5
236.33 900.33
241.5 99.0
241.0 264.5
242.88 155.88
242.5 992.0
248.56 43.78
247.5 456.0
249.5 522.5
250.0 658.4
257.0 315.5
256.5 714.0
256.4 802.2
257.12 883.12
258.0 139.0
274.8 627.6
278.55 318.36
277.5 734.0
279.62 187.38
278.67 358.67
282.0 351.5
281.5 510.0
282.67 362.67
283.29 566.0
284.0 698.5
288.5 45.0
294.67 21.67
294.0 293.5
296.5 82.5
297.5 1059.0
299.0 767.5
301.0 783.0
301.5 327.5
304.5 583.0
305.0 1058.5
307.67 687.67
307.5 782.5
308.0 891.0
308.0 988.75
312.5 589.95
314.43 378.65
313.5 723.0
314.5 367.5
316.5 58.0
324.68 359.84
322.5 250.0
324.5 32.5
325.0 903.29
327.5 63.0
329.12 857.12
340.0 106.5
343.5 107.0
344.5 1030.8
349.33 330.33
355.18 723.82
362.67 892.67
375.33 238.67
377.6 135.6
377.2 755.4
377.67 732.33
378.29 1006.5
379.12 890.88
379.5 267.5
379.0 697.5
381.33 1010.33
386.1 447.31
385.0 264.5
388.5 414.5
393.29 304.0
394.0 862.5
395.5 531.5
398.5 1033.0
399.6 482.2
402.67 556.33
403.83 691.17
405.25 739.0
408.5 566.5
408.6 713.2
414.07 216.53
412.12 754.12
414.0 231.8
413.5 403.5
414.0 436.5
418.14 122.64
418.86 311.81
420.5 819.5
424.0 292.5
427.71 767.0
427.5 1057.5
434.0 227.5
439.71 1032.0
439.5 1077.5
445.5 344.5
446.0 247.5
446.67 571.33
448.12 16.88
448.5 557.0
451.5 389.5
452.5 1042.0
455.83 802.83
455.8 807.6
458.5 622.29
457.5 935.5
458.5 269.0
463.5 193.0
461.5 858.0
462.71 1014.5
464.5 384.5
465.5 334.29
464.5 457.5
475.4 452.2
479.07 509.62
478.8 628.0
477.5 1030.0
477.6 1068.2
480.0 817.5
483.27 796.82
485.0 599.0
485.0 618.0
486.88 288.12
488.0 104.5
488.71 446.0
488.67 1043.67
493.29 277.8
490.0 350.5
492.28 796.89
491.25 702.0
492.5 495.0
495.0 38.0
495.29 778.0
496.0 1021.5
499.5 155.0
502.5 1004.69
504.5 878.2
505.0 190.71
504.0 1067.5
508.0 376.0
507.5 1015.5
508.12 1060.88
509.0 45.25
511.0 872.5
517.0 911.5
517.5 891.5
525.33 438.11
525.29 625.5
529.0 1015.15
524.0 1077.5
529.5 356.0
533.2 996.4
535.5 957.5
537.0 692.29
538.67 246.33
540.0 32.5
539.89 203.67
541.0 896.29
541.5 346.0
542.09 962.36
542.5 634.5
549.0 901.29
550.0 821.5
551.33 24.33
553.67 1063.67
554.5 644.5
555.33 861.33
560.5 924.0
567.39 624.94
564.0 1012.5
577.83 468.9
575.0 406.5
575.0 480.5
575.33 1008.67
578.75 716.0
579.0 861.0
580.0 367.5
583.67 618.33
585.5 972.0
585.0 333.5
592.5 429.0
594.0 951.5
596.0 282.71
595.8 621.4
595.5 730.0
596.33 48.67
596.8 903.6
597.71 986.0
599.0 164.25
598.5 644.0
601.0 638.29
600.5 956.5
607.0 781.0
607.6 920.8
615.0 216.0
615.4 975.8
622.0 113.5
624.0 843.5
625.82 906.82
629.0 982.29
629.5 207.5
631.8 1061.4
634.0 224.5
637.5 120.5
637.6 905.8
641.5 148.5
642.5 331.5
646.5 70.0
646.5 820.0
648.0 531.25
648.0 825.5
649.0 293.5
651.2 622.6
652.5 585.0
654.0 991.5
657.5 154.0
663.6 296.8
664.33 802.67
667.5 701.5
671.0 690.25
671.0 862.0
673.2 391.4
672.5 580.0
676.5 578.5
677.0 847.5
679.41 126.72
678.17 589.83
682.38 819.62
683.67 866.33
685.75 662.67
686.88 443.12
686.33 871.33
687.83 1003.83
690.5 21.0
694.5 738.0
695.8 623.5
700.17 589.17
704.5 595.0
706.5 311.5
712.2 479.4
711.5 988.0
714.0 48.5
714.67 280.33
715.0 107.5
717.5 189.5
719.71 453.0
723.5 990.5
725.0 23.5
727.5 698.88
730.58 669.25
732.0 580.0
739.56 455.02
734.11 504.28
735.0 622.5
736.5 1049.5
741.64 40.91
744.5 811.0
747.75 581.0
748.5 602.5
751.5 967.5
755.8 682.6
755.0 788.0
761.0 900.5
764.0 1076.0
767.67 921.67
772.5 192.5
777.5 745.0
779.33 443.33
781.5 1.5
781.33 624.25
781.5 1045.0
784.5 520.0
784.6 1006.8
785.0 366.5
793.67 166.33
794.33 808.67
799.5 434.2
799.33 576.33
801.5 440.0
807.0 579.29
806.25 876.0
807.5 1041.0
810.0 870.71
813.0 808.0
814.0 731.5
815.0 558.5
816.5 100.5
817.0 430.0
817.0 491.0
816.5 530.0
820.5 905.0
824.5 496.0
825.67 360.89
825.5 202.0
825.4 404.8
826.71 542.0
826.5 613.0
827.5 714.0
827.5 983.5
829.5 270.0
833.5 969.0
835.84 93.16
836.12 281.88
840.5 365.0
841.5 307.5
843.67 557.89
849.95 611.1
858.6 75.8
858.5 742.5
858.67 781.33
864.0 727.5
864.0 790.5
865.71 397.0
869.4 551.8
871.5 29.0
876.5 666.5
883.2 639.6
886.29 341.5
887.5 494.0
893.37 549.78
892.19 40.19
890.89 1059.67
894.67 905.33
895.5 71.0
897.67 729.67
898.12 858.12
899.5 571.5
903.12 898.12
903.83 325.67
906.0 1001.71
909.33 158.67
911.88 790.88
912.33 741.33
915.4 979.8
917.67 296.67
920.0 249.5
922.5 586.0
927.2 812.6
929.0 667.5
930.5 1027.71
930.33 60.33
931.62 809.62
935.5 547.5
939.75 470.0
942.5 163.0
942.67 1078.67
946.0 262.5
953.0 551.0
947.67 912.67
950.0 465.25
951.5 1049.0
955.11 599.72
954.0 197.0
955.0 994.5
955.5 612.5
956.5 696.5
957.0 1035.0
959.0 645.29
961.02 824.58
959.5 349.0
960.0 1031.71
962.5 191.71
962.5 580.5
963.67 1050.33
965.5 724.5
980.17 601.0
980.33 82.67
983.22 857.67
987.33 1039.17
988.2 922.5
994.53 923.87
994.5 893.5
997.5 849.5
999.11 660.67
1000.0 885.0
1001.0 68.0
1001.5 1054.0
1002.5 492.5
1002.5 754.0
1005.0 1038.75
1005.71 492.0
1005.88 791.12
1006.5 158.5
1010.0 426.0
1014.81 1060.81
1014.67 795.89
1017.0 727.29
1023.22 198.5
1022.5 783.5
1024.8 340.0
1024.5 259.5
1031.66 846.6
1029.0 687.5
1030.5 224.0
1031.4 149.8
1036.5 995.71
1038.67 1073.67
1040.5 649.0
1047.5 375.0
1048.2 795.4
1052.5 264.5
1054.0 996.5
1057.5 850.0
1060.5 245.5
1068.56 962.15
1064.5 254.5
1070.0 106.5
1070.0 792.5
1072.23 892.15
1072.0 131.5
1075.1 1032.7
1075.0 1078.75
1076.33 181.33
1080.0 652.0
1079.25 191.0
1081.0 626.0
1080.8 870.4
1082.5 170.0
1082.5 309.5
1084.25 638.0
1085.0 588.5
1085.0 884.5
1094.56 280.33
1095.0 42.29
1096.5 249.0
1097.5 1007.5
1099.62 878.38
1100.33 483.67
1100.5 495.0
1103.5 122.29
1105.89 474.2
1104.0 703.0
1107.67 577.67
1108.75 769.0
1110.5 1015.0
1112.67 153.67
1115.5 483.2
1114.8 798.5
1115.0 464.5
1117.5 748.5
1118.5 679.0
1119.0 895.5
1121.5 1074.0
1125.18 894.18
1124.0 1054.5
1126.88 65.88
1127.83 594.83
1129.5 651.5
1129.33 746.33
1130.75 1050.58
1133.91 506.91
1133.5 904.0
1135.12 817.12
1135.0 617.5
1136.5 413.5
1140.5 1037.5
1145.46 520.85
1144.0 928.5
1145.8 259.4
1147.5 85.5
1148.53 927.87
1149.5 216.5
1151.5 344.5
1154.12 413.12
1153.5 870.0
1156.47 758.87
1156.5 645.0
1159.0 798.75
1159.0 179.5
1160.4 319.2
1161.33 1040.33
1164.0 364.5
1166.8 387.0
1165.33 770.33
1170.5 644.5
1170.5 1034.0
1171.36 1042.09
1174.75 875.62
1176.33 500.33
1181.0 740.25
1182.33 795.5
1181.33 463.67
1183.67 845.33
1184.0 445.5
1185.0 136.5
1186.5 899.0
1188.0 909.5
1191.0 51.71
1190.0 562.0
1192.0 197.5
1195.52 115.03
1193.6 696.8
1196.0 935.25
1197.5 465.0
1201.96 957.04
1199.5 74.0
1199.5 155.5
1202.5 725.0
1205.0 535.8
1206.0 608.0
1206.0 677.5
1207.0 1055.0
1209.25 188.0
1210.5 863.0
1210.0 1042.0
1211.33 934.33
1214.0 825.5
1215.25 50.0
1215.5 788.0
1217.5 929.0
1220.31 770.88
1218.5 906.5
1219.5 548.5
1221.11 798.33
1222.0 72.75
1222.5 347.0
1222.5 519.0
1224.75 306.33
1224.0 790.25
1224.5 854.5
1225.8 191.5
1225.0 760.5
1227.0 472.0
1226.5 588.0
1227.67 840.33
1231.0 405.0
1231.64 638.55
1233.12 798.12
1235.0 917.5
1242.0 327.0
1241.5 677.5
1241.5 1045.5
1242.89 186.33
1243.12 527.12
1243.22 786.67
1244.0 980.25
1244.5 317.0
1245.0 347.0
1246.5 840.0
1246.25 951.0
1254.17 838.83
1258.29 42.0
1260.0 911.5
1262.5 675.0
1263.0 808.75
1266.28 360.9
1265.0 704.0
1265.0 36.5
1266.0 726.0
1268.12 257.88
1268.0 627.0
1267.5 895.0
1270.41 312.72
1269.67 341.78
1271.5 1035.0
1270.76 198.62
1272.2 770.4
1274.5 2.71
1275.0 565.71
1276.8 787.6
1283.06 849.15
1279.5 949.0
1280.71 667.0
1282.67 628.67
1287.24 486.32
1286.0 1042.75
1289.0 609.71
1290.12 95.88
1290.0 835.5
1301.19 1046.54
1298.87 933.53
1301.5 259.0
1305.0 744.5
1307.2 660.4
1308.94 981.42
1308.5 854.0
1312.25 1015.33
1312.67 650.33
1317.2 181.4
1318.5 459.5
1319.5 187.0
1322.81 12.81
1323.5 148.5
1321.5 1047.0
1322.5 528.0
1326.5 303.22
1326.0 930.5
1326.5 1023.5
1328.12 842.12
1328.5 439.0
1329.0 327.0
1329.6 332.2
1331.86 1007.24
1333.33 687.25
1332.5 850.0
1338.0 351.25
1338.0 670.71
1339.33 1049.33
1341.5 489.5
1343.2 213.6
1342.5 640.5
1345.0 997.0
1348.5 154.5
1348.83 1066.17
1352.51 1032.88
1352.0 487.5
1353.7 986.78
1354.0 738.5
1354.0 321.5
1354.0 733.5
1354.0 795.5
1355.5 417.5
1355.88 698.12
1356.5 720.0
1359.84 1009.75
1357.5 949.0
1359.0 972.0
1359.3 1032.8
1364.5 735.5
1365.25 1028.0
1366.43 1069.36
1366.0 711.5
1366.5 1052.5
1368.53 805.65
1368.29 883.5
1368.5 246.0
1371.0 868.75
1370.88 938.12
1374.67 90.33
1376.0 219.0
1376.0 249.29
1377.18 1003.53
1377.25 784.33
1378.83 1060.67
1379.33 807.67
1380.5 203.0
1382.0 143.5
1386.5 149.0
1387.5 474.0
1392.67 151.33
1392.5 1030.5
1393.83 115.83
1394.5 686.5
1396.5 416.5
1397.5 574.5
1399.0 239.5
1403.0 703.75
1405.5 822.0
1406.5 638.0
1409.5 990.0
1409.33 363.67
1411.0 382.5
1411.5 851.5
1414.12 0.88
1414.5 340.5
1415.33 558.67
1416.25 1043.0
1417.5 701.5
1423.5 218.0
1423.5 870.5
1423.6 977.8
1426.88 1042.12
1428.2 783.6
1429.5 121.0
1430.8 876.4
1430.0 913.5
1432.5 49.0
1435.33 712.25
1437.5 687.5
1453.0 308.5
1455.18 290.18
1457.5 891.5
1458.5 96.5
1458.67 878.67
1461.5 932.5
1462.5 964.5
1464.3 664.7
1465.38 893.38
1467.5 470.0
1470.0 346.5
1471.5 239.5
1474.67 350.75
1481.33 388.66
1474.4 1038.6
1475.5 718.0
1476.38 1048.38
1476.88 541.12
1479.03 844.67
1476.33 1072.67
1478.6 181.2
1483.71 112.87
1479.0 976.5
1480.33 602.67
1483.07 173.86
1482.8 270.4
1484.5 947.5
1487.5 146.3
1486.5 1037.5
1489.5 697.5
1490.5 434.0
1492.12 872.12
1491.33 1016.33
1494.0 834.5
1493.6 1023.2
1494.5 994.5
1496.5 524.0
1497.0 957.29
1500.26 185.74
1499.83 655.67
1501.5 440.0
1502.5 245.0
1503.0 669.25
1503.5 875.0
1504.5 277.5
1504.0 767.5
1504.83 1029.17
1511.62 467.38
1511.0 174.5
1511.88 536.88
1513.62 12.38
1514.29 147.0
1513.5 764.0
1513.67 927.67
1514.4 935.8
1517.0 395.0
1520.0 151.0
1519.5 554.0
1521.0 290.0
1520.0 485.5
1520.5 658.0
1521.0 1055.0
1522.0 9.0
1521.5 736.0
1522.5 68.0
1525.88 569.12
1529.0 974.5
1533.67 409.67
1534.0 658.0
1535.2 552.3
1534.0 769.5
1535.33 257.67
1537.65 143.65
1537.67 233.67
1537.0 489.5
1537.5 578.0
1538.5 433.5
1538.67 974.67
1540.67 902.33
1542.5 726.5
1542.5 103.0
1542.5 1000.0
1544.67 678.67
1544.33 991.33
1548.0 31.2
1547.5 750.0
1550.5 946.0
1552.5 283.0
1553.33 455.67
1554.2 430.4
1556.5 602.5
1556.5 878.5
1556.5 884.5
1558.0 621.0
1558.67 520.33
1560.0 82.5
1560.5 370.0
1562.67 177.67
1568.77 726.13
1568.2 224.4
1567.88 288.12
1568.5 593.0
1572.21 1031.09
1573.12 575.88
1574.0 974.5
1578.67 345.33
1581.0 1059.15
1580.0 590.5
1582.0 87.5
1584.24 725.24
1584.67 378.67
1585.67 287.67
1586.5 930.5
1590.69 344.22
1589.38 981.62
1589.0 235.5
1593.5 761.0
1594.5 730.0
1593.83 794.83
1595.33 932.67
1598.5 611.5
1601.61 970.39
1599.4 49.8
1601.5 54.0
1605.38 76.26
1603.5 1.0
1603.5 893.0
1605.0 183.5
1605.0 411.5
1607.0 134.75
1608.12 618.12
1609.67 461.33
1609.0 532.5
1610.12 1056.62
1610.33 554.33
1611.0 811.71
1615.17 1032.17
1621.21 323.85
1615.0 829.5
1618.12 1049.12
1620.5 609.5
1620.0 138.5
1620.83 188.83
1620.5 517.5
1621.5 704.0
1622.5 455.0
1622.83 490.83
1622.5 913.5
1623.67 3.67
1623.67 863.67
1624.0 995.5
1625.0 125.5
1626.0 392.5
1626.5 804.5
1628.6 882.8
1631.17 1004.0
1630.33 119.33
1630.33 388.67
1632.2 1031.4
1635.5 504.5
1635.5 566.0
1637.0 515.29
1638.0 733.75
1639.12 510.88
1640.11 192.67
1639.0 403.5
1641.0 357.5
1642.53 898.0
1646.75 1052.33
1647.0 520.0
1653.0 482.29
1658.45 117.09
1659.17 344.17
1658.71 351.0
1663.67 749.67
1664.12 808.12
1666.5 855.0
1667.5 867.0
1670.33 608.67
1671.5 762.0
1673.6 734.2
1675.0 436.5
1675.0 919.5
1676.4 293.2
1677.5 910.0
1680.28 951.9
1680.88 1056.72
1680.12 79.12
1684.38 420.62
1683.6 1065.8
1684.0 1005.5
1685.0 752.0
1691.5 1057.79
1691.5 632.5
1695.45 237.42
1696.5 212.5
1695.5 1076.5
1703.5 441.36
1701.5 382.5
1700.0 1064.5
1703.0 286.5
1711.0 501.28
1707.0 849.0
1709.5 935.5
1710.5 83.5
1711.5 665.0
1716.0 818.75
1716.0 909.5
1716.5 316.0
1718.12 427.12
1719.62 78.38
1719.67 800.33
1720.5 794.0
1722.5 117.0
1722.5 246.0
1725.78 149.5
1726.0 187.5
1725.33 740.33
1728.67 935.33
1729.83 287.17
1729.0 472.5
1731.18 149.18
1732.67 597.67
1733.0 121.5
1733.5 1044.5
1741.1 671.56
1737.71 844.0
1743.83 24.43
1742.2 876.4
1744.0 317.0
1742.5 1052.0
1748.21 642.69
1743.6 919.8
1745.4 132.2
1745.0 354.5
1745.0 972.0
1747.29 377.0
1748.0 4.5
1749.55 413.36
1752.0 741.29
1753.67 146.33
1754.5 352.5
1754.38 823.62
1754.25 359.0
1755.0 35.5
1755.33 436.33
1756.0 579.0
1755.33 1008.67
1758.5 1025.5
1758.5 495.0
1758.67 875.33
1759.0 175.5
1760.0 265.0
1759.88 603.12
1760.4 225.8
1762.68 438.32
1765.39 1009.31
1766.5 607.5
1768.25 484.67
1770.5 395.5
1772.41 532.28
1771.5 304.0
1771.91 737.64
1772.5 578.0
1774.25 504.0
1774.0 1077.5
1775.71 744.0
1780.0 436.5
1780.0 581.5
1780.8 838.6
1782.5 121.5
1783.0 799.75
1784.0 854.29
1786.0 622.0
1786.5 637.5
1787.0 817.0
1788.6 691.8
1790.25 303.0
1791.5 708.0
1794.12 310.88
1797.0 926.5
1797.5 255.0
1801.33 294.89
1801.33 549.33
1802.5 385.0
1802.5 782.5
1806.4 56.8
1807.0 812.75
1816.02 563.92
1810.0 669.5
1811.46 1072.85
1811.25 67.0
1811.5 422.5
1811.33 509.33
1813.5 319.0
1813.67 412.67
1814.79 933.63
1818.5 316.0
1818.29 438.0
1818.6 448.2
1819.5 1070.5
1823.12 537.12
1823.5 569.5
1824.4 931.8
1828.0 137.71
1829.0 257.0
1829.5 374.0
1829.0 422.5
1829.33 701.33
1830.25 370.0
1834.85 486.06
1832.83 24.83
1832.88 301.88
1833.67 600.33
1835.8 1022.6
1838.67 567.11
1839.0 310.5
1846.09 654.57
1844.29 606.0
1844.5 712.5
1848.0 767.5
1849.0 662.0
1849.67 974.67
1851.91 171.78
1855.33 126.33
1856.88 487.12
1858.5 559.5
1859.6 401.4
1859.8 430.4
1859.88 1023.12
1861.5 338.0
1861.5 415.0
1862.5 668.2
1862.5 534.0
1862.5 1043.0
1863.75 207.0
1863.5 982.0
1865.0 448.5
1867.04 582.4
1867.67 532.67
1869.0 492.5
1871.5 74.5
1872.0 406.5
1873.0 119.5
1873.5 529.0
1873.67 729.67
1875.75 533.67
1878.36 804.55
1878.67 390.89
1881.29 18.5
1881.0 271.8
1886.5 315.29
1885.8 1042.6
1886.5 322.5
1887.5 301.5
1888.11 994.67
1888.83 970.83
1892.5 834.69
1891.4 856.6
1892.91 985.91
1897.28 179.59
1895.0 460.5
1896.5 279.0
1899.0 390.0
1898.5 790.0
1899.0 351.5
1901.0 690.0
1903.5 459.69
1903.6 649.2
1911.53 326.26
1911.5 417.5
1912.67 133.67
1912.5 271.5
1912.5 500.0
1915.8 1002.6
1918.67 708.5
!