6.8 358.9
8.29 639.0
8.5 847.5
13.0 91.5
16.5 171.0
18.43 212.23
19.7 738.86
20.22 24.44
22.16 1007.16
24.4 757.2
32.11 900.33
35.33 199.67
38.0 726.5
39.0 991.0
40.5 339.0
40.33 1008.67
46.5 212.5
50.5 127.5
50.88 305.88
52.91 963.3
58.5 147.0
62.21 743.0
64.0 797.0
70.28 1025.11
69.5 1034.5
70.88 483.12
72.2 369.5
73.91 591.91
84.63 334.37
79.67 553.67
79.6 1066.2
85.0 933.5
89.71 49.0
92.0 390.29
94.12 1068.12
96.5 873.71
99.5 647.5
103.0 712.5
105.0 758.5
109.5 36.0
112.2 285.4
113.2 363.6
112.5 876.5
115.8 596.4
116.0 793.0
118.14 988.29
124.0 911.5
125.0 457.5
130.0 390.5
142.5 690.0
151.5 499.2
152.5 282.5
153.0 354.25
152.5 764.0
157.0 424.29
158.76 550.24
160.0 132.5
161.5 321.5
162.5 344.5
168.75 528.0
171.5 988.5
173.67 185.33
175.75 1040.25
181.0 520.0
182.2 35.0
187.0 260.5
187.29 862.0
187.5 292.5
195.0 552.5
195.0 1051.0
202.12 1067.88
202.5 90.0
204.5 394.0
204.5 842.5
218.84 725.16
220.0 818.0
222.5 333.0
224.83 870.17
229.33 544.11
231.0 615.0
235.0 836.5
241.8 398.6
241.71 1078.0
243.0 127.2
251.88 140.88
255.17 77.83
257.93 304.35
258.0 719.5
259.5 339.0
264.5 479.0
265.5 824.0
266.5 1012.0
267.67 957.67
276.0 110.5
276.5 656.0
279.62 52.38
278.5 495.0
288.67 628.67
297.63 578.79
303.24 256.24
310.38 480.62
313.75 663.0
316.5 682.5
317.5 386.0
320.67 831.11
327.2 563.6
326.33 1052.67
329.0 22.0
338.79 65.63
340.9 179.68
338.67 437.67
339.88 198.12
342.0 351.5
349.03 439.12
345.25 474.0
345.5 502.5
347.0 552.71
347.6 246.8
355.41 54.0
352.6 626.8
358.0 1054.71
360.75 256.33
362.5 536.5
372.2 969.6
384.09 362.09
384.0 428.75
386.2 1071.4
387.5 19.0
391.5 910.0
395.5 342.5
396.88 786.88
399.5 620.0
403.5 225.0
406.5 416.0
409.88 625.59
410.25 55.0
414.71 584.29
414.6 322.4
412.5 913.5
413.0 1000.25
418.0 365.29
418.12 494.88
421.8 90.4
424.29 871.0
425.25 818.0
429.0 634.5
433.37 132.21
440.91 463.09
437.84 822.04
437.5 735.0
439.5 749.5
441.5 584.5
444.5 312.5
447.38 921.62
446.5 963.0
453.5 1062.5
460.5 367.0
464.0 179.0
466.0 622.5
466.71 109.0
468.67 47.67
468.5 736.0
470.4 491.2
470.0 926.5
479.75 884.0
480.33 600.33
481.5 557.5
487.77 612.72
484.0 665.5
487.0 573.5
487.09 1039.36
492.5 937.5
493.67 48.67
494.0 554.5
497.0 1071.0
498.33 722.67
509.0 287.5
509.67 599.67
510.0 79.5
517.82 644.61
517.36 653.91
518.0 285.25
519.5 975.5
522.29 827.5
523.29 434.0
527.67 928.67
531.64 220.45
537.5 83.0
542.5 233.5
558.0 329.2
557.5 864.0
557.5 1067.0
559.29 597.0
559.38 887.38
565.0 746.5
570.17 931.17
570.88 314.12
572.12 40.88
572.0 925.0
577.38 591.38
585.38 180.62
584.5 947.0
586.5 6.0
587.0 918.5
593.12 185.88
593.5 29.5
594.0 158.5
599.97 734.06
600.0 289.71
607.67 144.67
609.33 1.33
610.0 208.2
609.33 941.67
611.5 647.5
614.5 585.0
615.0 378.5
615.0 488.5
617.0 700.5
616.5 990.0
622.5 80.79
626.69 765.88
620.0 831.5
627.0 326.0
627.5 689.5
628.5 284.0
628.5 1054.5
630.5 559.0
631.0 734.0
638.0 877.71
640.76 249.76
640.5 841.71
643.6 918.2
644.0 892.5
646.5 854.0
652.22 56.5
653.0 283.75
655.0 680.41
657.0 812.29
659.0 782.5
659.64 873.55
659.4 830.8
663.5 935.0
665.33 56.89
666.62 915.62
672.41 462.9
669.0 359.5
672.86 778.21
674.25 172.0
676.5 432.5
680.4 46.8
682.0 565.0
683.5 166.0
686.0 249.0
694.0 677.29
694.5 191.0
694.6 282.2
700.0 309.71
701.5 761.5
704.89 257.33
710.0 426.5
715.0 232.5
719.64 975.91
720.0 1022.29
724.86 495.43
724.0 742.5
726.5 650.5
729.32 523.44
733.0 269.43
731.5 990.0
733.12 99.12
740.39 48.17
743.0 725.5
745.0 982.5
746.5 58.5
747.5 43.5
749.18 264.82
748.67 641.33
754.41 371.0
758.29 2.0
762.36 666.5
765.0 488.0
769.5 124.0
770.25 635.0
770.5 674.0
771.0 729.29
773.0 224.5
780.0 342.5
782.5 500.0
782.67 635.33
784.17 750.17
791.5 768.0
792.5 779.5
796.0 892.29
798.2 361.4
799.83 1042.5
800.5 685.0
801.4 337.2
804.5 993.0
806.71 332.5
807.5 649.0
811.0 852.5
812.0 1057.75
815.0 55.5
816.5 184.0
824.5 540.0
824.0 890.5
827.0 809.0
832.14 164.66
827.8 398.6
828.2 763.6
833.75 313.0
837.8 447.5
838.79 660.0
842.36 640.45
845.88 825.88
851.8 694.08
849.33 1013.67
850.5 246.0
851.5 720.5
852.5 324.0
854.5 856.5
856.0 394.0
859.88 492.59
860.0 631.5
860.33 755.33
863.82 580.73
865.5 302.0
866.2 400.4
866.8 412.6
872.05 899.79
870.4 1023.2
871.88 799.12
872.67 279.33
874.62 639.38
874.4 802.8
882.84 480.3
885.5 355.0
894.67 335.33
897.0 476.5
903.5 621.5
907.5 527.5
911.5 244.0
916.4 492.8
919.0 903.0
921.36 1046.91
924.5 89.5
924.29 589.0
926.0 385.25
926.33 59.67
927.12 222.12
929.0 484.5
933.0 181.71
938.05 1000.9
939.0 437.5
940.5 1050.5
941.5 795.0
944.38 280.62
948.16 496.16
948.5 0.0
955.0 144.5
955.33 1025.33
957.5 123.5
960.5 254.5
964.5 577.29
965.0 1008.5
966.33 461.33
976.09 331.91
977.6 271.8
985.4 195.8
989.5 415.5
992.5 836.5
998.41 969.28
1000.5 73.5
998.5 737.5
1008.6 480.8
1013.33 473.83
1026.0 517.5
1024.0 1057.5
1025.33 375.33
1025.91 564.36
1025.5 680.0
1027.67 930.33
1029.11 29.33
1029.71 1057.5
1033.0 860.5
1032.5 970.5
1034.5 575.5
1038.29 140.0
1041.67 581.89
1043.5 329.0
1045.71 833.5
1050.6 175.4
1058.08 1003.3
1057.62 35.0
1055.5 696.0
1057.67 263.11
1057.2 610.4
1060.0 1062.0
1061.0 1021.0
1065.12 168.12
1066.8 931.4
1068.5 107.5
1068.67 495.33
1072.5 302.5
1073.12 700.88
1074.0 436.5
1075.64 898.55
1078.5 1028.0
1079.5 317.5
1081.91 227.91
1081.5 388.0
1089.91 942.09
1095.87 524.47
1099.5 169.5
1102.5 25.0
1103.5 231.5
1104.0 778.29
1105.0 1049.0
1107.12 533.12
1109.11 590.67
1111.5 443.0
1110.0 817.5
1111.5 454.5
1112.2 1046.4
1112.5 433.5
1112.71 977.0
1114.0 223.5
1124.0 63.5
1117.5 77.0
1119.0 1018.5
1120.0 556.5
1120.0 1021.5
1122.5 394.0
1123.0 1002.0
1129.27 915.43
1124.33 896.33
1127.8 747.6
1128.67 600.33
1128.75 832.0
1130.5 906.5
1132.2 477.6
1132.8 712.5
1132.5 725.0
1137.38 1022.62
1143.33 1074.83
1149.6 363.2
1150.8 404.5
1150.5 679.5
1152.5 1059.0
1155.67 946.33
1157.6 695.8
1161.12 317.88
1161.5 819.0
1163.6 596.2
1164.0 118.5
1165.71 764.0
1170.0 40.0
1176.89 180.67
1181.0 530.0
1180.5 1064.5
1184.0 801.5
1185.5 956.5
1187.67 259.33
1189.5 144.5
1192.5 1042.5
1194.38 991.62
1194.33 905.33
1199.5 491.0
1201.29 855.0
1200.33 1050.33
1201.5 25.0
1201.5 143.5
1204.0 836.5
1204.0 567.5
1206.0 281.71
1207.5 336.5
1211.21 423.5
1211.5 73.0
1214.76 532.41
1213.5 384.0
1223.0 594.0
1229.12 360.84
1229.0 862.0
1229.8 447.6
1230.29 909.5
1231.0 687.0
1232.5 188.5
1233.5 475.0
1237.0 765.5
1242.0 6.25
1245.0 478.29
1250.88 1000.88
1252.29 149.0
1251.5 203.0
1254.0 372.0
1256.71 666.0
1256.8 870.6
1258.75 266.0
1263.5 241.5
1263.67 1026.33
1270.0 49.5
1272.33 222.89
1275.5 447.0
1280.0 810.5
1284.0 602.5
1289.0 664.5
1290.25 756.0
1291.82 903.18
1291.5 40.0
1292.5 71.5
1297.79 296.0
1297.5 1073.5
1298.5 899.5
1302.12 221.88
1306.5 752.5
1314.25 453.0
1328.0 87.3
1328.75 482.0
1329.0 675.5
1334.0 10.5
1336.25 369.75
1337.2 791.4
1338.6 408.2
1338.5 450.5
1339.59 766.88
1343.91 560.91
1345.3 853.4
1347.0 97.5
1347.88 863.12
1349.64 941.91
1350.0 686.71
1350.0 217.5
1350.5 260.0
1351.5 194.0
1358.72 520.21
1355.0 801.5
1358.25 499.33
1361.5 237.0
1365.5 407.71
1372.5 190.5
1373.67 994.67
1376.0 194.5
1377.96 542.16
1378.0 313.75
1381.8 62.5
1387.5 593.5
1389.0 357.0
1390.2 497.6
1390.86 956.71
1395.0 181.5
1400.5 1006.5
1401.5 307.5
1401.5 368.0
1401.33 828.67
1402.5 290.0
1403.5 609.5
1405.0 218.0
1416.5 479.0
1421.4 191.2
1427.88 322.12
1431.2 283.6
1431.5 551.5
1432.5 31.5
1433.6 748.2
1436.4 831.2
1438.0 330.5
1437.5 414.0
1437.5 976.5
1441.33 903.33
1442.5 135.5
1442.5 719.5
1447.67 467.67
1448.0 416.5
1450.5 405.0
1452.0 927.29
1454.0 80.65
1458.5 552.0
1460.4 543.2
1461.5 624.0
1461.0 35.5
1468.46 360.41
1464.0 471.5
1467.0 395.25
1467.5 855.5
1470.88 695.88
1473.12 108.12
1472.5 639.5
1478.0 251.0
1477.0 596.33
1477.8 154.0
1485.59 743.26
1483.67 753.67
1488.67 528.67
1494.0 253.75
1495.8 335.4
1497.5 551.5
1499.63 1029.37
1498.83 717.17
1501.33 643.67
1502.5 837.0
1504.0 145.5
1514.96 240.33
1509.5 561.0
1510.0 95.5
1512.0 419.5
1514.0 647.5
1518.0 135.0
1522.5 385.0
1528.83 445.83
1536.13 230.53
1536.5 605.0
1537.5 476.5
1542.5 365.0
1545.5 811.5
1550.0 288.29
1558.5 194.0
1561.17 152.83
1563.5 480.0
1570.25 939.0
1571.5 549.0
1575.25 84.0
1577.67 665.33
1578.6 991.2
1587.69 248.77
1589.0 151.5
1590.71 618.0
1594.5 236.71
1597.0 684.5
1596.5 848.5
1597.67 145.33
1600.0 1048.5
1603.0 1.71
1606.8 865.4
1615.71 43.5
1621.2 588.6
1620.0 699.5
1623.0 1027.5
1628.5 421.0
1630.67 746.33
1632.0 383.2
1633.29 341.0
1642.5 502.5
1644.0 627.5
1645.0 563.5
1647.76 112.24
1647.12 125.88
1652.12 728.12
1655.33 776.33
1660.0 378.5
1661.87 799.47
1662.0 270.0
1662.5 243.5
1662.5 590.0
1663.5 819.0
1667.5 459.0
1673.0 10.25
1672.5 50.5
1678.67 1000.33
1680.64 256.91
1688.69 198.88
1688.0 562.75
1690.75 809.75
1690.8 579.6
1690.5 775.0
1693.5 514.5
1695.4 408.2
1698.33 7.67
1698.5 805.0
1702.88 1001.41
1700.0 611.0
1706.33 434.67
1708.5 526.5
1710.5 245.0
1711.5 64.5
1715.71 490.0
1715.8 653.6
1716.36 783.09
1717.5 845.0
1721.84 1057.2
1723.11 313.11
1723.5 214.0
1723.67 1004.67
1725.5 60.5
1725.5 845.0
1727.5 374.0
1729.0 786.5
1733.12 330.88
1733.12 437.12
1740.49 1011.06
1738.75 1025.0
1741.5 238.5
1743.2 157.6
1745.8 86.4
1747.5 575.0
1748.6 833.2
1758.67 1035.33
1762.5 210.5
1763.2 444.4
1762.5 881.0
1766.0 113.5
1769.02 418.25
1766.0 1049.5
1768.5 390.0
1773.28 884.11
1777.67 11.33
1784.11 628.67
1786.0 431.5
1786.5 1059.5
1794.75 66.0
1796.0 120.0
1796.33 842.67
1797.67 610.33
1805.0 1041.25
1805.8 940.4
1810.33 963.67
1826.71 619.0
1830.33 826.33
1833.67 628.67
1834.5 500.5
1836.8 375.0
1842.5 23.21
1845.33 985.33
1847.96 42.4
1847.5 1034.0
1850.8 1077.6
1854.5 386.0
1861.5 175.5
1861.25 198.0
1861.88 290.12
1866.0 172.2
1865.88 267.88
1865.5 946.5
1869.5 142.5
1870.0 729.29
1871.5 176.0
1875.4 340.8
1884.88 166.54
1886.0 762.5
1889.5 538.5
1892.0 609.0
1898.09 665.91
1896.36 125.45
1895.5 203.0
1896.0 516.71
1897.5 165.5
1898.0 860.5
1902.88 517.88
1902.5 838.0
1904.25 254.33
1907.81 174.14
1908.11 331.28
1907.5 243.5
1911.0 125.0
1916.11 951.67
1916.33 924.67
!