1.67 915.33
2.5 994.0
7.13 257.53
6.71 1054.0
8.0 608.0
13.0 405.5
21.61 748.21
16.0 731.5
19.2 345.4
19.33 694.33
28.29 27.0
32.5 391.5
37.32 775.32
36.33 517.67
38.5 840.8
38.67 628.67
40.78 34.33
53.55 1034.36
55.3 344.7
56.5 1044.5
62.38 260.25
72.89 894.92
77.12 198.12
78.0 1028.75
81.0 742.5
88.5 704.5
93.62 601.62
97.5 220.0
101.93 602.53
99.0 417.5
100.5 26.5
100.0 398.5
103.5 19.0
105.33 417.67
106.33 134.67
110.4 809.0
111.24 204.38
110.33 728.67
131.33 488.67
141.5 979.0
142.5 763.5
145.5 540.0
147.0 299.71
154.0 816.5
157.5 252.5
158.6 938.2
166.81 371.14
174.0 147.5
177.5 3.5
182.42 76.55
181.0 292.5
184.0 534.65
186.5 291.0
187.5 66.0
202.0 503.5
202.5 724.5
207.0 684.14
207.64 95.91
209.0 274.71
212.0 988.5
216.24 549.24
218.82 776.18
223.0 564.0
248.0 368.75
251.0 465.0
250.25 960.0
253.4 254.4
253.12 551.12
259.71 329.0
260.5 1002.5
261.33 996.33
276.5 98.5
275.5 299.0
277.0 441.83
280.0 647.0
283.83 989.17
286.0 1.25
286.33 539.67
287.5 375.0
288.0 556.0
314.33 747.33
326.0 461.0
331.0 858.5
335.44 1025.92
336.0 743.5
342.5 923.0
349.0 469.0
349.0 342.5
357.5 36.5
357.6 354.8
360.0 122.0
377.12 933.12
403.0 136.5
411.44 842.89
410.5 952.5
413.0 106.0
416.5 495.0
414.67 747.67
420.0 791.5
427.71 1012.0
430.17 909.17
434.0 819.5
435.67 132.33
436.8 664.4
439.5 407.0
447.8 937.6
449.0 579.5
451.0 830.71
453.75 821.0
456.4 377.8
458.0 443.5
461.8 60.4
463.0 384.75
473.5 457.5
475.0 1035.0
478.0 158.0
479.59 1040.0
486.5 848.0
492.0 746.5
494.36 863.09
499.67 848.67
503.2 763.5
504.0 368.5
506.14 716.57
507.71 252.0
508.18 756.18
511.5 907.5
518.6 633.2
521.18 763.82
529.67 90.33
530.0 1057.75
537.2 955.4
542.75 46.0
545.11 775.28
548.0 245.5
550.5 913.0
553.06 774.69
552.5 712.5
552.83 839.83
557.83 407.17
559.33 1031.33
562.0 1063.5
574.0 190.33
574.38 484.38
574.67 608.11
582.48 840.6
579.0 913.5
580.89 644.67
583.1 876.7
583.0 46.8
588.44 293.83
592.67 675.67
596.12 783.12
597.5 949.0
601.0 71.5
625.0 457.0
627.5 500.0
629.5 1070.5
634.0 313.5
636.21 651.37
634.0 991.5
636.5 368.0
639.5 574.5
638.33 592.11
642.5 310.23
658.0 236.8
657.5 366.0
665.33 613.67
680.88 512.12
681.0 545.25
680.71 575.0
683.5 1075.0
688.0 530.0
690.0 134.0
692.86 866.19
695.0 647.71
697.5 1040.0
701.5 800.5
705.0 168.5
707.67 58.67
707.5 487.5
711.5 633.0
721.18 852.0
729.64 147.32
730.0 94.8
732.29 291.0
731.88 608.12
732.67 833.67
735.0 78.5
744.29 278.0
772.2 737.0
781.0 606.0
783.0 85.0
783.0 308.75
787.71 767.0
791.5 744.71
796.5 651.71
794.0 979.5
795.88 360.88
797.6 738.2
801.5 921.71
802.5 4.29
804.7 870.95
806.33 360.33
811.5 761.5
818.5 419.5
822.94 321.3
820.29 762.0
835.0 567.5
835.5 114.0
843.88 380.12
845.0 1028.29
846.33 1070.33
851.0 321.17
853.38 1058.38
854.5 464.0
856.5 754.0
859.67 779.89
858.5 1065.0
862.0 770.0
863.5 503.0
864.0 632.5
865.5 171.5
868.0 951.0
868.5 1055.0
869.83 217.17
875.38 899.02
880.0 57.0
881.0 501.0
889.88 1015.88
896.4 5.8
897.5 205.0
898.5 530.0
900.33 330.33
905.33 30.33
906.5 614.0
909.0 299.5
910.0 657.5
916.5 420.5
920.36 397.09
922.5 493.0
928.6 279.8
941.5 767.5
946.5 170.0
945.0 962.5
948.67 343.67
952.5 173.5
953.0 915.0
956.0 639.0
970.15 663.38
971.29 579.5
970.4 904.2
970.0 1018.5
977.5 1046.0
979.5 989.5
986.5 265.0
994.0 656.5
997.5 872.0
998.67 706.33
1003.6 87.2
1005.0 101.5
1006.5 434.0
1011.5 254.0
1015.5 949.0
1020.18 804.4
1018.83 620.0
1021.67 580.56
1022.5 496.5
1023.0 637.5
1028.0 14.11
1029.67 21.22
1036.4 493.6
1036.83 484.83
1040.0 695.5
1046.8 538.6
1053.0 228.75
1053.6 33.2
1057.5 546.5
1058.5 347.0
1059.0 562.5
1060.88 117.12
1062.67 635.33
1066.66 478.38
1066.88 520.12
1066.33 706.67
1071.5 896.5
1077.5 615.5
1083.0 828.75
1085.92 502.03
1085.5 671.0
1090.74 407.05
1090.0 1000.0
1093.5 390.5
1093.5 859.0
1098.2 720.4
1102.5 327.5
1103.83 291.17
1105.5 406.8
1110.92 282.63
1106.5 699.0
1112.07 358.53
1112.25 126.75
1118.5 335.14
1115.5 831.5
1129.0 94.5
1131.0 136.25
1132.5 541.0
1132.5 1004.0
1136.5 510.5
1136.33 935.11
1144.58 395.98
1143.67 423.25
1148.0 409.0
1150.0 917.5
1156.5 474.5
1158.5 26.5
1166.33 408.67
1164.0 367.5
1172.0 464.73
1173.0 708.5
1180.4 452.8
1182.0 617.5
1183.5 415.0
1185.0 451.0
1185.8 344.5
1186.11 887.33
1190.66 367.0
1192.0 399.5
1192.5 269.5
1197.5 285.71
1198.82 42.82
1201.11 831.77
1203.9 174.95
1203.38 950.62
1207.15 398.54
1206.33 448.67
1209.47 555.13
1211.0 388.75
1212.5 941.0
1214.33 330.33
1214.0 883.5
1215.0 1039.5
1219.93 25.35
1218.59 243.74
1222.0 421.25
1223.12 896.88
1223.67 1002.75
1223.5 759.0
1228.0 306.5
1233.5 796.5
1243.53 505.93
1241.5 410.0
1243.29 970.5
1244.0 3.5
1247.11 38.33
1261.8 370.4
1265.78 982.69
1263.5 170.5
1264.0 90.5
1266.83 519.83
1270.67 257.33
1272.0 876.0
1277.5 560.0
1281.5 323.0
1283.25 261.67
1284.67 605.33
1292.5 402.0
1293.5 860.5
1295.8 19.6
1299.5 232.5
1301.21 327.0
1300.0 536.2
1302.41 682.72
1302.5 460.5
1306.8 574.4
1310.5 560.0
1320.5 126.5
1321.5 167.5
1328.88 367.12
1331.5 878.71
1332.71 787.0
1337.29 899.0
1347.12 858.12
1352.6 548.2
1352.67 982.67
1364.5 743.0
1370.33 538.67
1376.8 195.4
1376.5 1051.5
1389.0 878.0
1394.0 19.0
1395.0 850.25
1396.5 629.5
1400.0 142.5
1406.33 470.33
1406.5 904.0
1408.0 768.75
1408.5 1052.5
1410.81 6.86
1425.8 594.0
1425.0 72.5
1427.54 53.15
1443.0 55.5
1450.0 249.5
1455.29 734.0
1460.0 344.0
1464.5 232.0
1473.0 347.0
1489.0 407.5
1491.67 835.11
1496.5 595.0
1516.5 926.0
1518.7 1008.4
1523.72 930.19
1524.0 729.5
1532.5 266.5
1534.5 795.0
1538.2 191.4
1541.33 30.33
1543.0 1009.0
1545.71 675.0
1550.0 263.75
1553.12 227.12
1552.5 1014.5
1557.5 247.0
1561.88 938.88
1564.0 916.5
1566.8 1046.4
1568.5 303.5
1575.5 679.0
1587.5 750.0
1591.0 457.5
1594.7 63.7
1597.5 164.0
1598.0 494.0
1597.5 755.0
1599.0 229.29
1598.83 307.17
1602.5 680.5
1600.5 180.0
1603.75 892.75
1612.58 981.49
1607.0 898.0
1609.83 689.83
1616.8 62.08
1618.0 260.25
1619.05 996.27
1620.0 286.5
1624.0 411.33
1624.75 673.0
1635.71 475.0
1637.0 695.25
1639.5 956.0
1655.17 50.17
1663.82 994.18
1666.0 568.0
1677.5 779.5
1680.33 401.33
1681.11 486.33
1686.24 612.0
1691.8 266.6
1699.5 118.5
1700.5 504.5
1702.62 265.25
1713.12 735.88
1718.0 411.5
1718.5 794.0
1720.0 587.5
1731.88 16.12
1734.5 89.0
1736.5 128.5
1739.5 192.5
1760.12 139.88
1761.45 221.64
1762.33 653.25
1763.0 1056.5
1765.71 114.0
1768.6 790.8
1778.29 443.0
1786.12 691.88
1786.54 846.85
1792.5 387.5
1794.0 521.5
1796.33 409.67
1797.67 406.33
1804.0 780.0
1804.5 32.5
1807.5 217.5
1811.12 131.12
1813.5 1020.0
1814.0 322.5
1817.2 142.6
1822.0 792.0
1827.6 28.2
1831.5 755.5
1830.33 397.67
1834.29 304.0
1837.62 973.25
1852.67 29.33
1853.0 566.5
1858.79 914.5
1858.5 519.5
1860.0 862.0
1869.0 636.5
1873.0 114.5
1883.5 35.5
1888.5 211.0
1893.0 628.5
1905.4 852.83
1915.0 803.75
1915.5 26.5
!