4.0 559.0
4.5 781.5
4.5 1048.5
8.54 282.15
9.67 760.33
11.5 1018.5
20.5 110.0
32.0 374.75
36.0 147.29
37.0 93.75
40.0 69.0
47.5 752.5
47.5 716.5
48.5 560.0
52.07 528.44
50.5 771.71
50.0 61.5
56.5 1021.5
67.5 328.5
71.0 318.5
71.0 795.0
74.5 292.5
75.0 933.29
76.8 108.6
76.5 295.0
78.5 540.0
81.5 741.5
85.67 564.11
85.0 394.5
85.8 596.4
90.89 251.28
89.67 294.67
91.35 630.47
96.0 7.29
95.0 337.5
104.5 224.5
105.33 139.33
107.0 685.0
109.0 460.5
111.0 153.29
112.0 381.0
113.0 187.29
116.17 44.83
115.33 237.67
118.0 524.0
123.5 892.5
131.5 404.5
134.5 52.5
141.46 517.68
137.0 3.75
148.2 1000.4
150.75 375.33
149.0 432.5
150.71 192.0
152.75 696.58
159.0 786.5
162.5 594.0
162.67 956.33
163.6 752.2
165.17 714.83
171.5 239.0
171.4 452.2
173.7 310.3
177.0 70.43
182.37 347.31
181.35 410.35
182.2 397.6
184.5 729.0
185.5 802.5
185.8 536.4
187.67 680.67
194.33 914.67
195.0 791.0
199.5 658.0
199.0 851.5
202.5 602.0
204.17 831.17
204.4 18.2
206.5 872.5
217.0 1070.0
226.88 931.88
227.5 857.0
234.31 391.31
236.0 185.0
236.88 521.12
238.0 647.5
244.0 756.5
249.0 146.5
249.5 231.5
253.2 369.4
252.67 789.33
258.0 1005.5
261.0 695.25
262.67 232.67
265.0 259.5
268.67 425.33
271.8 984.6
282.8 928.6
284.67 1069.33
288.29 752.0
291.5 400.5
307.72 492.9
308.75 665.0
311.5 247.0
312.5 440.0
312.8 536.5
313.38 669.38
314.0 428.5
316.33 107.67
323.5 952.5
327.0 485.0
336.59 162.26
338.75 58.0
346.07 389.65
348.5 377.0
359.0 319.25
361.0 92.5
366.5 984.0
368.2 808.6
369.82 96.18
370.0 387.0
371.5 19.5
373.79 1030.37
376.0 1007.75
379.19 580.57
378.0 519.0
379.0 611.5
379.0 976.0
380.5 514.5
380.0 556.5
383.6 738.2
384.5 518.0
385.0 51.5
388.14 579.29
390.0 10.5
390.33 243.67
392.83 694.83
393.33 491.33
396.0 25.5
399.6 415.8
407.0 430.0
410.0 491.5
412.5 133.0
414.64 43.09
421.86 540.4
419.0 447.29
417.5 775.5
418.6 27.2
419.0 227.5
423.05 765.5
423.33 798.2
423.0 745.0
423.2 877.6
426.12 842.12
430.5 585.0
437.5 621.5
438.5 428.5
441.33 750.33
444.33 738.89
449.0 935.28
451.75 990.33
455.33 15.33
457.0 312.0
458.86 619.68
462.72 192.09
461.85 66.46
461.33 749.33
461.5 860.5
463.91 412.91
464.0 319.5
465.0 389.0
466.5 426.0
469.0 313.5
471.59 338.72
471.5 174.0
481.5 45.0
486.33 983.48
484.0 58.5
485.5 4.0
495.37 642.15
493.5 1061.5
496.33 762.67
497.67 53.67
498.6 766.8
503.0 351.0
504.5 635.0
510.0 217.5
513.67 264.67
515.5 641.29
516.0 426.5
520.0 329.5
521.5 122.0
525.0 732.5
532.0 895.5
538.5 1032.17
537.5 546.0
537.5 686.5
538.5 162.5
542.67 844.33
545.5 182.0
546.5 214.0
547.88 521.88
549.0 488.0
552.0 374.0
553.0 826.0
555.0 702.0
554.0 885.5
554.5 1069.0
556.0 41.5
558.0 390.65
559.5 918.5
563.62 31.38
565.61 95.48
567.0 400.0
567.5 895.0
570.5 254.5
570.0 589.71
574.4 151.8
574.67 499.33
575.0 51.5
583.6 62.2
584.0 702.5
589.5 67.5
590.0 848.5
592.55 51.64
592.0 122.5
592.17 786.17
593.5 426.5
606.3 473.41
606.2 122.44
617.12 304.12
619.0 354.5
620.33 910.33
625.0 255.0
625.33 371.33
626.0 45.5
626.5 676.0
626.71 956.0
628.67 108.67
629.33 340.33
633.5 541.5
637.0 684.0
638.67 959.33
641.0 430.0
645.0 145.5
647.0 125.5
649.0 94.5
652.57 888.77
651.5 599.0
658.5 641.5
665.45 597.36
665.0 644.5
666.5 601.5
670.5 399.0
673.52 364.39
671.5 721.5
679.17 883.0
679.5 113.0
684.5 416.5
685.0 909.5
687.5 604.5
688.2 673.6
688.2 1078.6
689.5 972.2
693.0 236.0
696.8 105.5
697.12 734.88
697.67 789.33
697.5 815.0
698.0 828.5
701.33 306.33
705.33 376.33
707.0 81.0
713.2 1073.6
713.6 20.8
714.67 550.33
715.5 434.0
718.12 189.12
720.38 952.0
719.5 55.5
719.0 1077.5
722.5 517.0
723.75 497.0
729.0 506.5
734.0 404.5
738.5 116.5
741.33 965.33
743.0 247.0
746.5 535.0
746.4 126.2
748.0 266.5
748.5 1067.0
749.5 205.5
750.33 242.67
751.5 854.5
756.5 720.5
762.0 112.83
766.5 532.5
769.0 536.5
771.12 548.12
772.29 456.0
777.86 624.71
777.0 926.5
777.5 607.5
779.88 485.88
779.67 834.33
783.29 399.0
783.5 650.0
784.0 739.0
795.37 624.79
801.5 219.5
803.0 493.0
801.5 775.5
804.69 15.31
804.75 457.0
807.5 294.0
807.5 900.0
809.5 934.0
819.1 362.1
816.0 1057.5
822.5 592.71
831.5 647.0
833.0 931.5
835.5 66.5
839.6 913.4
843.0 254.75
843.29 976.0
845.0 201.5
850.25 836.0
857.0 156.5
866.5 440.0
874.56 176.33
874.64 561.64
875.8 310.6
881.0 42.5
884.5 164.0
894.5 329.0
895.4 433.2
897.5 473.5
899.63 583.63
910.63 814.0
906.0 448.29
909.5 322.5
911.0 351.5
911.0 745.5
912.5 925.5
918.0 457.0
918.5 443.5
918.67 840.33
920.79 1001.5
922.5 689.0
922.83 934.83
924.29 723.0
925.25 382.0
930.8 256.4
932.5 543.0
934.5 433.5
937.0 984.0
937.88 95.88
938.6 276.8
943.5 24.0
944.75 906.0
945.0 317.5
945.4 1067.2
955.03 31.88
957.5 814.0
964.0 1062.0
968.5 265.0
968.33 1067.67
972.0 177.5
974.0 314.0
974.12 818.12
974.5 621.0
979.28 372.89
979.0 1012.5
981.5 688.0
982.67 229.67
983.67 445.33
984.88 552.12
986.5 688.5
991.0 1061.0
999.97 718.03
1000.33 900.33
1004.0 639.5
1004.0 764.5
1007.5 484.0
1012.5 145.0
1017.0 230.0
1017.5 487.5
1018.0 439.5
1019.0 66.5
1022.5 1071.5
1024.12 133.12
1038.0 533.0
1054.85 647.87
1059.0 173.0
1060.0 256.5
1065.29 344.5
1065.5 1038.5
1067.5 203.5
1075.89 17.52
1077.0 314.75
1080.4 426.2
1083.59 564.0
1085.0 1017.5
1089.55 192.36
1091.67 962.33
1094.5 458.5
1095.0 912.5
1096.17 1074.83
1103.0 175.0
1103.0 443.0
1105.0 495.71
1112.0 290.17
1112.5 160.0
1116.5 275.5
1117.88 681.88
1120.0 675.5
1124.0 472.5
1127.0 325.0
1126.5 1045.0
1132.18 526.82
1131.5 967.5
1135.4 195.8
1137.0 30.0
1136.5 926.0
1136.5 967.5
1145.0 412.0
1151.5 894.0
1150.0 1067.5
1153.5 492.29
1153.83 572.83
1155.0 387.5
1159.33 885.33
1160.5 443.0
1163.83 915.67
1166.33 50.33
1171.71 579.0
1175.0 152.5
1177.5 849.0
1183.0 150.0
1182.67 382.11
1181.5 394.0
1183.6 595.8
1187.5 9.0
1196.0 313.8
1196.0 915.0
1198.0 406.5
1202.5 74.5
1203.12 11.88
1203.12 133.12
1204.0 858.5
1205.0 306.5
1205.5 384.5
1210.0 637.5
1227.0 422.5
1230.0 884.5
1232.89 327.67
1233.6 368.2
1237.67 1015.33
1240.12 917.88
1241.5 166.5
1246.21 786.37
1247.83 178.0
1252.2 105.4
1252.0 1064.0
1252.5 244.0
1254.7 285.3
1261.0 728.5
1263.2 61.4
1262.67 156.67
1264.33 57.67
1264.0 732.5
1270.5 364.0
1272.0 8.5
1272.0 578.5
1281.5 204.0
1284.0 1061.91
1283.6 38.2
1283.6 574.8
1289.17 696.17
1292.5 809.0
1292.5 817.5
1301.5 498.0
1301.25 538.0
1309.5 440.5
1308.0 675.5
1310.17 949.83
1318.36 115.64
1315.0 445.25
1316.0 1026.71
1320.0 444.0
1321.5 231.5
1324.0 218.5
1324.87 1043.53
1332.75 551.0
1334.67 845.33
1336.33 271.33
1341.5 451.29
1343.12 75.88
1346.0 455.0
1362.0 864.5
1363.0 385.29
1365.0 528.0
1367.0 329.5
1369.0 894.5
1373.5 635.0
1374.67 753.67
1377.5 49.0
1383.5 1049.5
1386.12 1023.12
1391.0 364.0
1392.5 330.5
1394.0 900.5
1397.0 527.0
1397.8 207.6
1399.33 721.33
1401.0 641.5
1404.64 311.91
1405.5 150.0
1413.67 966.33
1416.0 1078.0
1416.5 230.0
1417.5 820.0
1422.67 1042.67
1424.5 820.5
1433.5 646.0
1434.5 316.5
1438.0 676.0
1441.5 555.0
1443.11 604.33
1447.4 154.7
1449.12 725.88
1450.0 180.5
1453.12 870.88
1456.19 900.14
1455.5 36.5
1456.33 53.33
1456.4 521.8
1459.58 726.58
1468.85 731.96
1471.0 534.5
1479.5 330.0
1480.0 352.5
1480.67 1052.67
1481.0 763.5
1482.0 914.5
1484.5 368.5
1493.59 744.28
1493.0 519.25
1495.78 866.5
1497.59 932.74
1498.0 957.71
1500.5 2.5
1500.4 96.8
1504.0 1062.5
1505.33 771.33
1508.42 297.42
1509.4 677.4
1511.62 1013.62
1520.0 273.5
1525.33 625.33
1536.0 440.5
1545.4 641.8
1554.5 819.5
1561.5 165.0
1565.5 1075.5
1570.0 1009.5
1572.0 161.0
1573.67 685.33
1575.0 857.0
1575.5 697.5
1576.5 94.0
1576.5 227.5
1581.0 132.8
1589.0 1008.0
1590.33 117.67
1591.5 956.0
1594.8 181.4
1597.67 812.67
1601.5 457.5
1604.5 327.5
1610.17 160.17
1612.2 657.6
1613.82 995.18
1615.0 1062.5
1625.5 387.5
1625.33 706.33
1625.8 804.4
1627.67 148.67
1629.0 115.5
1629.71 294.0
1634.5 600.79
1645.12 587.12
1642.5 30.0
1644.88 1054.12
1648.0 716.25
1650.0 911.0
1653.5 306.5
1655.62 238.38
1661.0 174.5
1661.5 14.0
1664.5 695.0
1665.25 767.0
1665.0 812.5
1665.0 1046.5
1666.5 4.5
1666.5 1053.5
1670.0 902.5
1675.46 107.15
1674.5 181.5
1679.5 486.0
1689.0 473.5
1693.0 196.5
1694.5 286.0
1699.5 171.0
1701.17 691.0
1699.5 804.0
1700.5 16.0
1704.0 458.57
1703.67 179.33
1704.0 87.5
1705.0 162.0
1706.29 779.0
1710.0 322.29
1713.0 629.25
1715.0 192.5
1720.4 975.8
1724.5 554.0
1726.33 303.67
1731.0 105.29
1732.0 1015.0
1734.5 980.0
1743.75 96.0
1744.7 878.7
1745.67 611.11
1746.5 177.5
1747.6 71.8
1751.5 439.5
1756.0 579.71
1765.25 614.0
1767.75 570.33
1769.0 1004.5
1773.5 704.5
1775.8 52.6
1777.5 447.29
1779.4 196.8
1782.67 152.67
1789.2 745.4
1789.5 369.0
1791.0 27.75
1799.72 186.21
1798.33 368.25
1806.0 123.75
1806.5 195.5
1811.25 478.67
1814.29 899.0
1816.5 327.0
1817.0 891.0
1819.71 219.5
1826.0 147.5
1832.5 404.0
1833.75 648.0
1835.8 688.0
1836.5 94.0
1844.0 730.5
1846.33 786.33
1847.5 805.5
1850.5 219.0
1856.5 859.5
1861.0 1027.5
1863.5 800.0
1870.33 85.33
1874.5 523.5
1878.5 328.5
1878.5 446.5
1882.0 499.5
1880.0 527.5
1890.0 538.29
1896.0 580.25
1895.5 852.5
1895.5 1051.5
1899.5 189.0
1906.24 71.0
1904.82 224.82
1904.29 778.5
1908.0 453.0
1917.29 810.5
!