3.66 40.0
1.5 520.0
3.67 138.67
4.0 391.5
6.5 385.22
5.5 395.0
5.5 438.5
8.2 13.6
8.69 451.88
11.29 235.0
9.71 289.0
12.5 175.0
12.5 434.0
17.0 381.0
17.5 329.5
20.8 955.4
25.5 522.5
27.5 848.0
27.67 1052.67
28.67 336.33
33.06 650.7
28.67 717.67
31.8 160.0
31.2 274.4
31.0 579.71
33.0 389.75
35.5 231.5
36.4 72.2
37.0 629.0
37.5 134.0
38.75 1026.0
40.0 119.0
42.86 149.07
44.82 366.18
44.5 1042.0
43.67 107.67
44.0 419.5
45.88 97.12
46.5 244.0
46.8 390.4
48.0 421.5
54.77 479.0
52.5 625.5
53.6 66.8
54.12 100.12
55.5 232.5
59.24 745.0
58.0 325.29
59.0 954.5
58.67 623.67
60.33 258.67
66.44 371.23
60.5 821.0
62.0 942.0
62.67 10.33
66.39 65.17
66.5 975.0
68.12 274.12
71.33 266.33
72.0 1050.0
75.0 0.25
76.33 942.67
78.0 211.8
81.0 357.0
88.08 931.19
86.0 4.0
86.5 602.5
89.5 131.5
89.0 947.5
91.8 344.6
92.0 514.0
92.53 1038.65
96.71 24.87
92.5 642.5
93.12 820.88
96.8 806.4
97.29 1052.0
98.5 314.0
99.0 383.5
99.5 717.5
102.0 834.34
101.33 949.33
105.5 699.5
105.8 857.6
107.5 355.0
109.5 430.0
112.41 127.12
111.25 564.0
111.5 731.0
111.0 764.5
115.3 524.7
120.0 431.5
120.0 592.5
125.25 475.75
129.5 55.0
130.0 173.29
131.0 351.71
132.75 438.67
134.0 992.5
143.09 626.36
143.6 198.2
145.0 717.29
145.88 504.12
147.6 638.2
151.5 4.0
152.0 661.5
153.89 1057.48
152.67 734.33
153.5 79.0
154.67 38.67
154.0 897.5
157.5 425.0
157.5 692.5
159.0 232.5
160.8 3.5
161.0 197.0
161.0 606.71
160.5 1034.5
164.0 309.5
166.5 68.5
166.5 655.0
172.0 737.43
172.83 64.17
174.0 10.5
174.0 717.5
176.62 181.62
177.0 21.5
177.0 459.5
177.67 221.33
178.0 329.5
178.5 806.0
180.5 704.0
182.0 239.71
183.12 359.88
182.5 898.0
182.5 939.5
188.42 923.42
191.5 144.0
194.5 581.83
194.62 158.62
194.79 874.36
195.8 716.0
197.0 252.0
198.0 800.0
202.67 1012.67
206.17 150.17
205.33 184.67
208.7 916.3
208.0 66.5
209.0 603.75
216.0 32.5
215.0 246.5
215.0 1027.5
216.33 307.33
218.0 827.5
224.77 893.92
227.0 928.0
235.0 329.0
238.83 975.83
246.21 45.59
242.5 265.5
243.2 1056.4
243.0 256.5
244.5 172.5
252.12 589.12
252.5 427.5
256.81 38.86
258.35 48.35
256.33 91.33
257.0 169.25
259.83 279.17
260.4 513.2
262.0 39.25
264.29 568.0
265.33 39.33
266.8 246.4
267.8 259.6
269.5 738.5
270.71 100.0
270.0 582.5
271.0 588.0
274.67 222.67
275.0 191.5
275.0 485.5
277.5 201.5
282.25 658.75
283.0 669.0
283.5 913.5
288.36 680.45
289.5 1020.0
292.36 434.09
294.55 761.64
299.6 928.54
299.0 32.5
299.0 697.5
302.0 1067.5
303.6 470.8
304.38 886.38
305.45 650.64
305.62 816.38
305.0 309.5
309.42 255.06
309.5 522.5
313.5 584.82
312.0 962.0
312.5 751.5
320.14 622.81
324.38 57.93
325.66 718.0
328.5 643.5
329.0 45.5
329.0 728.5
332.0 1053.75
335.0 568.5
334.0 236.5
341.5 309.0
341.5 1022.5
344.25 242.67
349.6 2.8
349.5 942.5
350.5 1053.0
352.5 235.29
354.0 638.5
355.4 46.8
359.25 646.0
361.5 979.5
363.2 10.4
367.2 501.0
366.5 957.5
366.5 1051.0
370.5 248.0
370.33 678.67
370.0 689.5
370.89 749.67
372.0 232.0
376.71 1010.0
378.0 97.0
380.0 171.5
380.33 420.33
380.5 799.5
384.68 704.57
382.67 46.33
382.6 306.8
390.0 73.75
390.0 591.5
391.33 934.33
395.33 224.33
399.5 937.0
403.67 621.33
405.4 273.2
411.0 829.0
412.5 901.0
417.2 461.4
417.5 450.0
420.97 22.08
420.5 328.5
422.12 691.12
424.26 1040.26
424.5 335.8
424.0 432.0
428.17 136.17
433.88 22.12
433.5 151.5
437.0 179.25
437.0 342.5
440.5 358.5
441.33 87.67
441.0 500.5
441.0 666.5
443.0 657.29
442.5 687.5
442.67 842.67
443.6 7.2
449.8 807.0
456.15 72.15
456.09 366.09
456.4 475.8
461.85 965.94
459.0 437.5
462.0 322.5
461.0 1056.0
462.0 245.5
462.0 462.0
465.28 996.89
471.0 178.0
466.4 590.8
468.5 1065.0
472.5 975.0
477.2 45.0
478.5 402.0
480.5 117.5
480.0 533.5
486.4 1061.8
488.5 212.0
490.88 756.41
496.18 199.18
497.0 939.5
501.8 459.4
504.0 386.5
506.5 287.5
512.53 693.35
511.5 762.0
524.03 268.97
523.0 589.0
524.67 159.33
525.33 79.33
525.0 1016.5
528.63 588.79
551.96 457.16
554.38 544.38
561.24 525.87
555.0 330.5
557.0 409.0
559.0 300.0
560.29 12.5
562.5 1011.0
564.33 878.11
569.0 743.5
571.5 1012.78
578.74 466.41
578.18 592.18
577.5 989.0
580.0 94.0
579.0 116.5
581.29 891.5
581.8 295.4
585.81 459.81
588.0 335.0
589.67 847.67
590.0 894.0
593.52 368.77
593.67 785.33
600.47 403.89
594.0 883.5
599.0 492.5
605.81 120.07
605.29 110.0
608.67 1018.67
609.0 8.5
609.0 841.5
611.25 629.0
613.8 248.0
615.71 472.0
617.12 273.12
619.8 701.4
619.33 889.33
624.17 642.83
623.5 836.5
624.33 848.67
626.5 260.0
627.2 267.0
634.12 642.88
635.5 460.0
637.5 342.5
640.0 397.0
641.71 675.5
640.5 1035.0
648.18 171.25
645.55 358.27
646.0 661.0
645.25 1014.0
652.71 278.0
656.5 348.0
660.0 49.5
662.5 525.0
662.67 913.67
664.67 40.33
670.0 12.0
673.12 380.88
673.6 418.2
677.53 593.87
676.33 915.33
684.8 200.4
689.0 989.5
693.5 354.0
700.0 475.0
698.5 354.5
700.5 635.0
700.33 801.5
700.33 858.67
702.5 162.5
702.5 350.0
704.5 905.5
704.0 267.5
708.0 751.5
709.5 951.0
710.33 664.33
715.34 1036.71
712.6 25.8
712.6 1065.8
719.5 464.0
720.0 211.5
721.5 206.5
725.79 577.91
725.12 851.12
725.33 395.33
726.33 164.67
727.0 220.0
727.67 963.67
731.57 84.33
735.4 767.2
735.71 998.0
738.0 227.5
740.71 108.0
742.6 885.4
745.0 144.5
743.5 480.0
747.2 933.6
749.38 390.62
748.75 485.75
749.5 88.5
749.0 557.5
750.25 821.0
751.5 592.5
758.0 305.24
756.88 548.12
760.0 750.5
762.5 478.0
766.71 828.0
766.5 996.0
771.0 16.5
770.0 237.5
770.0 307.5
773.0 137.0
775.5 585.0
776.88 1048.12
779.0 143.5
780.0 994.5
787.0 650.29
788.54 291.85
787.5 1041.0
793.0 163.29
792.5 487.0
792.5 565.0
796.35 802.65
804.59 485.16
804.33 207.67
804.0 457.5
805.5 797.5
806.33 448.33
816.4 73.96
815.0 27.5
821.1 1033.9
819.5 162.0
819.12 1049.12
819.67 30.33
820.5 312.5
822.33 456.33
822.5 742.5
824.83 299.17
826.0 831.0
832.0 112.0
832.2 980.4
839.75 117.62
840.5 152.5
841.5 652.5
844.0 883.29
849.0 822.5
850.33 34.33
850.0 487.0
853.75 406.0
859.37 64.85
856.5 291.0
856.33 432.33
857.5 947.5
858.29 1008.5
858.67 110.33
858.67 549.67
861.5 851.0
862.5 959.0
863.67 815.33
869.6 900.8
870.38 956.62
871.0 72.2
871.67 668.67
883.5 89.0
884.0 652.0
884.5 930.0
885.33 990.33
889.0 3.5
892.5 576.0
893.29 580.0
896.31 133.44
896.1 644.95
895.33 711.33
896.5 548.5
899.36 904.91
902.29 85.86
904.5 245.0
903.5 470.0
908.58 464.02
906.29 736.5
906.4 37.2
910.17 164.83
911.33 243.33
912.67 122.67
913.33 500.17
915.5 1022.0
914.5 1037.5
918.66 917.23
917.0 1065.5
923.2 906.4
924.0 587.0
925.5 517.5
926.5 36.5
927.09 53.36
927.0 944.0
938.32 549.84
931.5 792.0
934.33 254.67
934.5 485.0
935.17 561.83
941.5 194.5
944.52 94.11
952.0 482.82
949.5 710.5
950.5 74.0
952.0 685.5
956.5 366.5
963.71 6.5
964.79 66.5
962.5 781.5
963.55 969.64
966.0 458.0
965.0 702.5
966.0 978.75
967.5 1075.8
969.33 765.33
970.5 977.5
971.5 740.0
972.0 987.5
973.5 1050.5
979.5 377.21
974.29 529.0
973.5 575.0
975.8 708.6
976.33 804.67
979.5 495.0
982.0 123.73
983.67 170.43
982.0 549.0
980.0 882.5
984.0 647.79
985.23 675.57
984.0 607.0
986.0 875.25
986.5 16.5
986.5 59.0
990.0 894.29
991.33 39.67
991.5 987.0
991.4 1047.2
994.0 929.5
997.0 146.5
998.0 549.0
998.6 482.2
999.5 598.29
998.0 857.5
1000.5 338.0
1012.0 642.5
1012.67 562.67
1018.0 390.0
1019.82 766.82
1018.5 408.0
1020.0 991.5
1022.33 378.11
1021.5 644.5
1022.0 963.29
1023.5 653.29
1023.67 1043.67
1024.5 873.0
1027.5 571.5
1032.2 185.4
1036.36 67.91
1038.69 875.88
1040.0 589.0
1044.0 142.5
1046.0 1010.5
1051.0 622.5
1058.0 233.5
1059.0 58.5
1062.71 1058.0
1062.6 910.8
1064.0 59.0
1065.33 567.67
1066.4 736.4
1066.5 830.0
1067.67 841.33
1071.0 418.8
1070.25 451.0
1072.67 316.33
1073.29 354.0
1078.31 711.42
1077.29 652.14
1076.5 472.5
1080.5 130.5
1082.6 246.8
1082.5 665.0
1084.17 702.83
1095.0 778.29
1096.33 680.33
1099.2 7.6
1098.5 525.0
1099.5 382.5
1099.0 482.5
1100.0 657.29
1103.2 930.4
1107.21 429.0
1108.0 158.0
1109.5 633.5
1116.5 5.0
1119.5 47.5
1119.71 773.0
1120.5 214.0
1121.33 268.67
1122.5 110.0
1129.34 1050.83
1127.5 1022.5
1131.91 952.03
1131.4 14.2
1141.5 618.2
1140.5 847.5
1142.0 1007.0
1148.2 527.67
1152.5 51.0
1153.5 163.5
1157.27 683.11
1157.5 933.5
1159.5 749.0
1159.25 978.0
1161.5 572.5
1162.5 404.0
1168.75 229.0
1169.18 737.82
1173.15 880.46
1176.0 845.0
1178.0 279.0
1179.0 685.25
1183.29 566.57
1183.67 417.67
1184.5 314.0
1190.13 620.0
1186.5 703.2
1188.5 493.78
1189.8 373.0
1191.0 399.5
1190.88 564.88
1190.5 691.5
1197.55 648.36
1197.5 504.0
1199.25 511.0
1200.0 287.0
1206.5 521.5
1207.6 808.2
1214.17 261.67
1213.0 757.5
1214.0 526.5
1214.0 996.5
1215.25 750.0
1216.17 1040.17
1217.2 644.6
1220.0 112.29
1227.53 616.98
1233.29 243.71
1229.38 765.62
1229.0 539.5
1231.0 755.71
1231.5 847.5
1234.53 713.87
1234.0 187.5
1242.63 153.63
1240.0 801.5
1240.33 978.67
1244.0 531.5
1246.2 246.0
1245.5 392.5
1247.5 443.0
1248.75 955.0
1249.33 808.67
1251.5 587.5
1251.5 395.0
1255.33 756.33
1259.33 168.67
1259.0 995.5
1261.0 595.5
1263.0 13.0
1263.5 1004.5
1269.0 965.5
1271.0 174.0
1273.0 773.5
1274.89 470.67
1280.0 152.0
1280.5 536.0
1281.71 77.0
1282.29 395.86
1286.5 51.5
1289.62 10.62
1291.5 662.5
1294.5 51.0
1295.0 522.5
1298.67 484.67
1304.5 348.5
1304.0 505.5
1307.37 829.63
1309.25 836.0
1314.27 371.18
1317.36 162.55
1320.8 514.5
1322.2 425.4
1325.5 314.5
1329.0 83.5
1334.88 978.12
1337.5 697.5
1339.88 356.88
1342.82 270.18
1342.5 214.0
1342.5 1064.5
1344.0 601.71
1347.6 415.8
1353.6 538.2
1357.67 614.67
1362.29 91.0
1362.5 665.0
1364.8 187.0
1365.0 432.5
1365.0 608.5
1366.5 997.5
1367.5 205.0
1367.67 1010.33
1377.23 37.85
1377.5 699.0
1386.47 2.13
1388.67 188.67
1389.0 1061.29
1393.47 191.13
1396.5 492.5
1401.0 584.75
1404.56 286.67
1403.33 154.83
1402.5 489.5
1408.38 570.0
1414.45 721.35
1412.0 429.71
1416.0 11.5
1416.5 322.0
1416.5 966.5
1417.5 995.0
1420.89 594.33
1421.75 645.25
1421.5 1078.0
1424.0 805.5
1427.5 309.5
1434.45 127.36
1431.5 927.5
1432.82 193.82
1431.5 429.0
1444.07 538.53
1433.5 711.5
1434.67 33.67
1439.19 113.81
1437.0 290.71
1435.0 518.5
1437.5 167.0
1438.5 695.0
1440.0 431.5
1442.5 908.29
1442.5 522.5
1445.33 326.33
1445.0 951.5
1448.12 2.88
1450.17 399.17
1452.5 935.0
1454.2 130.4
1457.33 11.75
1457.5 35.0
1458.5 876.71
1460.0 166.5
1463.29 571.0
1464.0 135.25
1465.0 717.5
1469.0 758.5
1471.8 725.4
1471.5 926.0
1473.0 385.75
1475.72 847.41
1473.0 972.5
1474.67 115.33
1475.0 411.5
1475.0 656.5
1482.5 861.5
1488.5 511.0
1489.0 61.5
1490.64 297.09
1494.0 816.0
1496.82 561.18
1497.62 234.38
1499.0 139.5
1498.71 287.0
1499.5 539.5
1504.5 41.0
1506.0 139.0
1506.62 1067.38
1509.0 616.5
1512.56 377.4
1511.5 797.5
1518.0 435.71
1522.71 380.0
1522.5 387.0
1523.5 439.0
1525.64 623.36
1524.67 358.67
1525.5 557.5
1526.5 431.0
1537.12 92.12
1540.5 484.0
1544.12 103.12
1544.0 794.5
1547.04 125.4
1549.5 252.5
1555.33 745.33
1559.16 395.84
1559.29 538.0
1559.0 1030.0
1559.0 439.5
1561.6 180.6
1560.67 473.83
1561.5 282.5
1562.5 370.5
1564.18 689.18
1567.0 77.5
1566.8 483.6
1571.5 26.5
1573.5 266.5
1575.0 243.5
1576.0 497.75
1575.0 847.5
1575.67 903.83
1577.87 399.53
1577.5 947.0
1581.0 207.5
1583.0 94.29
1582.91 595.91
1582.29 648.5
1585.5 273.5
1591.0 110.71
1591.5 327.0
1599.48 473.14
1593.0 566.5
1597.5 31.5
1599.0 724.5
1600.4 286.2
1600.4 928.2
1603.0 544.0
1609.8 123.6
1609.0 527.5
1611.33 541.33
1614.5 197.5
1614.5 1032.5
1618.5 166.5
1620.5 391.5
1626.33 953.67
1628.5 1017.5
1637.33 437.14
1635.93 191.14
1634.67 267.67
1634.5 727.5
1637.36 239.45
1639.0 161.0
1640.5 924.0
1642.5 972.5
1643.72 388.11
1644.0 937.2
1647.5 812.0
1655.5 733.0
1659.23 200.43
1657.88 471.88
1665.0 1003.5
1668.67 414.33
1669.83 405.67
1670.0 843.5
1676.3 983.7
1674.5 292.67
1679.12 3.29
1678.0 241.19
1675.5 727.5
1678.14 159.21
1682.09 113.91
1684.67 47.67
1689.33 258.67
1694.39 747.13
1691.5 625.0
1695.48 656.39
1701.29 764.5
1702.29 1072.0
1706.0 663.75
1706.5 464.0
1708.9 266.7
1707.6 917.8
1709.0 322.5
1711.8 259.6
1711.5 287.5
1712.6 1007.2
1714.82 818.82
1714.0 211.5
1715.0 111.5
1717.5 1006.5
1719.5 585.5
1722.71 628.0
1724.33 1060.33
1725.0 113.5
1728.0 33.0
1726.25 406.0
1727.67 947.67
1728.5 245.5
1734.3 294.7
1733.5 874.0
1735.0 312.5
1736.5 266.0
1739.5 14.0
1743.47 122.07
1740.71 663.0
1743.2 547.6
1747.56 861.44
1749.0 14.0
1749.67 33.67
1749.4 791.2
1750.67 442.67
1752.88 214.88
1754.5 22.5
1755.8 480.4
1757.5 622.0
1759.0 497.0
1761.5 4.0
1762.5 1051.5
1765.2 521.4
1764.0 582.0
1768.0 658.5
1769.29 318.0
1769.0 741.5
1774.88 733.12
1776.5 120.5
1777.0 803.5
1777.5 263.0
1790.0 247.0
1792.5 988.5
1799.23 162.23
1799.0 778.5
1800.0 284.5
1802.24 596.24
1808.2 140.4
1809.67 294.33
1814.17 167.17
1816.0 0.71
1817.0 219.29
1817.2 1078.6
1819.0 1048.0
1821.4 129.2
1822.6 631.8
1825.5 37.0
1828.0 285.5
1830.67 297.67
1831.5 2.5
1831.33 437.67
1838.0 758.0
1843.67 165.33
1848.5 129.0
1848.5 154.0
1849.29 938.5
1851.59 975.12
1853.5 699.0
1859.5 72.5
1859.0 1022.0
1862.71 2.5
1862.0 299.0
1862.2 875.4
1862.5 182.5
1864.29 819.0
1866.5 24.5
1867.2 661.4
1869.0 221.0
1873.67 1060.33
1876.6 57.6
1876.38 786.38
1877.67 957.33
1881.5 96.0
1890.88 68.12
1890.5 374.5
1892.15 792.54
1893.67 490.33
1897.12 610.88
1907.3 28.33
1904.83 948.33
1905.0 425.5
1910.0 505.0
1910.5 784.0
!