0.4 446.8
1.0 914.0
5.64 503.24
8.33 447.67
11.5 1020.0
15.5 600.2
16.29 27.0
16.33 372.67
17.25 973.67
19.67 357.0
21.17 490.83
26.8 255.4
28.5 871.5
31.83 378.83
32.0 694.5
32.17 745.0
33.6 946.8
36.8 429.6
36.33 1058.67
39.0 689.29
40.0 134.2
39.71 781.0
40.33 174.33
40.0 279.5
43.2 1048.6
44.0 201.0
44.67 632.67
49.0 338.0
49.0 315.5
50.0 92.5
51.0 518.5
51.5 1046.5
55.4 536.8
55.25 560.0
60.0 866.71
60.0 587.0
61.5 42.5
61.5 787.5
67.0 830.25
66.5 972.5
68.75 172.0
71.5 300.0
72.0 796.0
73.0 19.29
73.5 428.2
74.5 580.0
75.33 125.11
74.0 1033.0
75.0 299.5
78.12 168.12
79.33 425.33
80.88 875.88
83.5 382.5
88.12 410.88
94.0 698.5
96.4 95.8
97.6 198.2
101.0 320.25
102.67 852.67
105.33 421.67
109.0 320.0
111.0 220.5
111.0 443.5
120.82 491.47
117.0 325.5
117.5 900.5
120.0 179.5
123.88 998.12
125.5 807.0
132.75 67.62
131.33 762.67
132.5 858.5
134.0 861.5
135.33 546.33
138.75 967.0
140.0 788.75
141.25 57.0
144.88 839.12
145.5 692.5
148.5 1014.0
151.88 458.12
155.33 159.33
157.67 596.67
158.5 554.5
159.67 303.67
159.0 519.5
161.5 1054.5
164.71 598.59
166.5 915.0
167.5 504.0
170.12 577.59
173.0 128.5
174.0 336.5
175.25 10.0
176.38 478.62
175.0 1077.5
181.43 644.0
182.0 146.29
183.5 450.5
184.0 639.29
188.12 746.88
190.5 982.5
191.0 324.5
192.0 434.0
194.0 1027.5
196.0 1042.5
199.83 462.83
202.12 87.12
202.5 304.0
207.5 545.0
209.33 456.33
211.25 155.0
212.78 827.5
212.6 357.2
215.0 885.5
220.8 526.4
222.0 706.25
222.5 804.0
225.56 357.75
229.0 300.25
238.5 551.0
240.0 225.25
240.4 95.8
241.25 446.0
242.0 715.0
243.88 754.59
245.0 985.71
255.0 71.0
257.88 169.88
260.31 838.88
262.0 669.0
263.2 91.4
263.67 529.33
264.5 21.5
266.33 46.33
266.88 803.12
273.0 599.0
271.88 562.12
273.5 516.5
275.33 768.67
280.0 397.71
280.67 761.33
281.71 60.0
283.12 880.88
286.5 552.5
291.5 271.0
307.2 144.5
307.67 356.33
308.67 458.67
313.52 80.39
311.33 290.33
313.0 283.75
314.53 4.13
313.75 241.0
313.0 971.5
314.0 577.5
318.6 482.2
319.5 224.5
321.5 208.5
322.2 329.0
328.2 97.6
327.5 165.0
328.36 915.91
329.0 156.5
330.0 233.29
329.0 406.5
330.0 427.0
338.33 158.83
340.8 312.6
343.0 525.76
342.6 822.2
345.0 286.5
346.0 554.25
345.0 918.5
346.5 117.0
348.0 401.5
352.5 634.5
350.5 462.5
354.0 253.5
356.0 375.0
355.5 1028.0
356.5 98.5
361.0 755.5
361.4 567.2
363.5 308.0
363.67 241.33
364.5 562.5
368.2 13.6
367.33 401.67
368.5 34.5
369.0 73.0
370.0 166.5
378.2 811.4
382.0 529.0
383.29 977.0
389.5 489.0
395.5 851.0
396.5 190.5
399.0 490.5
403.88 258.12
404.0 242.5
405.33 540.33
407.0 611.0
408.5 639.5
411.67 601.11
411.4 200.8
411.5 470.5
417.71 850.5
416.5 988.5
417.5 491.0
421.5 367.29
426.66 28.61
422.29 955.0
426.5 435.0
430.19 654.07
430.0 778.65
429.67 296.33
430.0 410.0
431.0 591.5
435.0 405.0
435.5 708.5
441.5 934.0
444.67 709.33
446.17 193.17
446.0 349.75
448.5 420.0
452.6 624.2
456.91 231.64
459.88 733.12
462.0 919.25
464.89 437.67
465.4 113.2
469.5 562.0
469.0 971.5
472.5 577.5
474.0 341.5
481.42 184.02
480.4 849.8
484.0 453.5
486.8 206.0
485.0 988.5
489.58 642.58
490.25 175.25
496.0 56.5
498.5 312.5
501.5 387.5
502.5 922.5
506.5 720.0
510.21 1017.63
510.8 65.4
511.0 622.0
513.0 883.0
517.5 396.5
519.5 629.0
526.0 526.2
526.33 112.67
529.0 74.79
530.0 662.0
539.5 746.5
539.8 198.6
539.0 856.5
541.88 918.88
542.67 723.67
543.0 246.5
546.25 28.25
547.0 941.5
549.0 205.5
548.0 556.25
548.5 99.0
549.33 1033.67
553.0 783.0
553.0 693.5
555.5 176.5
556.5 181.5
560.0 511.5
562.5 49.5
564.8 64.4
567.5 334.5
569.0 926.5
572.5 692.5
574.5 325.0
575.0 26.5
576.5 402.5
582.2 308.6
583.0 265.25
583.5 100.5
587.62 1049.85
586.5 511.5
587.67 1008.67
589.67 162.67
590.4 29.8
590.33 457.67
594.8 87.08
595.33 752.67
597.5 475.0
597.5 99.0
600.0 345.71
599.0 811.0
604.71 527.5
606.5 977.5
609.79 465.5
608.5 574.5
608.0 1029.5
612.5 321.5
617.0 415.25
617.5 774.5
617.67 400.33
620.0 82.0
620.0 707.5
625.0 594.5
626.71 64.0
631.5 725.5
635.0 526.5
636.5 269.0
637.8 317.0
638.0 979.5
640.5 208.5
641.5 636.5
643.36 140.45
642.5 824.0
643.0 1011.5
647.5 98.0
657.25 55.69
649.0 219.5
650.0 648.0
650.92 977.5
651.5 160.0
651.71 169.0
652.12 490.88
652.5 585.0
655.11 512.67
657.0 527.5
658.5 1057.0
663.75 215.75
664.71 368.5
665.4 540.8
666.0 966.0
667.5 166.5
673.12 271.88
673.67 252.67
676.5 323.5
677.67 702.67
682.5 342.0
684.11 565.72
686.17 341.17
695.3 770.3
695.0 547.5
696.5 756.0
696.5 880.0
698.67 28.67
700.11 719.33
701.5 1049.0
702.5 981.5
703.5 655.0
709.0 379.5
708.33 72.67
708.67 528.67
709.53 558.13
712.76 897.86
710.0 914.71
711.5 570.0
711.5 720.5
713.12 155.12
714.0 244.5
715.0 23.0
715.33 105.33
720.0 250.5
722.12 455.88
726.71 568.0
727.5 1074.5
728.67 647.67
730.0 1036.5
733.5 686.0
734.0 946.0
737.5 201.0
740.5 640.0
744.25 271.25
742.67 1004.33
746.5 265.5
752.5 350.0
755.5 905.0
765.07 175.47
766.0 239.0
765.5 89.0
767.5 419.0
769.21 1019.21
770.8 185.4
770.5 261.0
770.0 446.5
777.5 1.0
780.33 791.33
780.0 907.5
781.5 349.0
783.0 240.25
783.5 308.5
790.5 108.5
786.4 815.8
786.5 888.5
790.11 55.28
789.25 489.0
792.09 92.64
798.18 630.88
793.5 981.5
794.8 181.0
798.67 974.75
806.5 383.5
813.2 224.0
816.75 109.67
817.12 311.88
818.05 733.9
817.5 241.0
819.0 316.0
819.88 516.88
820.2 615.0
821.0 828.5
822.5 1000.0
826.8 463.5
828.75 555.0
829.5 79.0
830.0 167.5
830.0 192.5
830.5 279.5
831.8 1066.4
835.0 232.29
838.67 172.67
842.25 228.62
841.0 389.0
847.58 720.0
844.6 510.8
848.0 437.75
849.25 198.0
853.0 754.0
858.5 481.5
861.62 165.38
861.33 129.67
862.71 513.5
862.5 212.5
862.5 492.5
863.2 508.6
864.0 396.8
864.5 302.5
865.95 308.1
864.0 451.5
865.79 1024.0
865.0 596.0
868.0 228.75
867.6 617.2
869.5 817.5
880.25 632.0
884.5 67.5
889.91 700.46
885.0 257.0
886.5 593.0
886.5 1042.0
887.5 506.0
889.33 204.33
890.0 58.5
890.0 516.5
891.8 929.5
892.5 780.5
896.71 843.5
895.88 1043.12
898.5 971.0
899.67 560.33
903.0 65.25
904.5 462.5
905.33 446.33
905.0 1034.5
907.0 168.0
906.5 425.0
906.0 718.5
907.8 304.6
910.0 264.5
912.09 846.36
914.0 370.5
916.47 228.87
917.5 954.0
920.5 1076.5
922.67 224.67
924.4 613.2
928.06 260.31
926.5 520.0
927.42 598.84
926.5 722.5
929.5 529.0
931.5 292.5
935.0 1055.0
938.67 233.67
938.71 597.0
944.0 285.5
944.5 342.5
946.0 532.75
948.12 337.59
946.5 410.5
950.0 613.5
950.0 1052.5
953.8 0.4
953.33 226.33
955.25 264.25
954.29 484.0
953.75 699.0
956.0 344.0
959.6 651.6
959.5 314.0
959.5 413.5
960.0 801.5
962.12 170.12
963.2 841.4
967.29 312.0
968.5 636.0
976.0 631.0
978.6 156.8
980.5 148.5
981.0 475.0
981.4 660.8
982.83 747.83
986.5 276.5
987.5 334.0
988.67 521.33
992.0 210.0
993.67 977.67
995.5 325.5
997.5 976.0
1001.0 594.5
1004.6 150.8
1006.4 613.2
1010.5 69.0
1012.67 941.33
1013.5 1051.0
1017.0 211.25
1019.0 912.0
1020.88 376.12
1024.71 433.0
1029.5 241.0
1031.0 806.5
1035.0 519.0
1034.5 647.33
1033.5 669.29
1035.0 255.71
1036.0 146.25
1036.0 714.29
1038.12 729.12
1047.67 563.67
1048.5 927.5
1051.0 116.0
1050.4 405.8
1052.0 1071.71
1053.75 301.0
1056.58 336.63
1053.5 405.0
1056.0 114.5
1056.88 707.88
1057.5 170.0
1058.5 35.0
1059.5 290.0
1062.0 405.5
1061.5 827.5
1063.0 218.29
1063.0 747.71
1064.0 196.5
1064.6 1055.8
1065.0 532.0
1066.5 469.0
1070.0 257.5
1069.0 401.5
1075.08 1014.35
1076.09 113.22
1077.71 1028.71
1077.5 251.5
1081.11 296.67
1080.0 541.5
1082.5 386.5
1084.5 854.0
1091.0 347.0
1093.29 184.0
1094.0 514.5
1096.17 420.83
1096.5 1011.5
1100.74 337.26
1097.67 627.67
1099.67 380.33
1100.8 557.5
1102.5 695.0
1102.4 517.2
1103.75 390.0
1104.5 742.5
1104.5 784.0
1107.5 470.0
1109.0 827.5
1114.0 778.2
1115.5 736.0
1117.12 23.12
1119.0 217.83
1118.5 467.5
1120.5 176.29
1122.5 940.75
1123.0 4.5
1122.5 15.5
1122.5 494.0
1122.5 895.0
1124.5 620.0
1125.0 301.5
1130.5 494.5
1130.0 397.5
1132.29 45.0
1131.5 91.5
1131.5 1038.0
1134.0 413.0
1133.5 131.0
1135.17 478.83
1137.5 436.5
1137.5 961.0
1141.5 975.0
1143.5 694.0
1146.62 249.38
1151.5 550.0
1152.29 684.0
1152.5 429.0
1154.92 199.31
1154.71 498.0
1155.0 1060.0
1156.0 399.25
1157.67 54.67
1159.0 608.5
1161.27 1029.5
1161.0 5.25
1167.0 455.0
1172.5 740.8
1174.0 298.5
1175.47 495.87
1178.0 17.0
1178.86 236.19
1177.67 627.67
1177.67 988.67
1181.0 446.5
1182.5 741.0
1183.0 879.5
1188.03 620.33
1194.29 758.88
1190.4 110.8
1192.0 13.75
1191.5 281.5
1194.67 386.33
1197.0 620.25
1198.5 356.0
1199.6 317.2
1200.5 1054.5
1202.26 310.0
1202.5 337.5
1202.5 494.0
1205.88 589.19
1202.5 831.5
1204.0 134.5
1204.33 932.67
1207.5 441.0
1219.05 22.4
1215.22 833.5
1215.33 145.25
1218.0 153.35
1217.5 107.5
1217.5 863.5
1220.08 630.5
1221.29 454.0
1223.5 1047.0
1222.67 99.33
1223.29 157.0
1222.5 393.0
1227.76 918.51
1223.6 847.8
1226.41 477.28
1224.5 958.5
1227.25 282.38
1229.24 124.0
1226.5 165.5
1228.55 236.64
1233.0 477.75
1233.0 675.5
1233.0 211.5
1238.0 209.0
1237.5 423.5
1238.12 521.88
1243.0 856.5
1243.0 257.0
1242.8 276.0
1243.5 392.5
1248.82 278.82
1247.5 385.0
1248.83 360.83
1248.5 393.5
1251.85 173.54
1251.5 376.5
1252.5 595.5
1252.5 761.0
1253.29 831.0
1258.83 631.0
1260.0 205.71
1260.8 319.6
1260.88 915.88
1264.67 480.75
1267.5 252.0
1268.5 396.5
1269.65 755.0
1272.67 187.33
1273.5 721.5
1276.5 36.71
1278.62 645.62
1279.29 357.0
1278.5 746.5
1280.5 236.5
1280.0 57.5
1282.0 186.0
1282.11 551.67
1291.0 362.0
1295.0 494.5
1301.67 507.67
1301.5 234.5
1301.5 600.0
1305.0 227.5
1305.0 232.0
1309.75 541.0
1311.5 629.5
1310.0 234.5
1310.4 822.2
1315.0 596.83
1313.83 906.17
1317.0 426.71
1316.5 451.5
1320.0 82.5
1320.0 148.5
1322.5 118.5
1327.25 620.33
1328.2 83.6
1328.2 178.6
1330.5 709.08
1333.75 67.0
1335.0 422.5
1337.67 142.67
1340.5 295.5
1342.5 1014.5
1345.91 135.91
1344.0 641.5
1349.5 45.0
1349.83 581.17
1351.5 300.0
1353.42 793.42
1352.5 64.0
1353.5 889.5
1355.33 310.33
1357.5 188.5
1357.5 735.0
1360.0 104.29
1363.54 422.85
1363.5 475.0
1364.6 251.2
1364.5 769.5
1366.5 195.8
1369.0 432.0
1371.88 737.12
1373.2 807.6
1374.0 608.0
1375.29 637.0
1374.5 946.0
1383.0 39.29
1382.5 484.5
1387.2 1038.0
1391.5 906.5
1395.0 83.0
1393.6 547.2
1397.5 674.64
1395.5 49.5
1396.4 593.2
1397.5 125.0
1399.0 166.5
1403.7 135.6
1405.0 468.0
1407.5 766.5
1410.74 949.41
1411.5 142.29
1410.67 403.33
1413.33 58.11
1412.5 718.5
1413.6 504.8
1414.5 872.5
1417.0 321.5
1421.5 607.5
1424.67 192.33
1426.37 469.21
1426.0 437.5
1426.5 975.5
1428.0 12.5
1429.5 865.0
1430.5 34.0
1431.5 95.0
1433.0 754.29
1432.5 991.5
1434.0 284.5
1435.0 426.5
1436.33 95.33
1438.55 1045.36
1439.17 372.17
1439.0 366.5
1439.5 411.5
1439.5 881.0
1442.5 199.0
1448.5 548.17
1449.0 298.29
1449.5 538.0
1450.8 662.6
1450.33 764.67
1452.0 178.0
1455.5 986.5
1456.5 53.5
1456.25 916.0
1459.67 464.67
1460.0 800.5
1461.5 364.0
1463.0 887.8
1463.5 106.5
1463.6 450.8
1466.0 361.0
1465.0 528.0
1469.5 146.0
1472.47 53.87
1472.67 416.33
1472.5 449.0
1474.78 786.09
1475.0 115.71
1475.0 720.5
1476.33 158.67
1477.6 830.8
1480.5 209.0
1482.0 845.0
1483.5 98.0
1485.5 130.0
1486.5 95.0
1489.5 39.83
1490.81 876.93
1492.8 328.6
1492.5 620.0
1494.5 238.0
1496.4 836.8
1502.5 405.0
1503.5 110.5
1506.5 890.5
1505.33 307.67
1505.71 717.0
1510.5 205.5
1510.0 697.5
1511.5 248.0
1516.5 12.0
1516.4 23.2
1521.5 28.29
1520.4 378.2
1520.91 1041.36
1526.0 737.29
1528.5 276.0
1530.5 664.21
1530.8 496.4
1535.0 40.76
1536.12 1.12
1535.0 126.5
1536.5 825.0
1538.5 319.5
1541.0 201.5
1543.7 625.3
1544.67 549.67
1544.0 716.5
1548.2 317.6
1552.5 151.5
1552.5 254.0
1553.5 429.0
1554.5 97.5
1554.5 384.5
1555.5 604.5
1560.4 87.07
1559.0 1054.29
1562.83 904.83
1564.67 753.67
1566.33 486.75
1567.5 115.0
1574.17 1056.58
1570.6 31.8
1572.67 650.33
1573.29 717.0
1575.8 371.4
1577.85 483.54
1576.33 851.33
1577.5 247.0
1581.5 259.5
1589.88 531.88
1589.5 569.0
1593.5 612.8
1594.5 99.5
1596.79 220.91
1594.5 634.0
1596.5 644.0
1598.67 620.33
1601.33 121.33
1602.12 837.12
1605.12 25.0
1604.88 133.12
1605.88 148.12
1607.29 971.0
1608.0 96.5
1613.96 655.96
1612.5 135.5
1614.16 638.84
1617.29 495.86
1620.0 151.5
1621.5 0.0
1622.47 1060.87
1625.08 1038.92
1626.0 116.0
1625.88 247.88
1627.0 664.5
1628.33 1065.11
1632.0 576.5
1632.5 11.5
1634.78 79.89
1636.5 537.0
1638.0 329.0
1637.5 612.5
1637.5 670.5
1639.38 701.62
1641.5 742.5
1645.5 430.0
1647.6 236.8
1647.5 642.5
1650.5 267.5
1654.0 479.0
1654.0 356.5
1658.0 6.5
1656.0 974.25
1656.5 212.0
1658.0 127.29
1663.2 733.6
1664.5 131.5
1665.6 380.4
1665.91 405.64
1666.5 600.0
1667.5 204.0
1673.56 1067.76
1670.0 171.5
1671.33 436.75
1670.0 477.5
1677.29 166.0
1679.62 951.38
1681.82 292.82
1680.5 544.0
1681.5 614.0
1686.33 9.33
1687.6 641.8
1690.5 230.0
1694.67 932.67
1696.0 25.5
1697.5 11.5
1698.0 922.5
1699.28 1056.89
1698.67 578.67
1699.5 109.0
1705.35 855.0
1707.71 592.5
1711.07 257.56
1711.33 215.33
1714.11 948.72
1714.5 610.0
1715.89 109.67
1715.0 787.5
1717.0 625.0
1718.78 377.5
1719.67 236.33
1720.8 347.6
1722.83 137.92
1725.0 571.0
1725.25 736.0
1728.0 6.5
1728.5 154.5
1729.0 114.5
1730.71 196.0
1732.5 722.5
1734.88 55.88
1737.29 178.0
1738.5 361.5
1736.5 639.0
1738.0 101.0
1740.5 510.79
1741.11 821.72
1740.5 63.5
1745.5 67.5
1746.33 1019.67
1756.33 141.43
1754.0 1036.5
1756.0 846.29
1756.4 867.2
1757.67 686.33
1760.5 516.5
1761.29 68.0
1764.89 987.89
1761.5 699.5
1762.67 564.67
1763.12 851.12
1767.41 36.0
1765.83 278.83
1766.17 379.83
1767.0 269.5
1767.67 157.67
1768.0 595.5
1768.5 866.0
1773.0 936.5
1774.0 672.0
1776.29 194.0
1775.71 709.0
1776.5 222.5
1776.5 789.0
1776.33 1060.33
1777.88 602.12
1779.5 571.0
1783.0 1066.71
1783.83 96.17
1784.5 295.0
1787.5 200.0
1792.31 415.94
1794.62 60.31
1793.67 430.33
1795.0 1053.29
1795.71 719.0
1798.21 15.14
1801.5 279.5
1803.0 951.5
1804.83 5.83
1805.8 77.0
1804.71 533.0
1804.33 726.33
1806.2 409.0
1806.18 651.18
1810.0 450.0
1812.5 106.5
1812.5 410.0
1813.09 424.64
1813.5 955.5
1815.5 74.0
1817.0 602.5
1817.88 312.88
1817.67 595.67
1820.3 349.0
1821.0 309.0
1825.73 932.61
1824.0 202.0
1827.67 21.33
1828.0 310.5
1829.0 413.5
1830.0 50.5
1835.0 584.5
1840.0 267.5
1840.0 899.5
1841.5 392.5
1842.6 38.2
1843.79 197.36
1842.5 596.5
1845.41 606.0
1844.88 120.88
1847.12 446.12
1853.68 551.19
1852.0 480.0
1851.5 893.0
1859.67 1067.56
1857.88 382.12
1859.33 682.67
1862.5 55.5
1862.67 357.67
1864.0 686.5
1866.5 119.5
1872.8 848.6
1874.0 351.5
1876.0 129.29
1881.44 622.33
1882.6 402.04
1883.07 299.14
1882.5 322.5
1887.15 430.15
1885.33 392.67
1886.5 594.0
1890.02 739.41
1888.5 219.0
1890.2 749.2
1892.09 1026.91
1893.65 801.0
1895.62 250.62
1895.17 610.83
1895.17 714.17
1896.5 601.5
1897.25 746.33
1897.5 682.5
1897.5 750.0
1898.5 280.0
1899.0 525.5
1899.5 1024.5
1902.0 571.5
1904.4 904.04
1907.5 479.0
1908.0 610.25
1908.0 667.5
1907.67 1002.67
1908.33 117.67
1910.33 516.33
1911.8 626.0
1911.5 431.0
1912.5 4.0
1913.0 164.0
!