7.0 654.0
7.5 96.5
12.36 160.45
16.5 517.5
17.71 850.5
20.33 644.33
24.0 413.0
26.5 103.5
27.5 999.0
29.0 1051.5
33.12 1077.88
35.5 750.29
37.5 109.5
38.5 259.0
44.0 48.5
42.0 350.25
55.0 180.5
55.0 641.5
59.5 939.0
60.0 572.0
61.25 424.0
68.29 708.0
71.5 604.5
76.0 47.0
76.5 1024.0
85.0 500.5
88.5 924.0
89.67 671.33
90.5 709.29
95.0 328.75
95.5 96.0
96.88 19.12
96.5 293.5
97.75 830.0
99.5 484.5
102.5 927.5
103.1 867.8
107.5 1056.5
108.67 903.67
118.0 629.0
121.5 554.0
127.0 913.0
126.5 175.0
127.67 108.67
127.5 152.5
128.0 864.71
131.0 765.71
143.0 639.25
143.67 741.33
144.25 1052.0
146.5 874.0
147.2 330.4
151.5 161.17
151.0 413.0
163.67 484.82
159.33 100.33
161.29 171.0
162.25 441.25
173.64 920.43
172.5 544.0
173.5 797.71
189.27 207.1
180.5 652.0
186.4 547.2
190.5 970.5
197.0 881.0
202.0 592.0
203.38 964.62
205.33 124.33
208.0 185.0
214.0 854.5
218.5 256.0
219.0 66.5
220.71 743.0
225.57 245.1
223.5 905.0
225.0 211.5
229.0 439.0
230.4 671.8
232.5 415.0
237.0 834.0
238.5 895.5
241.5 716.5
243.68 395.68
245.33 833.67
246.5 526.5
247.0 660.0
248.0 851.71
258.0 883.13
255.89 823.89
257.0 402.5
257.0 1063.0
259.0 300.5
260.45 1020.64
261.17 371.17
260.0 701.5
262.0 938.5
263.29 672.0
264.29 824.71
265.5 1054.0
271.47 666.13
279.78 701.5
280.33 307.67
280.25 719.0
281.0 1010.0
284.33 387.67
285.25 594.0
287.0 309.0
289.5 957.5
291.5 589.0
306.0 901.5
310.87 164.07
315.5 391.5
317.5 62.5
318.71 287.0
327.67 458.89
332.2 260.4
335.64 1077.55
344.21 764.29
349.67 341.33
350.5 152.5
359.88 26.88
354.0 1017.5
359.71 802.0
362.36 772.55
362.6 303.8
366.5 356.5
366.88 960.88
372.2 625.4
373.0 115.5
373.29 373.0
374.83 99.17
376.5 1044.0
382.5 695.0
385.0 601.5
387.5 158.29
386.88 913.88
396.5 671.5
396.33 851.33
399.71 584.0
403.33 582.67
409.0 976.0
417.09 532.91
419.5 721.0
423.0 152.75
430.0 397.5
433.63 104.79
444.33 97.67
460.67 697.67
468.5 330.0
470.0 370.25
473.07 363.8
471.5 134.0
472.0 269.29
473.0 172.75
474.0 560.29
474.12 628.12
477.0 731.5
490.5 980.0
494.5 111.0
496.0 305.0
498.62 619.62
508.0 657.29
512.5 291.5
514.5 874.5
520.88 671.12
522.5 766.0
525.2 102.6
527.5 598.0
533.0 751.29
533.5 1027.5
536.0 510.25
539.0 797.0
547.5 630.0
551.0 743.2
548.5 849.0
552.0 302.5
556.0 906.29
556.67 125.67
557.0 132.29
557.71 546.5
560.0 451.5
564.5 4.5
573.0 96.15
569.5 259.0
572.0 397.5
571.0 458.29
574.0 42.5
579.0 862.5
582.67 931.33
590.0 441.5
598.0 841.5
600.33 596.33
601.5 534.5
605.71 947.0
606.5 455.0
608.0 117.0
608.91 243.91
610.5 380.0
615.0 197.83
613.67 376.33
622.5 364.5
626.5 1073.5
628.0 402.0
636.5 63.0
639.67 826.33
646.5 122.5
647.12 206.12
646.5 874.5
648.0 943.5
649.0 14.5
656.33 747.22
656.5 485.5
657.0 995.29
658.25 531.33
658.0 860.25
659.0 917.0
660.5 635.0
668.15 518.85
667.62 742.62
668.2 526.4
677.5 279.5
678.67 919.33
689.0 203.5
696.62 494.38
704.25 375.33
696.88 827.12
697.5 544.5
724.5 996.5
724.0 821.5
735.71 1013.0
740.0 465.25
740.0 327.5
740.0 722.5
747.12 262.88
749.5 338.5
750.0 424.5
750.0 528.5
751.5 276.5
755.11 1023.43
759.0 188.5
762.67 984.67
764.5 254.0
767.2 103.6
770.0 921.0
770.5 249.0
772.5 817.5
772.6 481.8
772.5 624.0
777.5 246.5
778.67 623.67
780.4 964.2
783.29 39.0
787.91 466.65
785.5 708.0
786.0 514.5
788.6 390.8
789.0 544.0
794.33 615.33
795.4 87.8
800.67 1051.33
803.5 120.0
809.5 350.5
809.67 544.67
816.0 721.24
818.78 855.17
818.5 561.5
830.8 26.4
835.0 322.5
838.5 376.0
840.33 760.33
841.5 391.5
841.5 680.0
846.12 32.12
847.5 486.5
849.4 322.2
850.33 25.33
858.6 267.2
858.0 952.5
862.33 516.89
864.33 425.33
866.5 350.0
873.67 232.67
874.29 1056.5
875.0 1002.0
879.12 909.88
881.5 625.0
884.0 766.5
885.25 1032.0
889.0 352.75
891.0 964.0
891.5 9.5
893.2 756.4
896.41 811.72
897.0 47.2
897.5 169.0
899.33 42.67
904.24 495.28
902.0 890.71
902.5 280.0
903.0 555.0
907.5 138.5
908.2 356.5
910.0 40.0
909.0 93.0
914.62 353.76
915.35 425.93
918.0 571.71
921.88 348.88
930.71 169.0
933.5 965.0
939.17 130.83
939.5 514.5
942.0 115.29
942.5 769.0
945.5 150.5
946.4 626.2
947.83 862.17
957.0 683.5
959.5 254.5
960.0 497.5
961.0 346.8
962.0 531.0
964.0 197.5
970.5 547.5
970.71 803.0
971.0 900.0
972.2 646.0
972.6 476.2
984.78 759.09
983.2 960.4
989.29 777.0
991.33 100.33
993.26 430.65
997.0 407.75
997.2 702.6
998.75 287.0
1000.0 612.5
1001.0 880.29
1009.0 251.71
1012.0 782.5
1012.5 84.0
1015.5 532.0
1020.33 936.33
1024.0 961.5
1026.5 412.5
1028.0 0.71
1028.67 350.75
1027.5 786.5
1044.5 449.0
1044.6 240.8
1045.5 97.5
1046.5 943.5
1047.6 3.2
1049.5 96.5
1050.88 686.12
1050.0 892.5
1056.33 914.33
1058.12 1042.88
1061.5 243.5
1064.17 394.17
1065.67 854.89
1066.4 825.8
1068.5 433.5
1068.0 786.5
1070.45 24.64
1073.0 984.0
1080.0 824.5
1081.5 37.5
1082.0 554.0
1084.33 143.67
1087.21 366.5
1092.5 101.5
1095.0 239.5
1100.3 347.4
1102.0 374.75
1105.0 169.0
1105.5 264.0
1111.33 756.33
1111.5 788.0
1112.5 465.5
1117.0 939.5
1117.5 181.5
1120.51 117.94
1118.5 392.5
1122.5 606.5
1122.5 7.5
1124.0 747.5
1126.5 55.0
1135.5 280.0
1135.0 490.5
1138.67 653.67
1142.33 31.5
1141.59 206.12
1147.5 1023.5
1151.5 940.0
1154.2 1017.6
1155.8 75.4
1160.5 356.5
1162.71 634.5
1168.34 315.0
1168.2 260.9
1169.36 579.79
1171.5 206.5
1171.5 853.5
1174.0 1054.0
1175.5 560.0
1178.0 689.0
1180.9 354.95
1182.2 115.4
1191.09 112.58
1189.0 196.5
1189.67 1024.33
1194.0 192.75
1194.86 383.57
1203.5 106.0
1204.0 422.29
1211.91 764.91
1210.5 839.5
1216.73 31.93
1218.5 695.0
1219.0 61.5
1219.0 943.5
1221.0 244.0
1220.0 626.5
1221.5 713.5
1227.5 816.5
1232.2 180.4
1232.47 785.13
1234.5 959.0
1236.5 346.5
1236.8 451.4
1238.5 564.0
1240.4 201.8
1241.33 635.33
1243.5 711.0
1245.33 282.67
1247.5 513.0
1248.63 1054.21
1251.0 349.0
1251.12 387.88
1251.0 923.0
1252.0 741.5
1253.67 744.67
1258.0 916.5
1264.5 1057.5
1266.5 515.0
1267.8 373.6
1269.25 161.0
1277.5 10.0
1280.0 833.29
1283.67 495.33
1284.0 558.75
1284.5 1.0
1287.5 270.0
1292.67 692.33
1295.0 434.0
1298.2 235.4
1297.67 944.33
1304.09 915.0
1303.71 536.5
1304.71 142.0
1306.0 35.0
1308.5 405.5
1307.5 567.5
1308.75 385.0
1309.17 656.83
1310.0 678.0
1318.55 180.64
1320.8 438.0
1320.5 387.5
1328.0 743.0
1335.5 821.21
1335.5 764.0
1343.29 92.0
1342.88 456.88
1346.0 430.0
1347.0 63.71
1350.47 331.87
1351.5 231.71
1358.0 551.5
1360.0 204.5
1362.0 383.0
1364.0 215.0
1364.83 191.17
1365.0 122.0
1365.0 652.5
1372.42 665.45
1373.0 848.0
1377.2 184.6
1377.5 409.5
1380.4 491.8
1388.0 1021.5
1392.0 174.71
1392.2 276.5
1392.0 871.0
1392.67 289.33
1395.0 255.5
1397.5 52.5
1404.0 724.29
1411.8 843.0
1411.5 24.0
1413.75 450.0
1422.95 538.21
1419.0 1078.29
1425.4 576.8
1425.8 649.6
1431.67 724.11
1431.5 115.5
1431.5 351.5
1431.5 998.0
1433.75 96.0
1433.6 965.8
1434.5 564.5
1437.5 260.0
1440.5 373.86
1438.5 82.0
1442.0 740.5
1452.0 394.75
1452.2 769.4
1455.5 258.5
1459.0 121.0
1459.5 657.0
1461.5 99.5
1463.0 731.5
1464.67 293.11
1464.0 276.5
1467.53 857.84
1469.67 415.33
1470.33 270.33
1472.5 451.0
1473.67 559.67
1476.4 878.2
1479.5 925.0
1484.37 923.21
1486.59 155.12
1491.0 957.5
1492.5 654.0
1498.85 845.62
1497.5 177.5
1498.12 282.12
1502.0 427.2
1507.5 24.0
1507.5 190.0
1507.5 924.0
1510.0 549.5
1512.0 1041.5
1513.6 477.2
1514.83 447.17
1521.5 617.5
1521.5 1077.0
1524.5 585.5
1526.33 13.67
1527.0 844.0
1528.2 522.6
1531.5 15.0
1536.84 1005.84
1543.08 179.75
1542.0 810.25
1542.5 319.5
1544.67 341.33
1544.4 522.2
1546.5 654.0
1549.29 574.0
1550.5 874.5
1550.25 478.0
1551.2 605.4
1561.07 316.34
1554.5 1003.0
1556.5 504.5
1560.5 1073.0
1563.88 174.88
1567.67 955.33
1569.17 757.83
1570.8 787.6
1573.5 265.0
1577.5 882.0
1584.67 717.33
1592.68 892.59
1594.5 559.0
1598.71 170.5
1600.33 348.67
1601.33 520.33
1603.5 914.71
1605.5 991.5
1606.5 300.5
1609.5 95.5
1612.88 651.88
1614.33 432.67
1626.5 610.5
1625.33 78.67
1628.29 185.0
1633.32 962.15
1640.33 73.67
1642.67 291.33
1642.5 894.0
1645.0 521.5
1648.0 845.5
1649.0 296.29
1649.67 362.67
1650.0 172.5
1653.69 317.1
1656.5 350.0
1658.0 451.5
1666.0 389.75
1667.09 458.22
1672.67 521.33
1673.75 384.0
1676.33 770.33
1676.4 1016.8
1680.71 475.0
1683.2 15.4
1683.0 110.71
1684.5 649.0
1683.5 711.0
1688.0 74.5
1701.0 374.0
1701.0 516.0
1701.0 977.0
1705.0 497.5
1708.0 91.71
1708.5 917.5
1709.5 784.0
1711.0 1069.5
1713.0 334.0
1714.63 306.79
1718.0 26.5
1725.86 709.37
1723.11 964.67
1724.0 501.5
1732.5 181.12
1729.5 633.0
1734.67 152.67
1738.67 901.33
1743.29 914.5
1748.55 139.64
1747.5 361.5
1747.5 568.5
1748.5 375.0
1750.0 935.71
1755.21 258.63
1758.75 1066.0
1767.5 585.5
1767.5 674.0
1769.58 978.34
1770.4 193.2
1773.0 145.0
1777.5 680.5
1778.5 907.0
1785.25 1056.75
1784.0 1001.5
1787.29 705.5
1788.12 1047.12
1791.5 241.5
1792.67 785.33
1797.0 547.0
1802.5 54.0
1805.5 148.0
1811.05 108.22
1807.5 864.0
1811.5 55.0
1821.5 495.0
1824.0 909.5
1825.88 1055.88
1827.0 0.5
1833.67 628.67
1834.88 167.12
1838.67 413.67
1843.5 202.5
1844.5 1019.5
1846.12 703.12
1850.27 270.58
1854.5 423.5
1855.5 456.5
1857.19 704.81
1857.67 301.33
1858.67 141.33
1859.67 522.67
1862.12 111.88
1866.5 15.0
1867.5 968.0
1873.33 922.57
1872.0 290.29
1871.8 724.4
1874.0 416.5
1874.67 789.67
1874.0 805.5
1882.14 888.86
1884.0 1011.71
1885.5 385.0
1887.0 552.0
1892.2 663.6
1895.88 179.12
1895.0 426.5
1895.25 703.0
1903.5 801.0
1904.0 950.71
1908.0 160.0
1910.33 790.33
1912.0 470.25
1914.5 206.0
1918.6 773.2
!