0.33 652.67
9.71 401.54
13.2 520.0
18.83 161.17
21.71 44.0
19.5 217.5
19.71 479.0
22.6 183.2
25.0 395.25
29.31 488.94
28.75 705.0
36.55 425.21
32.0 297.5
37.09 141.64
43.5 54.5
44.0 334.5
48.1 487.1
48.0 959.82
47.67 280.33
53.5 940.86
53.0 73.0
55.47 230.13
55.36 517.55
55.0 750.5
58.67 733.67
59.5 194.0
64.17 608.83
64.96 940.39
65.0 714.0
68.12 1022.12
70.0 227.0
73.5 865.0
80.5 995.5
82.5 822.5
85.33 319.89
88.0 134.5
86.0 1077.0
86.5 711.5
91.25 866.0
94.0 461.5
97.0 82.0
101.71 359.5
100.0 1027.5
101.33 1004.67
103.12 142.12
107.5 812.0
111.0 168.0
112.2 577.6
116.5 1039.0
119.5 918.5
121.0 7.5
129.0 317.5
130.4 493.2
132.71 459.0
138.64 810.57
137.33 112.33
141.33 581.33
142.5 563.0
144.75 148.25
147.5 907.5
151.0 767.0
152.33 1025.11
153.67 364.67
155.0 555.5
159.5 499.0
166.46 621.15
167.5 376.5
169.67 302.67
172.0 254.35
172.5 929.0
173.67 273.67
178.0 810.25
184.5 133.5
189.5 49.5
190.5 660.5
191.91 1074.64
201.0 397.29
202.67 52.67
203.2 541.4
205.16 727.58
206.5 619.5
209.0 954.5
212.67 710.33
215.0 47.5
215.0 1024.5
217.2 83.6
216.5 495.0
219.5 464.0
220.5 229.5
224.35 684.61
224.5 679.0
225.0 50.5
224.4 627.2
228.32 653.57
234.88 972.12
236.0 831.0
241.62 578.38
248.0 563.5
249.38 924.62
258.22 655.69
251.0 991.5
252.5 776.0
253.67 96.33
253.5 1032.5
254.0 166.5
257.0 67.71
258.2 755.4
260.5 571.5
262.2 626.0
273.5 1065.0
280.13 257.15
287.5 344.5
289.0 86.71
290.5 889.5
292.29 123.0
304.0 607.5
305.0 844.5
311.18 364.18
314.5 894.5
315.0 723.29
314.5 943.0
331.91 380.35
331.5 55.5
332.6 987.8
337.0 271.5
338.71 679.5
349.0 773.29
356.5 270.0
357.5 724.0
358.5 1011.5
362.5 345.0
367.8 28.0
369.67 345.75
373.5 704.5
374.0 308.5
378.5 530.0
380.0 710.38
380.5 62.5
384.8 208.6
392.5 167.5
392.67 463.67
395.8 528.0
398.57 464.0
398.5 670.5
400.0 304.5
404.5 103.5
406.5 925.0
409.81 410.86
414.0 541.5
430.33 618.67
434.17 370.0
436.29 1004.5
437.33 117.67
438.75 166.38
438.5 57.5
441.33 742.67
445.25 618.0
446.0 862.0
446.71 56.0
447.5 0.0
450.5 540.0
450.5 761.0
453.75 497.0
461.91 444.64
464.4 936.6
465.33 851.33
467.62 977.62
483.0 582.8
482.5 1064.5
485.25 480.0
487.0 805.5
488.67 273.67
496.5 418.0
494.0 442.5
500.5 755.0
509.33 1016.33
510.33 485.33
514.0 202.5
522.5 252.29
525.4 39.8
526.8 572.6
527.5 958.22
529.5 539.0
534.0 792.5
535.0 310.5
540.65 850.93
540.5 227.0
541.88 697.12
542.5 116.0
543.0 284.25
546.88 639.88
550.0 1072.76
549.33 204.67
549.5 349.0
550.0 318.5
552.5 663.0
552.5 679.0
556.5 621.5
559.0 707.0
563.0 470.0
569.0 476.5
570.33 586.33
574.0 672.5
579.5 988.2
579.0 1022.29
580.5 561.5
585.5 524.5
588.18 644.32
587.5 465.5
595.6 471.3
597.0 137.5
597.17 220.83
605.07 927.81
603.0 726.5
604.5 899.0
604.0 1042.5
607.5 120.71
618.2 875.4
617.5 1063.0
619.6 466.2
621.4 635.8
622.2 1065.4
624.0 7.5
625.0 1000.25
626.11 1.33
625.33 224.67
625.33 237.67
626.0 773.71
626.75 832.75
626.5 227.5
627.67 892.67
629.0 758.5
631.5 130.0
632.0 196.29
633.0 786.71
633.67 220.33
640.0 320.71
641.0 864.5
644.12 94.41
647.0 240.0
648.75 512.0
654.7 310.3
654.5 89.5
657.5 139.0
657.5 402.0
658.5 696.5
662.67 851.33
668.3 298.3
666.91 817.72
667.0 974.0
667.67 946.67
670.0 212.2
670.29 408.0
670.25 797.0
675.0 771.5
677.67 407.67
677.83 729.17
682.5 831.5
682.67 929.33
690.0 275.71
691.63 1070.21
697.6 537.2
699.38 698.62
700.17 709.83
701.71 225.0
703.0 967.5
704.25 237.0
705.33 496.33
708.22 538.91
707.5 211.0
711.0 145.29
710.5 509.0
715.22 21.72
714.5 317.5
724.5 487.5
728.75 795.75
729.5 38.5
729.33 936.33
734.0 679.5
738.5 550.0
738.12 199.88
739.5 762.5
743.29 510.0
743.5 925.5
744.33 1037.67
750.44 729.67
753.0 952.0
752.5 1034.5
754.5 72.5
762.5 779.5
762.38 146.62
765.25 253.0
766.0 334.29
768.0 886.5
774.5 71.5
776.8 284.4
776.5 795.0
778.5 761.5
786.79 565.0
790.5 638.5
790.0 374.5
793.71 965.5
795.88 225.88
796.0 597.0
800.5 1015.0
800.5 414.0
801.0 252.5
810.0 1062.5
814.86 302.42
813.0 683.0
816.13 169.13
818.67 439.25
823.4 1019.0
824.5 616.5
826.6 536.8
830.71 844.07
830.25 302.0
832.5 331.0
834.67 12.67
838.4 594.7
838.5 110.0
844.5 972.0
845.8 1058.0
850.5 24.29
849.0 1075.5
855.0 107.0
856.4 945.8
859.0 316.5
859.5 801.5
868.09 676.01
867.0 706.0
872.2 28.6
879.55 295.98
877.0 554.5
878.2 334.0
880.0 940.0
880.3 144.3
883.2 471.4
882.5 884.5
884.67 457.67
885.0 337.5
888.2 0.4
888.38 523.38
888.2 683.6
890.0 477.5
894.88 414.12
899.0 527.71
900.0 766.5
902.12 190.88
903.29 377.0
905.0 940.29
915.0 262.5
921.0 818.75
930.5 1007.0
932.5 824.0
936.0 399.71
948.25 251.88
951.0 1033.71
951.5 213.5
963.67 754.89
964.5 35.5
971.21 35.0
974.5 747.5
973.0 1019.5
975.5 531.0
975.33 823.67
979.72 202.89
980.71 550.0
981.5 41.0
982.5 251.0
985.91 705.64
987.0 693.5
995.0 201.71
994.0 243.5
997.04 350.6
995.5 392.5
997.0 813.29
1003.2 126.5
1002.71 147.0
1002.5 665.0
1004.5 39.5
1006.33 634.0
1003.67 655.33
1008.0 723.0
1012.88 283.41
1015.0 263.29
1016.0 741.5
1021.94 386.81
1021.5 571.5
1021.0 862.5
1025.0 2.0
1029.85 999.06
1029.5 940.0
1031.5 1011.5
1031.0 566.5
1033.29 172.0
1034.0 341.5
1036.0 759.71
1054.2 25.4
1054.0 469.5
1059.93 712.19
1062.5 22.5
1063.0 985.25
1064.41 527.88
1069.5 838.0
1074.0 483.5
1075.33 1047.67
1076.5 734.0
1079.46 471.15
1083.5 189.71
1084.5 510.8
1089.0 764.5
1095.18 1054.82
1097.12 53.12
1098.12 277.12
1099.1 734.95
1106.5 36.5
1106.8 175.4
1110.63 889.79
1113.0 127.2
1115.25 905.75
1116.5 88.0
1120.33 946.33
1123.0 285.25
1127.5 409.0
1133.1 258.68
1133.5 88.0
1134.5 617.5
1137.29 1035.0
1137.71 42.0
1137.5 511.0
1142.72 368.93
1142.29 525.0
1143.67 406.33
1145.91 75.64
1147.67 973.67
1149.67 1048.67
1150.25 115.0
1151.5 17.5
1151.33 544.67
1154.0 837.5
1152.5 946.5
1158.0 354.29
1160.0 26.0
1162.0 384.5
1166.0 1025.0
1170.33 68.67
1170.0 969.5
1173.0 371.0
1175.62 222.46
1174.5 607.5
1177.0 197.75
1177.5 246.0
1179.0 413.75
1180.25 746.0
1185.43 1036.9
1183.12 884.12
1185.5 972.5
1193.5 87.5
1195.89 650.72
1198.5 966.0
1199.0 413.0
1201.0 799.29
1202.0 857.5
1205.0 449.5
1209.5 204.0
1209.5 1052.5
1210.5 401.5
1210.33 423.67
1213.5 1030.5
1220.71 194.5
1221.5 821.5
1227.67 540.67
1230.5 0.0
1237.0 124.0
1236.5 177.5
1244.5 250.5
1244.5 437.5
1245.4 852.8
1253.5 83.0
1256.33 1056.33
1257.5 927.5
1267.6 52.2
1267.5 680.0
1272.67 580.33
1275.13 115.47
1276.0 150.0
1275.33 894.67
1278.4 505.96
1276.5 742.5
1278.75 542.0
1278.6 831.2
1281.5 796.0
1283.6 710.8
1286.18 435.18
1290.71 820.0
1293.75 615.75
1298.5 516.5
1300.83 816.83
1301.5 874.0
1304.0 919.29
1305.8 881.5
1306.0 1050.25
1306.5 995.0
1310.5 223.29
1310.33 823.67
1311.88 133.12
1318.0 66.5
1321.84 898.21
1321.12 312.12
1320.0 593.0
1322.0 100.5
1321.5 391.5
1325.25 213.0
1329.0 624.5
1333.12 116.88
1336.11 821.33
1338.67 1063.67
1340.0 576.5
1340.33 951.33
1342.0 482.5
1345.0 172.5
1346.0 1050.5
1349.32 93.1
1347.5 725.0
1350.0 498.0
1357.2 118.5
1356.5 590.0
1357.5 204.0
1359.25 573.0
1360.33 358.67
1361.0 936.5
1361.5 817.5
1363.55 951.36
1364.2 758.6
1369.5 532.5
1371.5 445.5
1374.5 518.0
1381.5 569.0
1384.89 791.67
1385.5 342.0
1387.29 717.0
1387.89 453.33
1391.8 836.0
1394.5 870.8
1393.0 1027.5
1394.0 1004.5
1395.0 356.5
1399.8 721.4
1401.71 336.0
1401.5 794.0
1410.71 283.0
1410.0 316.5
1411.0 343.5
1410.5 752.0
1412.5 130.0
1415.8 126.4
1419.0 767.0
1424.0 570.0
1424.5 157.0
1425.33 402.67
1428.75 953.75
1429.5 485.0
1431.0 494.5
1434.5 1008.0
1437.71 997.0
1439.67 1005.33
1440.33 338.67
1445.18 692.82
1445.5 1023.5
1446.8 254.6
1452.5 1026.0
1462.33 901.33
1463.67 858.67
1468.63 183.79
1471.5 433.5
1476.5 535.0
1476.33 1052.67
1483.5 833.5
1484.0 704.5
1484.0 1056.0
1489.0 555.5
1492.5 5.5
1491.36 900.91
1497.29 690.0
1497.5 590.0
1497.67 932.67
1501.0 784.0
1505.0 1077.5
1507.5 527.5
1508.67 511.33
1508.0 582.5
1510.5 1075.0
1514.5 403.5
1517.5 329.5
1519.0 726.5
1526.0 424.71
1526.0 1069.75
1527.5 975.5
1531.5 394.5
1532.83 464.17
1534.0 110.71
1534.5 261.5
1534.5 471.5
1536.0 534.0
1540.0 527.0
1543.5 660.0
1544.5 1043.0
1545.5 795.0
1547.2 886.4
1548.67 798.67
1552.0 395.25
1551.5 587.0
1557.75 987.25
1558.5 731.5
1558.5 581.0
1558.5 934.0
1565.82 676.35
1561.33 916.33
1564.0 98.5
1564.67 984.33
1566.5 852.22
1566.5 69.0
1569.8 478.0
1569.36 652.09
1569.0 559.5
1570.0 614.5
1577.89 596.67
1578.5 520.0
1580.5 178.29
1579.5 290.5
1579.88 564.12
1581.0 378.0
1580.5 816.5
1583.0 969.25
1583.0 917.5
1585.0 708.5
1587.75 725.0
1588.0 918.75
1588.6 160.8
1588.5 719.5
1593.5 521.0
1593.0 876.5
1595.71 1053.0
1603.23 323.35
1600.8 604.6
1603.67 28.67
1607.41 668.28
1612.12 142.88
1614.0 242.5
1616.5 209.5
1616.5 479.0
1617.0 649.71
1620.0 678.5
1626.2 926.27
1621.5 66.5
1626.33 773.67
1630.0 6.5
1634.56 523.93
1633.29 64.0
1634.5 694.0
1638.18 489.18
1636.5 670.0
1640.41 428.84
1638.0 675.5
1640.8 611.0
1649.0 336.71
1649.85 712.54
1657.43 64.5
1654.5 521.5
1654.5 638.5
1655.0 827.5
1662.5 83.0
1666.4 946.8
1671.5 367.5
1672.67 485.67
1673.67 355.33
1678.0 121.0
1677.5 934.5
1684.8 813.57
1684.14 241.19
1683.33 587.83
1696.5 1030.0
1696.0 576.5
1696.5 679.5
1698.67 725.33
1700.88 952.12
1701.33 127.67
1709.0 223.75
1709.5 310.5
1711.5 247.0
1711.76 398.76
1711.5 662.0
1711.0 886.0
1714.0 1031.0
1723.0 636.5
1733.0 693.0
1738.05 41.84
1738.0 541.5
1746.5 369.0
1747.5 700.0
1749.38 932.62
1751.12 339.12
1750.8 797.6
1757.5 6.5
1770.33 381.33
1777.67 929.33
1779.4 18.2
1782.0 392.5
1785.4 541.8
1786.5 280.0
1787.5 35.0
1789.0 952.5
1790.0 278.0
1790.5 771.0
1792.67 131.33
1794.33 135.33
1801.5 925.0
1806.0 691.17
1806.5 243.0
1806.33 940.33
1809.5 46.5
1810.33 918.67
1812.88 71.12
1813.5 252.5
1815.5 687.0
1816.8 958.6
1819.33 64.67
1827.0 154.5
1826.83 813.0
1826.0 832.29
1827.33 939.33
1830.0 349.0
1830.71 27.0
1831.33 599.67
1833.09 640.64
1837.59 349.02
1835.0 656.71
1837.0 150.25
1839.67 6.33
1841.5 179.5
1848.5 139.5
1849.5 691.5
1850.33 343.67
1852.5 459.5
1854.0 282.5
1855.8 290.0
1854.25 838.0
1855.22 924.44
1862.75 928.0
1878.2 20.4
1878.71 1012.0
1880.0 68.75
1885.5 863.21
1887.67 417.67
1890.5 1077.64
1890.0 848.5
1902.0 524.5
1902.6 95.8
1905.33 575.33
1906.25 666.0
1907.5 569.0
1912.5 397.5
1916.33 1001.33
!