0.5 139.5
2.68 252.5
5.0 580.5
5.5 457.0
7.71 96.0
12.61 193.39
11.5 149.5
15.0 602.5
17.0 672.5
18.5 259.0
18.5 281.0
19.33 810.33
21.5 208.5
30.0 376.5
32.5 68.0
34.5 273.5
36.5 369.0
42.35 246.0
41.5 500.0
54.15 94.85
52.5 289.5
53.25 210.0
53.5 330.5
54.33 716.67
57.67 372.67
59.8 668.4
62.33 362.33
63.0 323.5
67.59 296.26
70.5 414.0
76.5 492.5
77.5 316.0
78.67 18.67
80.5 5.5
83.5 154.0
85.5 459.5
87.0 653.5
90.5 833.0
92.33 38.67
93.33 627.67
93.5 744.0
95.5 183.0
98.0 828.71
98.0 200.5
98.0 424.5
106.2 549.6
108.0 416.0
107.89 557.67
108.33 441.67
114.67 33.67
114.33 741.33
122.0 425.0
122.5 334.5
124.0 57.71
124.0 556.5
126.62 265.62
125.0 325.5
128.29 504.0
129.5 447.5
129.0 728.5
131.0 130.5
132.0 350.0
137.5 65.5
138.5 311.5
139.0 802.0
139.89 385.67
142.5 850.5
143.67 154.33
146.33 697.33
147.5 282.0
148.0 70.5
150.6 677.8
152.0 599.0
152.5 317.0
153.6 82.8
153.5 180.0
154.33 291.33
156.67 557.33
159.29 160.0
158.5 724.5
161.0 598.5
161.5 686.0
162.5 408.0
166.5 37.5
168.33 78.33
172.0 32.5
174.5 221.0
174.5 281.0
176.5 314.0
176.67 604.33
178.5 680.5
187.02 750.54
182.5 324.0
186.0 772.8
188.8 683.0
198.33 468.2
200.0 566.0
202.5 458.71
202.0 482.5
202.5 692.5
204.0 689.5
205.33 63.67
210.67 37.8
213.5 536.0
219.5 823.5
220.5 760.0
222.5 691.0
224.33 600.33
229.5 268.5
230.0 36.5
232.5 313.0
239.0 141.5
247.21 450.5
243.47 759.13
248.95 836.12
245.5 629.0
252.5 95.5
255.5 762.0
264.5 238.0
267.4 650.2
268.5 345.5
269.0 34.5
270.83 502.83
272.47 378.87
280.5 752.0
283.5 802.5
288.67 146.67
289.5 31.5
289.5 123.5
291.0 509.5
295.53 42.13
296.0 124.0
296.71 211.5
298.0 50.8
303.27 609.87
309.33 84.33
309.5 148.0
310.0 289.5
313.29 52.0
313.67 117.67
319.0 128.5
319.33 212.33
325.5 272.0
321.2 862.6
321.67 0.33
323.5 33.0
326.5 95.0
330.5 304.0
331.0 410.0
335.67 414.67
343.5 319.0
343.71 535.0
350.5 39.0
349.0 295.5
350.5 410.0
350.0 837.5
352.0 721.5
356.0 0.5
356.5 224.0
357.83 325.0
365.29 325.0
367.5 553.0
369.5 610.5
372.25 401.0
379.5 60.0
384.67 158.67
391.83 476.83
394.5 28.0
394.0 96.5
395.0 661.5
396.83 104.83
409.5 808.0
415.0 345.5
418.0 518.5
419.5 538.0
420.0 81.5
420.0 744.5
423.5 192.0
425.5 342.5
427.0 23.5
427.33 148.33
428.67 340.33
430.62 289.62
433.8 71.6
434.0 315.5
435.5 53.5
436.33 793.33
437.67 197.67
438.5 219.5
439.5 273.5
441.0 433.25
441.67 497.33
442.5 470.0
442.0 695.5
447.89 325.11
445.5 609.0
446.5 43.5
450.5 145.0
451.0 247.0
450.67 334.33
454.0 573.5
455.5 663.0
457.0 138.5
457.5 209.0
467.37 82.63
466.33 512.33
472.67 61.67
472.33 507.67
479.26 140.38
479.0 661.0
480.67 26.67
484.0 700.5
484.33 518.33
486.33 139.33
486.5 360.0
491.33 340.67
491.0 797.5
494.0 460.5
496.6 429.8
499.5 4.5
505.0 188.0
505.5 275.0
506.5 281.5
508.5 230.71
509.6 773.4
509.33 586.67
514.5 291.0
518.33 671.33
519.5 552.5
520.0 441.5
525.0 640.5
526.0 281.5
528.5 632.5
532.71 231.5
531.8 752.6
534.0 284.5
534.5 389.0
536.22 632.5
538.5 529.0
542.64 598.55
550.67 858.89
550.33 257.67
550.0 301.5
553.5 114.5
554.33 251.33
555.5 536.0
561.28 492.14
558.5 186.0
559.5 437.5
560.67 585.33
568.5 170.0
571.33 581.67
575.67 242.67
575.33 647.33
576.5 327.0
579.5 432.0
582.0 697.5
588.71 593.0
592.5 280.5
595.5 195.5
600.5 862.0
605.25 811.75
607.5 577.0
609.5 349.5
611.0 667.29
612.0 137.5
613.5 441.0
617.6 540.2
618.0 2.5
618.5 713.5
618.5 782.5
619.0 807.0
624.0 35.5
626.5 101.0
628.5 399.0
630.5 264.5
630.5 508.0
633.83 424.5
633.33 62.67
635.5 656.0
636.0 81.5
636.33 101.33
636.0 140.5
637.0 18.5
638.5 180.0
642.5 156.0
642.0 205.5
643.67 236.67
643.5 310.0
647.0 757.5
648.5 453.5
652.0 575.5
653.0 424.5
654.0 703.0
656.0 381.5
660.67 164.67
664.79 792.5
664.5 740.0
665.5 2.0
666.0 861.5
672.26 360.74
674.0 61.5
675.5 260.5
677.0 620.5
680.67 91.33
682.5 190.0
683.5 93.0
690.71 107.5
693.0 78.5
694.0 265.0
693.0 560.5
694.5 213.0
695.0 95.5
699.33 784.33
704.5 177.5
705.2 188.4
708.5 210.0
709.0 372.5
712.71 404.0
716.0 624.0
715.5 741.0
717.71 120.5
717.5 73.0
719.4 663.96
725.33 800.67
729.0 150.71
729.12 508.12
729.0 212.5
730.91 551.09
731.0 800.5
736.5 276.0
740.82 33.59
741.0 471.5
744.42 26.67
751.33 690.67
751.5 822.0
752.5 709.0
754.0 420.5
755.5 7.5
755.5 519.0
756.0 301.5
757.5 90.0
759.75 555.0
760.8 17.5
761.0 61.29
767.0 653.0
772.67 470.33
775.5 278.8
775.5 584.0
783.5 5.0
784.5 774.5
786.5 55.5
790.5 82.5
794.5 14.0
794.5 282.0
796.5 611.0
802.5 422.5
807.5 160.5
807.0 504.5
807.5 660.0
809.33 163.33
809.5 437.0
812.0 442.2
816.67 96.67
816.88 571.12
817.33 371.67
817.5 436.0
819.5 293.5
820.0 622.0
822.0 147.5
822.5 186.5
827.16 472.16
829.4 606.8
830.67 297.67
831.6 423.6
835.5 476.0
841.5 363.0
844.5 180.5
844.0 233.5
845.5 820.0
846.67 268.67
846.83 362.83
848.67 605.67
852.67 562.67
852.5 715.0
855.0 233.2
858.33 844.67
863.0 722.5
868.67 366.67
870.0 375.5
871.5 564.0
874.5 813.0
876.5 384.0
876.67 474.33
879.67 170.67
879.5 253.0
881.5 364.0
888.66 666.83
884.0 376.5
886.5 130.0
886.33 688.67
887.5 333.5
887.5 608.0
890.0 600.5
890.5 760.5
893.5 115.0
893.5 316.0
898.5 117.0
898.67 668.33
899.5 251.0
899.33 523.33
899.5 680.0
900.67 325.33
902.5 57.0
903.5 687.0
905.33 220.67
910.0 702.5
912.0 728.5
915.5 354.0
916.5 414.0
916.5 428.5
917.0 16.5
917.25 195.0
918.0 185.5
919.5 221.0
922.25 316.0
926.5 83.0
927.0 716.5
929.5 545.0
933.0 511.5
934.5 789.5
937.5 720.0
945.0 347.5
945.0 400.5
948.0 549.5
949.67 39.67
953.5 204.5
954.5 71.0
956.38 764.75
956.5 459.5
961.67 214.11
963.5 652.0
967.33 829.33
968.5 743.0
970.33 132.33
974.5 471.5
975.88 106.12
983.5 248.5
984.0 254.5
986.5 84.0
987.5 19.0
994.17 264.0
994.83 852.0
994.5 665.5
998.8 207.93
998.0 214.5
1002.5 361.0
1006.5 259.5
1008.5 289.5
1013.5 510.0
1014.0 199.5
1015.5 748.0
1019.33 134.33
1019.5 434.0
1019.67 458.33
1020.0 3.5
1020.5 213.0
1021.67 240.67
1025.0 648.5
1025.0 270.5
1034.0 264.5
1037.0 364.29
1040.5 856.0
1044.67 420.67
1051.0 18.5
1053.5 674.0
1053.0 693.5
1054.5 552.5
1057.33 387.11
1061.4 290.2
1062.67 401.33
1062.5 536.0
1062.5 570.0
1066.12 138.12
1066.5 144.5
1071.38 126.62
1074.17 591.17
1076.5 82.5
1081.33 320.67
1081.5 334.0
1084.67 253.67
1086.5 767.0
1087.0 226.5
1090.53 111.65
1090.0 19.5
1090.0 216.5
1094.5 224.0
1097.5 657.5
1097.33 664.33
1099.4 304.8
1101.5 771.0
1102.5 102.0
1107.67 311.33
1107.71 819.0
1111.0 109.5
1110.5 862.5
1113.6 404.8
1120.5 86.5
1119.5 556.5
1121.67 14.67
1121.5 209.0
1124.5 24.0
1124.5 552.0
1130.12 183.12
1132.0 298.5
1132.67 463.33
1132.5 744.5
1135.0 258.0
1137.33 489.67
1138.0 568.29
1145.0 748.5
1150.17 603.17
1150.5 648.5
1152.95 788.73
1154.5 85.5
1158.0 778.5
1159.71 113.0
1160.0 702.5
1160.0 720.5
1161.5 361.0
1162.5 427.0
1163.5 64.0
1164.5 584.0
1166.33 222.67
1167.0 236.5
1168.0 200.5
1172.5 54.0
1173.67 45.33
1176.12 269.12
1176.5 673.0
1178.0 0.5
1180.0 775.5
1182.0 279.24
1179.5 853.5
1179.5 861.0
1185.5 792.0
1188.5 654.0
1189.5 79.0
1189.0 613.5
1190.5 842.0
1191.5 506.0
1194.0 161.5
1194.0 657.5
1197.0 221.5
1197.5 455.0
1197.67 620.33
1198.33 256.33
1202.5 720.0
1203.4 207.8
1203.5 744.0
1205.5 603.0
1210.5 28.0
1210.0 369.5
1211.0 527.5
1212.83 290.83
1215.5 15.0
1214.5 760.0
1216.5 610.5
1217.5 685.5
1221.0 242.0
1222.33 350.33
1224.5 161.0
1226.0 127.5
1230.67 132.67
1230.5 475.0
1232.5 318.5
1235.0 49.5
1235.0 562.5
1236.5 292.0
1238.4 202.8
1238.75 274.0
1238.33 322.67
1240.0 196.5
1243.5 548.0
1244.0 453.5
1251.18 37.32
1250.0 403.5
1251.71 716.5
1251.4 422.8
1257.45 644.61
1257.5 564.0
1265.78 201.5
1265.0 58.5
1266.0 3.5
1268.0 175.5
1269.2 268.5
1269.0 738.5
1271.25 830.0
1274.0 844.5
1283.09 98.91
1282.0 171.5
1283.2 271.6
1282.5 385.5
1283.0 861.5
1286.5 46.5
1285.5 335.5
1287.5 327.5
1294.12 304.88
1297.0 291.5
1299.33 830.67
1305.5 368.0
1314.2 331.0
1318.33 43.33
1321.11 214.72
1323.0 185.5
1324.5 368.5
1326.0 311.0
1327.5 373.5
1327.0 277.5
1327.0 404.5
1330.5 113.5
1335.0 827.71
1341.5 301.5
1345.0 559.5
1347.67 10.33
1353.5 413.0
1357.63 717.0
1360.87 561.29
1357.5 413.5
1360.0 846.5
1362.5 84.0
1363.5 540.0
1365.5 292.5
1367.0 140.5
1370.5 226.0
1372.71 128.0
1374.33 582.75
1375.5 44.0
1384.82 739.18
1384.0 261.5
1385.0 171.5
1386.33 861.67
1389.5 351.0
1389.0 399.5
1391.5 110.5
1393.5 317.5
1394.6 191.2
1395.0 79.5
1399.5 133.5
1407.67 118.33
1411.17 123.0
1410.5 182.0
1413.83 480.17
1416.33 363.67
1417.5 848.5
1421.5 771.0
1422.5 343.0
1424.5 515.0
1425.5 328.5
1427.5 136.0
1428.83 126.17
1429.5 560.5
1431.4 270.4
1431.0 66.5
1432.0 494.75
1434.5 642.0
1440.72 323.59
1451.33 831.67
1458.0 834.5
1463.5 437.0
1464.83 628.17
1468.5 620.0
1472.0 809.5
1480.0 32.5
1485.5 678.0
1487.0 396.71
1492.5 805.5
1497.29 573.5
1504.5 53.5
1510.5 609.0
1516.5 426.81
1521.5 129.0
1529.33 577.67
1529.5 603.0
1530.0 183.5
1532.0 80.5
1535.0 48.5
!