4.5 975.71
10.4 658.2
15.18 645.18
17.5 467.5
20.0 602.5
26.5 56.0
31.0 444.5
37.0 885.5
42.0 440.71
58.0 128.0
59.0 123.5
66.08 663.92
77.5 1054.0
79.0 917.0
81.5 680.0
82.5 942.0
83.5 650.0
84.0 531.5
86.5 201.5
90.67 779.17
92.5 835.0
93.5 937.2
96.5 455.5
98.5 491.0
100.0 414.5
100.5 912.0
104.0 920.25
105.0 585.5
106.5 676.0
114.33 607.33
115.17 649.17
122.5 191.5
123.0 214.5
123.83 713.83
126.5 675.8
128.25 723.67
128.6 503.2
128.75 590.0
135.33 219.33
145.0 333.5
146.0 1043.5
149.5 119.0
154.5 696.0
155.0 966.5
156.12 984.88
158.0 840.71
165.0 864.5
166.88 40.88
175.0 817.0
183.55 953.85
185.8 410.0
185.67 570.67
187.0 596.5
187.67 932.67
190.17 603.33
190.0 694.5
195.33 662.67
196.5 731.0
198.6 1019.8
202.5 632.5
205.86 689.5
202.5 973.0
203.71 910.0
207.0 329.2
210.0 369.0
212.0 812.5
217.42 878.89
216.5 892.5
219.0 620.0
220.33 628.25
219.0 1032.5
220.8 263.6
222.29 651.0
222.5 633.0
225.12 936.59
226.33 733.67
228.12 424.12
233.5 732.5
234.0 738.0
236.5 880.0
242.35 610.42
237.67 828.33
239.14 872.29
242.0 1043.5
244.5 556.5
243.67 632.67
246.5 994.0
247.5 259.5
249.83 479.17
250.0 697.0
252.2 98.6
253.0 1004.0
253.75 363.0
254.5 179.0
255.25 924.0
259.33 368.67
259.5 477.5
273.8 402.45
267.5 529.0
268.0 11.5
269.75 1028.0
277.5 62.5
277.5 186.0
280.0 626.0
278.5 860.0
279.5 74.0
282.71 548.5
285.4 348.2
293.12 805.12
293.75 161.0
299.12 638.78
297.5 799.5
299.0 204.5
300.9 808.62
303.0 1021.8
306.0 990.0
310.4 1021.8
311.5 306.5
313.29 420.0
314.0 1030.71
314.0 1057.0
316.0 846.25
324.29 933.0
324.0 118.75
324.29 436.5
333.5 1079.0
336.5 69.0
339.67 282.67
339.25 726.0
344.5 210.0
347.67 856.33
350.8 836.4
351.88 499.88
353.0 284.0
354.67 237.67
357.37 685.21
358.5 1034.0
359.5 5.0
360.62 176.62
367.12 503.12
366.5 652.5
367.5 718.5
376.1 396.34
375.33 178.67
380.0 635.5
383.12 925.88
386.4 313.2
389.5 934.0
390.0 872.5
391.5 130.5
391.5 370.5
396.5 965.0
399.33 664.67
401.5 892.5
404.0 426.5
406.33 772.67
407.0 958.0
411.0 175.25
413.67 35.33
416.0 1049.75
416.5 323.0
416.5 986.0
418.22 104.67
433.0 325.5
433.5 990.5
435.29 656.0
435.33 243.67
439.5 725.0
440.8 6.4
441.5 1056.5
443.67 222.67
444.5 351.5
444.0 401.5
449.0 603.34
453.67 459.33
454.0 747.5
458.0 989.5
461.87 662.53
466.5 469.0
468.67 920.33
470.0 963.75
470.5 259.0
471.75 302.62
470.0 542.5
471.5 179.5
476.5 846.5
475.5 720.0
483.0 1014.0
488.5 7.5
494.39 215.61
491.3 684.7
493.5 519.5
504.89 70.22
501.67 302.67
503.76 985.24
502.5 55.5
514.25 306.25
513.2 930.4
515.62 81.38
518.0 415.5
517.5 991.5
524.09 53.78
526.8 165.4
531.5 1034.0
533.67 709.67
536.12 120.12
536.33 51.33
539.07 139.56
538.0 130.5
541.5 34.86
538.0 646.5
540.33 559.33
541.5 59.0
542.5 599.0
551.21 436.37
553.6 48.2
555.0 1061.5
557.12 666.12
558.0 162.29
561.0 792.5
561.5 980.0
561.88 1003.88
565.5 637.0
573.4 695.0
577.5 42.0
580.5 69.5
587.07 985.77
583.36 347.68
582.32 667.9
584.33 605.33
589.17 31.17
590.0 741.5
591.5 794.0
594.5 166.71
600.0 537.0
610.12 395.12
607.5 605.0
607.5 641.5
607.5 1061.0
611.5 274.0
613.89 629.2
615.0 327.5
618.5 1045.0
620.5 146.22
622.0 244.0
625.88 258.88
636.63 168.82
634.67 263.67
637.5 1008.5
642.5 398.0
647.5 459.0
648.5 646.0
649.67 845.33
652.12 251.12
653.88 232.12
655.5 99.5
655.0 698.5
660.42 110.16
660.6 307.56
661.2 176.0
660.5 954.5
664.6 102.2
665.0 673.5
667.5 942.0
671.29 921.5
677.5 491.5
692.2 144.6
693.6 626.8
694.12 1009.88
698.67 840.33
704.5 408.79
704.0 198.5
707.5 238.0
711.0 107.5
715.5 367.5
715.0 442.5
725.71 473.0
727.12 111.12
735.0 308.5
740.0 628.71
743.67 892.67
754.5 297.5
757.38 69.62
763.5 1039.5
766.0 309.0
779.5 866.5
782.5 337.0
784.0 858.0
792.0 54.0
796.0 223.75
796.5 262.5
798.5 69.5
798.5 353.0
801.5 260.71
804.5 540.0
804.83 1002.83
806.5 434.0
812.0 155.0
812.67 167.67
815.83 9.17
818.75 647.0
828.0 926.5
831.5 534.5
832.12 725.88
837.88 520.88
842.5 872.5
854.67 73.67
860.5 1034.0
867.0 775.0
874.63 948.79
876.29 589.5
877.5 365.0
882.5 1074.0
893.12 141.88
897.28 584.89
898.29 187.0
901.25 761.0
907.82 127.18
914.33 128.67
915.62 726.62
916.5 883.5
921.5 291.0
922.12 1020.12
925.5 721.5
929.5 1076.79
928.67 1071.33
939.0 480.5
947.67 10.33
952.5 33.5
956.5 1051.0
957.83 1070.67
959.71 420.0
962.12 1056.88
967.62 242.15
977.5 694.0
981.33 599.33
983.29 430.0
985.0 58.29
991.5 101.0
995.18 624.18
997.12 647.88
1003.0 523.5
1006.6 417.8
1010.25 407.67
1016.88 643.12
1018.0 218.5
1022.5 553.5
1027.5 11.0
1029.0 27.0
1030.86 178.81
1029.0 191.5
1033.0 694.29
1044.0 99.5
1055.0 311.5
1061.5 204.0
1062.0 382.2
1063.5 0.33
1075.16 174.84
1083.0 745.8
1085.5 1038.5
1086.5 231.0
1088.2 98.6
1107.5 419.0
1117.62 388.25
1121.5 401.5
1134.71 512.5
1146.33 27.33
1149.2 167.6
1157.41 708.28
1159.0 960.0
1167.67 1069.67
1169.33 894.67
1171.4 33.2
1176.0 927.75
1181.38 426.38
1193.0 122.75
1195.0 634.5
1201.0 150.0
1200.0 432.5
1207.0 762.5
1207.5 152.5
1209.88 580.88
1215.36 710.91
1219.0 505.5
1225.8 853.0
1233.0 176.0
1231.5 387.5
1232.5 66.5
1235.5 925.5
1240.75 83.75
1245.5 625.0
1260.88 349.12
1275.8 268.5
1277.5 520.5
1279.5 618.5
1292.19 1059.13
1288.72 946.11
1295.5 1039.5
1299.67 236.33
1300.4 988.2
1308.0 995.5
1311.83 874.17
1314.33 824.67
1320.0 943.5
1323.0 299.71
1325.5 17.5
1328.33 859.89
1330.0 168.5
1335.25 454.0
1335.0 782.5
1345.33 579.33
1349.33 795.33
1356.33 46.33
1357.0 252.29
1372.29 931.5
1376.5 1062.5
1378.5 228.5
1382.29 563.0
1391.4 578.2
1402.5 49.0
1407.0 25.0
1412.5 154.0
1423.0 840.0
1429.0 1.5
1435.33 426.75
1437.5 423.0
1442.5 455.5
1445.0 895.0
1448.2 638.6
1447.5 815.0
1452.67 726.33
1460.59 927.74
1461.2 1020.4
1472.5 927.5
1474.0 510.5
1480.0 120.5
1480.5 204.0
1485.33 1069.33
1494.67 41.67
1514.28 245.11
1520.0 452.5
1521.5 253.0
1523.29 353.0
1531.0 999.0
1533.29 1019.0
1536.0 958.0
1555.8 470.4
1556.5 165.5
1560.5 352.5
1579.0 130.25
1594.0 1072.5
1596.5 681.0
1603.87 947.53
1609.5 350.5
1611.67 320.33
1618.65 925.5
1627.12 649.88
1627.4 1014.6
1637.5 882.5
1648.0 234.0
1690.0 566.5
1694.0 240.25
1709.5 290.5
1708.0 768.5
1709.0 133.5
1719.0 698.5
1723.0 287.5
1726.5 534.0
1728.0 10.5
1727.67 551.33
1737.5 544.5
1742.67 838.67
1761.33 328.67
1763.29 1048.0
1764.0 195.5
1772.77 473.77
1770.33 712.67
1782.6 603.2
1792.6 325.8
1821.0 334.29
1820.0 713.5
1832.83 134.83
1835.33 768.67
1837.0 978.5
1837.67 1066.67
1887.5 863.5
1892.0 547.0
1904.17 773.83
1909.0 209.5
1912.0 533.75
!