800.0 260.0 662.0 176.0
662.0 176.0 660.0 110.0
660.0 110.0 728.0 112.0
728.0 112.0 758.0 70.0
758.0 70.0 798.0 70.0
798.0 70.0 1030.0 178.0
1030.0 178.0 1076.0 174.0
1076.0 174.0 1150.0 168.0
1150.0 168.0 1234.0 176.0
1234.0 176.0 1260.0 350.0
1260.0 350.0 1182.0 426.0
1182.0 426.0 1118.0 388.0
1118.0 388.0 1062.0 382.0
1062.0 382.0 1010.0 408.0
1010.0 408.0 832.0 534.0
832.0 534.0 876.0 590.0
876.0 590.0 898.0 584.0
898.0 584.0 994.0 624.0
994.0 624.0 998.0 648.0
998.0 648.0 1084.0 746.0
1084.0 746.0 1158.0 708.0
1158.0 708.0 1216.0 710.0
1216.0 710.0 1208.0 762.0
1208.0 762.0 1226.0 852.0
1226.0 852.0 1236.0 926.0
1236.0 926.0 1290.0 946.0
1290.0 946.0 1292.0 1060.0
!