3.2 819.5
8.5 548.0
13.71 243.0
17.5 712.5
18.0 1026.5
20.67 352.67
23.0 992.5
30.75 462.16
27.5 989.0
32.5 857.5
37.0 650.71
42.67 1043.67
50.78 288.91
55.0 392.5
55.5 558.0
56.5 41.5
64.0 51.5
73.0 996.5
74.0 71.0
75.0 225.5
81.5 547.5
86.17 1070.5
87.85 287.06
85.4 663.2
87.75 858.0
90.5 590.0
95.25 691.0
99.5 401.5
99.25 613.0
99.0 729.5
101.33 468.33
101.25 661.0
102.5 682.5
106.5 690.0
110.0 457.5
112.0 517.5
119.0 122.5
119.0 813.5
125.45 439.64
125.4 86.8
128.0 573.29
129.0 549.0
132.5 456.5
132.0 866.5
134.0 547.5
137.5 712.5
137.5 739.5
140.0 100.0
142.0 688.75
142.8 600.4
147.2 534.6
148.0 1018.5
156.33 396.33
162.83 123.17
163.6 826.8
164.0 853.75
167.67 78.67
175.8 385.4
180.91 501.64
180.0 794.5
192.0 505.25
195.5 266.29
195.0 639.5
196.0 48.75
195.0 366.5
198.71 1006.5
199.0 594.5
201.8 784.4
211.2 493.6
212.6 705.8
213.5 324.0
214.0 591.5
217.67 976.33
221.8 819.6
223.25 205.33
223.33 904.17
225.75 163.75
225.33 1050.33
236.37 979.63
234.8 1073.6
239.5 854.5
244.0 1068.5
246.0 858.29
249.67 342.67
260.5 570.0
262.5 9.5
263.17 458.83
265.5 677.0
267.17 376.17
274.0 822.5
275.88 208.88
275.25 527.0
277.0 560.0
278.87 836.87
281.03 997.44
278.67 10.33
278.5 158.0
280.0 386.5
280.67 539.17
282.8 443.0
284.71 746.0
294.5 669.5
300.5 395.0
308.67 81.57
310.0 797.0
312.5 54.0
313.0 856.5
316.5 219.0
318.75 466.0
318.75 1074.0
322.8 11.4
334.15 120.85
334.0 426.5
345.5 752.0
347.6 166.8
347.5 535.5
352.0 33.71
352.0 139.29
353.5 640.5
354.5 358.5
354.5 743.5
355.71 833.0
359.0 259.0
362.5 697.0
360.0 101.5
361.33 32.67
363.91 300.09
364.0 813.5
369.26 93.05
372.0 185.8
372.0 654.5
372.67 704.33
374.0 427.5
376.73 748.5
377.17 255.0
384.37 140.5
385.0 658.5
388.17 8.83
392.5 412.5
399.4 61.8
400.5 415.0
403.58 138.55
403.5 485.5
404.25 397.0
406.5 879.0
409.6 302.8
412.87 197.53
417.0 259.25
416.64 1008.09
416.5 583.0
417.67 843.67
421.5 14.0
423.5 503.0
429.5 65.0
434.5 261.5
439.0 760.29
440.0 552.5
441.5 100.0
442.0 274.29
444.5 295.5
445.5 501.5
446.33 719.67
450.0 777.0
451.33 990.33
453.0 555.5
454.0 211.5
456.0 858.5
458.12 361.88
458.6 732.8
459.0 713.5
470.8 554.6
474.0 757.29
480.8 305.4
480.33 425.33
482.75 169.0
484.29 48.0
483.6 610.8
484.0 621.29
488.6 356.8
492.5 844.5
497.5 90.0
499.0 471.5
498.83 999.83
500.75 295.25
503.5 94.0
509.0 222.0
510.5 147.0
517.0 1046.75
520.25 883.0
525.0 128.0
527.0 697.0
530.0 257.0
532.0 147.5
533.78 183.56
533.75 113.0
536.12 33.12
536.5 636.5
537.83 195.67
540.86 154.71
550.5 49.0
551.5 781.5
555.4 345.8
560.4 499.2
564.0 560.0
564.0 70.5
564.5 854.0
564.33 923.67
566.5 782.5
570.33 540.33
572.2 122.6
575.0 293.0
584.5 127.0
583.53 694.87
585.0 671.0
587.5 764.5
589.6 629.2
589.0 882.5
591.5 89.5
591.8 245.4
600.39 688.39
600.5 664.0
602.0 970.0
602.5 872.5
606.5 104.0
614.0 365.0
625.71 1013.0
626.0 1021.5
628.5 285.5
629.0 683.5
628.33 896.33
630.0 68.0
632.5 575.0
634.5 332.0
638.5 77.0
640.5 274.0
641.5 814.0
644.5 195.0
644.0 396.0
644.6 802.2
649.0 493.5
652.5 644.0
654.5 586.5
656.0 1067.0
659.8 118.6
660.75 684.67
661.5 180.0
665.5 406.5
664.33 921.33
672.79 62.93
672.5 40.0
672.67 495.33
673.25 137.0
677.0 100.2
678.5 280.0
680.0 834.0
681.0 13.0
681.0 229.25
681.8 151.4
682.5 20.5
684.4 115.8
684.0 286.5
685.33 175.33
690.0 285.5
693.12 362.12
695.5 154.0
696.33 544.33
697.5 194.0
701.33 728.67
701.67 1008.33
704.71 612.0
707.11 47.83
710.4 266.8
710.5 602.5
711.5 784.0
713.75 385.0
721.5 85.0
721.5 893.5
723.5 648.0
725.91 74.64
735.5 263.0
737.5 305.5
741.35 437.65
740.5 80.5
739.67 136.33
740.0 895.25
744.67 650.75
746.0 947.5
747.12 412.12
751.28 366.41
750.45 959.64
756.5 128.0
757.0 768.5
757.5 507.5
764.67 625.33
768.2 1041.4
768.75 301.0
769.0 401.5
771.17 256.17
771.5 1043.0
772.6 9.2
781.14 352.56
774.0 518.75
775.71 746.0
777.0 326.0
779.75 298.75
778.67 823.67
779.75 1036.38
785.25 386.0
785.25 1010.0
789.67 43.67
794.71 1040.0
798.2 254.6
799.82 250.18
801.17 289.17
805.33 192.67
806.5 460.0
807.5 622.5
814.04 14.84
820.4 292.26
821.33 513.33
821.5 760.5
824.89 396.67
830.5 1029.5
833.29 358.0
834.0 281.5
835.56 199.67
837.67 13.33
839.5 330.5
846.5 950.0
850.0 370.25
852.25 250.33
855.17 980.83
855.5 237.5
856.33 17.67
866.93 52.81
865.5 181.0
865.0 203.5
866.5 682.0
866.25 922.0
869.75 850.0
874.86 33.98
874.0 398.5
880.11 473.72
880.5 84.5
883.0 543.5
883.75 1015.0
891.67 822.25
891.33 61.33
897.5 0.0
898.09 88.36
899.71 905.0
901.08 705.2
900.88 269.88
900.33 1014.67
905.5 109.0
906.0 452.5
906.5 161.0
906.5 239.0
907.0 274.0
909.0 746.0
911.83 920.17
912.5 559.5
913.5 118.5
915.0 1029.0
920.0 281.5
924.2 405.07
927.0 471.5
928.0 530.0
932.5 486.5
940.0 337.5
942.2 401.4
944.67 460.67
948.5 734.0
950.0 591.0
951.0 1061.5
953.79 757.37
954.83 541.17
955.0 216.5
957.83 560.17
964.69 154.08
965.0 905.71
965.5 652.0
968.0 593.0
973.67 559.11
975.33 40.33
980.0 165.0
979.5 497.5
981.0 24.0
989.58 648.94
988.67 249.67
990.0 208.8
998.37 552.63
1002.22 246.5
1002.5 830.5
1003.5 71.5
1006.71 72.0
1006.33 234.67
1014.0 360.5
1017.5 142.5
1018.5 1034.0
1019.5 918.0
1021.0 317.0
1025.64 669.45
1024.0 789.5
1025.5 946.5
1029.0 155.5
1036.5 189.5
1036.5 484.0
1036.33 701.33
1038.5 1055.0
1039.0 817.0
1041.09 848.91
1041.0 691.5
1042.17 706.17
1042.5 495.0
1042.5 1029.0
1045.88 260.88
1045.5 891.5
1047.5 231.29
1054.0 87.5
1054.5 327.0
1056.0 648.75
1058.72 622.89
1058.75 646.0
1059.5 483.0
1063.25 258.38
1064.83 590.17
1064.0 693.5
1069.5 0.0
1072.5 1043.5
1074.0 155.2
1075.8 493.0
1075.0 432.0
1080.4 15.8
1083.38 136.38
1085.5 306.0
1086.25 871.0
1090.67 450.67
1093.0 254.0
1095.5 964.5
1097.67 347.33
1100.28 580.89
1099.6 469.2
1100.8 137.6
1101.0 266.5
1106.0 74.0
1109.47 937.13
1122.5 478.0
1123.5 301.0
1123.0 480.5
1124.33 891.33
1132.5 914.0
1134.0 675.25
1134.0 274.5
1137.0 146.5
1138.5 73.5
1138.75 268.0
1140.21 449.63
1140.5 158.5
1142.67 739.67
1144.88 73.12
1147.5 615.0
1150.0 933.5
1156.0 275.5
1154.0 446.5
1157.5 638.0
1165.5 830.16
1167.87 177.97
1162.5 411.5
1162.5 707.5
1165.5 996.5
1167.67 432.67
1171.0 112.5
1172.5 325.0
1173.6 712.8
1174.0 692.5
1176.71 800.5
1176.33 47.67
1177.67 86.33
1181.5 858.5
1182.5 544.5
1188.67 597.11
1188.0 571.5
1190.8 640.4
1191.33 152.67
1191.5 854.0
1194.5 789.0
1196.5 279.0
1196.83 369.17
1196.5 1035.5
1199.33 223.67
1205.18 860.37
1205.5 570.0
1209.0 589.5
1209.5 815.0
1216.25 134.59
1214.5 93.0
1221.75 185.38
1222.6 307.2
1224.3 175.3
1226.0 53.65
1230.0 856.5
1232.0 443.0
1233.0 618.5
1242.82 571.82
1243.2 27.0
1243.75 31.0
1245.5 864.21
1250.83 513.48
1250.29 574.0
1250.0 1057.5
1251.8 157.6
1251.4 722.8
1252.5 199.0
1253.8 410.4
1256.5 124.0
1257.29 429.5
1263.0 1029.0
1264.25 283.0
1266.5 594.0
1272.0 988.5
1278.6 151.8
1279.83 995.67
1281.71 172.0
1295.82 775.27
1295.33 276.33
1297.55 1002.64
1299.6 102.2
1299.0 257.5
1300.0 399.5
1304.0 937.0
1305.0 146.5
1305.67 786.33
1310.0 630.71
1309.88 866.88
1311.33 120.67
1312.5 951.0
1319.81 21.93
1318.75 67.0
1318.75 870.0
1319.0 189.5
1321.88 3.12
1322.5 511.5
1327.5 10.5
1329.0 859.5
1331.83 825.98
1332.33 866.33
1333.75 108.25
1334.5 1015.5
1334.0 925.5
1338.0 693.0
1338.0 257.5
1341.5 1029.0
1344.29 467.0
1348.5 1063.0
1351.58 587.11
1351.33 672.67
1353.67 888.67
1354.5 277.5
1356.5 358.0
1360.5 126.5
1360.71 899.0
1363.07 950.72
1361.5 1059.0
1371.71 908.0
1373.7 978.0
1373.67 230.33
1374.0 917.5
1380.5 40.0
1381.0 768.75
1384.0 236.5
1386.5 348.5
1392.0 401.5
1392.5 353.0
1394.0 933.5
1395.33 128.67
1395.67 474.83
1404.0 488.75
1405.83 89.17
1409.4 698.2
1409.0 771.5
1410.8 115.4
1411.0 258.75
1411.0 452.75
1412.5 750.0
1415.67 669.89
1414.4 828.2
1415.88 61.12
1416.5 761.5
1419.2 17.0
1420.0 338.5
1420.47 424.87
1419.0 625.5
1420.25 526.0
1423.0 485.25
1428.5 896.5
1430.8 485.4
1432.6 275.8
1436.0 950.0
1436.16 1047.16
1439.0 431.5
1447.5 368.0
1452.6 867.2
1456.8 61.0
1455.0 841.0
1462.0 530.0
1465.5 694.0
1467.5 95.0
1467.5 744.0
1468.0 1041.2
1469.5 22.5
1469.5 716.0
1470.0 675.5
1474.0 499.5
1475.0 169.5
1475.5 289.0
1479.5 515.5
1480.5 861.0
1485.5 728.5
1496.8 440.0
1499.71 526.0
1504.0 128.75
1506.6 651.4
1507.0 943.5
1515.5 374.5
1522.5 478.5
1525.41 25.12
1525.71 66.0
1526.5 137.5
1527.17 714.17
1529.0 909.29
1535.0 785.0
1537.5 975.5
1537.0 232.0
1542.12 1021.88
1545.0 390.5
1551.33 924.67
1554.2 465.4
1559.68 760.86
1559.67 95.33
1561.38 538.15
1564.71 12.0
1567.5 225.0
1568.67 999.67
1569.5 942.0
1572.2 196.4
1573.13 400.47
1574.0 168.0
1579.0 235.5
1592.2 1006.4
1596.4 621.8
1599.0 764.5
1604.29 573.0
1607.0 786.5
1610.5 76.5
1617.5 234.0
1623.75 572.0
1630.5 551.5
1632.0 800.5
1634.4 556.8
1637.0 67.5
1640.5 970.0
1645.0 754.5
1647.5 843.5
1651.62 538.38
1655.4 145.8
1657.5 435.0
1658.62 545.31
1661.0 514.29
1660.25 733.0
1662.6 86.2
1664.0 110.5
1664.5 188.5
1668.67 585.33
1670.33 304.33
1674.4 314.43
1672.5 761.0
1675.82 344.18
1675.5 577.5
1679.5 339.0
1679.0 416.5
1680.0 48.5
1682.0 567.5
1684.5 226.5
1687.67 772.67
1693.64 827.09
1693.5 956.0
1694.5 672.5
1695.75 489.5
1698.85 566.75
1695.0 948.5
1707.0 587.5
1720.0 112.29
1721.0 951.17
1723.72 51.59
1722.5 250.0
1725.0 849.25
1727.67 769.67
1732.97 609.08
1733.0 311.5
1736.5 430.5
1741.65 550.5
1739.0 337.5
1742.5 420.0
1743.96 498.6
1745.7 789.09
1746.71 633.0
1749.0 424.5
1756.4 1009.95
1753.5 830.0
1759.5 257.0
1765.0 557.5
1767.67 574.33
1771.5 421.5
1775.88 653.12
1779.0 803.5
1782.0 631.0
1788.0 252.29
1787.5 449.0
1789.5 41.5
1791.5 1079.0
1794.5 936.5
1796.5 520.5
1798.2 98.6
1798.83 1068.33
1800.0 780.5
1803.67 713.67
1805.0 434.2
1809.0 1052.29
1810.5 870.5
1815.88 607.88
1816.0 878.29
1817.29 221.0
1816.5 846.5
1818.0 492.5
1821.0 345.25
1820.67 614.83
1822.17 699.83
1825.33 465.33
1826.5 297.0
1834.12 8.12
1844.6 583.2
1852.0 516.0
1857.1 555.9
1864.5 444.0
1866.5 247.5
1868.71 127.0
1870.33 150.33
1870.0 452.5
1871.8 616.4
1877.12 130.88
1884.62 68.62
1887.12 559.88
1895.32 486.92
1894.4 96.8
1895.0 871.5
1896.5 913.5
1908.5 831.5
1909.5 494.0
1910.88 422.12
1918.6 163.2
!