6.5 885.0
9.0 744.5
8.5 795.5
9.33 776.33
15.78 899.89
17.0 218.0
17.0 904.0
20.25 984.75
20.71 412.0
20.4 642.2
23.67 877.67
27.59 635.12
30.5 482.0
34.0 258.0
34.5 543.5
35.0 1064.5
39.0 653.5
43.67 612.67
44.88 275.88
45.71 800.86
50.45 821.64
50.5 364.5
52.12 282.88
55.21 442.1
51.4 884.8
63.35 924.02
60.33 375.75
60.2 791.0
60.5 606.5
62.8 953.0
63.5 573.0
66.0 797.29
67.8 279.4
68.0 329.75
68.6 751.2
73.0 519.5
73.67 893.67
76.17 104.83
81.0 437.5
83.67 943.11
84.0 632.0
86.0 164.5
88.2 84.6
88.67 125.33
89.33 230.33
90.2 237.0
91.33 647.33
91.5 817.5
93.67 890.33
94.0 157.5
95.5 942.5
96.88 282.88
98.0 869.0
98.67 293.67
99.5 959.5
101.5 513.0
102.0 521.5
102.5 575.0
102.6 815.8
103.67 65.33
114.35 916.57
111.5 820.0
112.5 879.0
120.23 157.0
113.5 410.5
114.0 582.0
114.33 881.33
115.33 56.33
117.5 689.5
119.5 845.5
120.0 697.5
122.0 328.0
127.61 732.08
124.0 251.5
125.33 130.33
126.0 558.5
125.5 950.0
127.47 805.13
133.44 846.4
127.5 89.0
128.83 375.17
130.88 766.88
130.0 938.5
131.5 647.0
135.2 633.32
132.89 821.67
134.5 132.5
136.33 569.67
137.0 678.75
136.33 967.67
137.33 782.67
138.12 912.12
138.5 49.0
138.6 337.2
138.75 643.0
141.0 707.17
144.0 633.5
145.12 1048.12
145.5 568.5
145.0 713.0
148.0 515.5
147.5 907.0
152.77 85.3
150.0 561.5
150.0 711.5
151.5 69.0
151.5 584.5
151.5 694.5
156.6 28.2
152.67 824.33
153.29 982.0
155.0 551.0
154.0 697.5
155.85 786.54
156.25 131.0
158.0 880.0
158.67 574.33
158.0 682.5
159.75 695.33
159.75 818.67
159.5 687.0
163.28 703.62
164.88 893.0
161.5 917.5
164.5 667.5
167.5 968.0
168.29 700.0
167.33 711.33
168.5 344.0
169.5 258.5
171.76 739.76
170.0 881.5
171.12 953.12
170.71 1059.0
171.5 484.0
174.17 723.43
174.1 759.69
174.0 586.5
174.8 713.2
175.33 709.33
175.0 1050.5
176.8 651.4
179.5 859.71
179.4 116.8
179.67 1021.33
183.2 236.4
182.5 576.5
183.2 747.6
183.5 772.0
183.6 580.8
184.0 685.71
185.83 752.83
186.5 744.0
188.29 538.0
190.69 815.78
191.5 409.5
193.67 535.33
196.75 666.25
195.5 775.0
195.88 913.88
198.0 1058.29
199.3 919.7
199.0 596.5
201.8 675.4
202.5 521.5
204.5 393.5
205.0 965.25
205.0 50.5
205.5 615.0
206.71 34.0
207.0 369.5
208.0 544.0
207.5 845.0
214.0 751.21
210.5 580.5
210.5 764.0
212.0 498.71
215.6 545.32
212.5 236.5
215.29 767.86
218.28 529.39
216.5 792.5
217.81 1013.14
218.83 1019.17
219.0 534.5
219.25 647.0
220.0 474.5
224.59 861.72
226.0 417.5
226.0 525.33
226.0 871.5
228.0 101.0
230.84 599.59
227.67 833.67
234.0 1076.5
236.5 464.0
242.0 1009.88
239.5 596.5
241.5 14.5
241.5 570.0
242.67 1031.75
243.0 637.0
244.5 1059.0
246.85 17.54
249.2 441.7
247.5 480.0
247.5 569.5
250.0 747.71
250.67 563.17
250.5 902.0
251.33 373.67
253.5 26.5
255.0 212.5
255.71 284.0
256.88 118.12
256.5 553.5
257.0 463.5
260.0 603.5
263.61 410.48
261.0 731.5
266.21 831.0
266.5 998.0
269.0 475.5
270.33 332.67
272.0 750.29
276.87 498.71
273.5 430.5
273.5 699.0
274.0 37.5
278.0 350.45
274.71 436.86
274.0 446.5
274.75 480.0
275.25 128.0
276.5 372.0
277.0 539.29
284.19 888.03
283.94 263.42
281.5 592.5
283.96 640.4
282.5 816.5
283.29 981.5
285.67 403.33
289.0 994.5
290.0 592.5
295.0 7.5
295.33 332.67
299.0 558.75
302.15 650.15
301.5 124.5
303.5 327.0
304.11 503.67
304.25 558.67
304.63 773.79
304.0 1006.5
305.78 595.67
306.71 918.0
308.5 751.5
310.8 157.6
310.25 529.0
312.5 97.5
313.67 3.67
314.82 404.18
314.54 997.77
314.0 256.5
314.5 434.5
319.0 563.5
320.75 721.75
319.0 1016.5
321.88 519.53
320.4 1010.8
321.45 1049.36
321.5 497.5
323.0 136.71
325.0 12.0
324.33 601.33
325.0 195.5
327.5 293.29
329.0 857.0
329.4 268.2
332.38 409.0
331.0 483.0
329.83 504.83
329.0 634.5
331.18 890.18
331.5 498.5
333.5 7.0
333.5 1025.0
334.67 294.67
335.0 600.0
339.64 460.45
339.0 513.5
338.5 572.0
339.5 235.0
339.5 929.5
342.0 130.0
342.92 431.83
343.12 516.88
342.88 538.88
345.0 453.79
347.68 472.95
346.0 495.5
347.5 379.5
349.33 149.11
350.0 187.0
352.0 505.0
353.68 531.02
353.2 425.5
356.5 6.5
357.2 467.4
358.0 381.0
357.71 727.0
361.0 378.0
361.88 161.88
361.33 698.67
364.5 440.5
365.28 479.88
363.67 544.33
366.98 281.68
364.5 435.0
364.5 750.5
367.0 550.71
366.5 829.0
367.67 801.33
371.64 391.95
368.5 616.5
369.5 1027.5
373.5 993.21
375.76 140.76
376.5 320.95
377.5 109.5
378.6 535.8
380.5 955.0
388.11 432.03
383.6 1056.8
387.88 317.44
388.29 270.0
388.5 947.5
391.17 114.17
390.0 491.5
393.2 291.4
393.29 395.0
394.0 846.0
396.0 630.0
397.0 148.5
397.8 290.4
398.5 419.5
400.5 524.0
400.25 856.0
401.33 130.67
401.5 140.0
402.5 430.5
403.5 74.5
404.0 191.5
404.0 751.5
405.0 370.5
407.0 402.5
406.5 855.0
410.0 665.25
411.8 953.6
412.0 137.5
413.67 32.67
417.38 666.59
413.5 856.5
415.0 408.0
415.5 439.0
417.81 647.0
422.09 543.19
416.8 674.4
418.5 44.0
422.29 324.0
421.88 528.88
430.81 658.99
430.0 646.5
432.5 428.5
437.38 53.38
437.88 182.88
438.0 642.0
441.88 97.12
443.75 663.0
444.5 309.0
447.5 654.0
449.0 851.5
452.38 373.62
451.33 1038.67
453.12 147.12
454.3 85.3
454.5 677.29
455.0 633.5
460.0 671.25
459.0 1027.0
460.71 448.0
463.29 587.0
464.5 401.0
463.5 580.5
465.5 529.0
468.2 318.6
467.5 1061.5
470.88 372.12
471.5 181.5
472.5 829.0
474.5 443.0
478.68 500.96
473.67 587.67
479.49 217.95
475.71 806.0
476.8 28.6
476.88 282.12
476.5 456.0
478.9 623.05
477.83 1034.17
480.0 841.71
484.0 1009.0
487.5 994.5
489.89 329.33
490.33 939.33
490.4 978.2
491.5 312.0
495.56 918.25
495.88 658.12
496.5 745.0
497.0 945.0
499.5 506.0
504.0 498.5
504.0 541.0
509.0 212.5
510.17 240.83
510.0 505.5
511.0 673.2
513.67 352.67
514.17 827.33
514.67 113.67
514.67 494.67
515.17 1007.17
514.5 1057.0
516.11 69.67
517.0 836.5
522.55 434.64
520.0 478.5
520.71 1037.0
524.0 318.75
524.0 622.8
524.0 722.5
524.0 196.5
524.5 645.0
525.33 474.67
526.8 889.5
527.33 22.67
529.29 640.0
528.0 937.5
531.0 441.2
531.0 516.5
536.5 35.0
537.0 954.5
538.5 186.5
539.6 13.2
539.5 356.0
541.0 440.5
542.2 646.4
543.29 170.5
542.5 383.0
544.12 496.88
545.0 272.0
547.0 707.5
551.17 505.67
551.6 811.8
552.5 597.5
554.64 878.09
554.67 629.67
555.5 790.0
561.5 69.0
561.33 711.67
562.5 571.0
567.8 217.0
567.71 387.5
567.5 993.0
568.5 296.5
571.78 56.09
569.5 241.0
569.5 489.5
571.5 673.5
570.0 207.0
570.88 1072.12
572.5 124.0
575.0 86.5
575.5 196.5
577.0 152.0
576.8 309.4
576.8 513.6
577.5 174.0
580.14 646.19
579.67 431.33
579.0 598.0
580.0 708.5
582.6 542.8
584.0 427.5
585.78 356.33
586.88 930.88
587.67 365.67
587.5 676.0
589.5 377.5
591.0 894.25
593.0 25.0
593.09 292.36
594.67 814.33
595.0 856.5
598.0 60.5
596.33 700.33
596.8 733.6
600.5 1049.5
602.25 318.67
603.43 722.86
605.4 581.8
605.0 640.5
609.0 509.35
610.5 94.0
611.5 359.0
612.5 190.0
614.43 894.77
614.12 1036.88
618.0 638.75
619.0 1060.5
620.78 749.67
628.04 803.74
625.0 360.5
630.22 492.92
626.33 731.33
627.5 133.5
629.0 202.0
640.44 271.17
635.3 937.78
635.96 126.6
634.0 881.5
636.0 61.0
637.17 385.83
638.75 121.0
638.5 291.0
638.5 305.0
638.67 308.67
640.12 991.88
640.8 164.4
643.14 441.76
641.33 143.67
645.1 357.21
643.0 886.25
643.0 1054.0
644.5 930.5
652.0 589.64
647.5 184.0
650.33 166.33
652.5 1028.5
653.67 1013.67
655.0 861.5
657.0 320.0
657.5 139.5
658.12 502.12
660.5 316.5
661.5 409.0
665.95 957.33
666.1 28.05
666.33 48.25
672.07 183.81
666.5 9.0
666.33 115.33
666.5 404.0
667.0 749.0
669.0 306.5
669.8 846.4
674.0 750.0
675.0 429.5
675.5 813.0
677.4 202.6
678.0 558.5
679.0 555.0
681.5 716.0
684.0 1048.29
684.83 361.83
686.0 620.25
687.12 187.88
687.5 774.0
689.0 255.5
690.0 367.5
690.0 557.5
691.0 652.0
692.5 159.5
693.5 572.5
696.4 469.2
697.83 232.17
698.82 465.18
699.71 831.0
704.0 541.5
706.71 385.86
708.5 266.0
710.62 449.62
710.5 710.0
710.5 830.0
711.33 117.33
713.0 760.0
714.36 436.91
715.5 330.0
715.5 774.0
718.29 197.38
717.5 847.5
721.86 274.28
721.78 59.67
729.14 340.68
723.5 136.5
728.12 634.12
727.67 693.67
730.6 562.7
731.89 305.67
734.17 462.5
733.0 23.75
732.5 446.5
736.5 116.5
739.0 574.0
739.0 630.8
748.0 286.5
748.0 847.5
750.12 342.41
756.95 323.75
756.0 71.5
757.5 414.0
761.67 199.89
760.33 399.5
762.5 774.5
766.8 263.6
766.33 289.67
767.5 334.0
769.17 110.67
770.53 57.13
769.0 399.5
776.0 451.5
774.4 31.8
774.67 329.67
775.33 218.67
776.5 984.5
779.5 29.0
780.5 557.5
781.22 635.44
781.71 277.0
782.0 754.29
787.5 813.5
786.88 820.88
788.2 658.6
788.5 872.0
792.84 1019.84
795.46 696.85
795.0 896.5
800.0 571.5
804.86 74.3
803.5 30.0
807.5 656.5
807.67 703.67
816.15 733.15
810.71 531.0
814.31 320.5
816.33 393.25
819.62 160.38
819.2 714.2
824.17 49.17
826.78 324.7
835.1 601.17
833.29 286.0
832.67 544.67
834.0 488.0
835.0 372.5
836.4 173.2
837.0 224.0
841.59 378.2
839.5 925.8
839.67 207.67
840.67 931.75
840.0 964.5
841.5 191.0
841.5 528.5
845.5 760.5
844.0 470.5
846.5 366.5
845.33 489.67
848.0 261.43
851.0 687.8
851.5 1048.5
854.17 75.17
853.6 762.2
858.5 839.0
856.33 666.33
861.0 404.0
865.0 260.5
866.0 997.0
871.24 226.0
877.44 145.84
870.83 156.17
874.2 190.4
873.0 447.5
874.33 472.67
874.67 775.33
878.2 991.4
881.79 611.63
881.25 906.0
884.0 300.71
887.57 83.27
886.5 559.0
887.5 472.5
887.5 886.5
888.5 78.0
892.12 186.12
899.36 76.16
898.0 414.0
901.33 88.67
902.33 572.89
902.0 832.0
902.0 111.5
905.0 95.5
904.0 254.29
908.15 339.37
908.6 81.8
910.0 664.29
910.8 331.4
915.88 360.88
917.67 610.33
919.5 59.0
922.0 917.5
922.5 457.5
925.4 1005.8
926.5 221.5
927.5 457.5
926.5 832.0
927.75 208.0
928.0 704.25
928.0 871.25
930.0 747.0
930.0 124.5
932.19 271.19
932.0 3.5
932.76 279.62
935.33 80.33
936.5 889.0
938.36 1078.09
939.0 908.29
939.33 757.67
942.5 992.0
945.0 159.5
947.0 85.8
946.5 1002.0
951.0 131.29
952.0 861.0
955.0 918.75
954.5 999.0
957.5 5.0
962.0 124.5
961.88 162.12
962.5 811.5
965.0 352.5
965.4 938.2
968.4 735.4
973.41 80.74
976.05 583.31
972.0 921.25
973.2 155.4
976.5 524.5
976.0 980.0
979.37 1021.0
977.5 5.0
977.5 18.0
977.5 66.0
977.5 169.0
980.5 70.0
981.3 862.9
980.8 741.4
984.67 999.33
982.5 276.0
986.27 28.05
984.67 183.67
986.0 173.29
988.67 169.33
996.0 329.28
990.24 790.32
990.0 185.5
992.67 696.33
997.0 506.0
1001.82 43.82
1000.5 879.5
1001.5 1069.5
1004.36 270.45
1005.62 564.15
1011.5 62.5
1013.0 48.29
1014.17 509.83
1015.5 361.0
1018.88 316.88
1019.5 37.5
1021.5 299.0
1023.9 461.3
1022.67 800.33
1026.0 186.25
1025.5 191.0
1031.5 696.0
1036.62 681.74
1035.0 103.5
1038.5 70.0
1044.71 862.0
1046.5 43.0
1047.0 735.25
1047.5 353.5
1049.5 695.5
1051.0 497.29
1056.08 401.54
1056.0 1065.71
1058.25 125.25
1059.0 334.0
1059.0 51.0
1059.5 487.0
1060.4 393.2
1066.5 584.5
1069.5 201.29
1070.0 462.0
1071.0 1038.75
1080.0 65.5
1081.33 1019.33
1082.5 37.0
1085.7 492.0
1085.8 582.6
1097.33 845.5
1097.33 42.33
1102.62 378.76
1100.88 483.12
1101.4 912.2
1102.67 804.67
1104.5 88.29
1104.0 364.29
1106.57 388.29
1107.0 814.0
1109.5 392.5
1110.5 739.0
1110.8 183.6
1112.41 368.88
1115.12 180.88
1115.18 597.82
1115.83 150.17
1116.0 400.0
1116.5 524.0
1118.38 378.38
1119.88 144.88
1122.67 324.33
1122.5 742.0
1124.64 130.91
1123.5 172.5
1126.5 25.0
1128.0 472.75
1129.0 381.5
1130.0 259.5
1132.5 770.5
1135.0 596.71
1137.67 629.67
1141.53 256.13
1142.67 715.33
1153.09 88.63
1149.0 348.5
1149.0 653.5
1151.0 28.29
1151.5 364.5
1153.0 373.57
1154.8 706.4
1157.0 814.5
1157.5 339.0
1159.0 419.5
1162.5 86.5
1163.5 596.0
1164.5 26.0
1165.4 74.8
1170.38 145.38
1170.25 785.0
1176.87 226.47
1176.0 91.5
1176.5 831.5
1177.67 706.33
1179.0 1043.5
1180.88 229.12
1184.5 165.0
1191.88 162.12
1191.5 341.5
1193.33 241.11
1197.0 301.0
1197.45 317.36
1202.5 84.0
1209.71 551.0
1209.0 1077.5
1216.05 793.31
1212.6 776.8
1214.0 72.5
1214.0 222.5
1219.67 691.5
1216.33 229.33
1221.5 148.5
1222.33 185.33
1224.0 42.5
1232.75 169.0
1233.5 229.5
1236.17 69.17
1237.5 690.0
1238.5 272.5
1240.0 697.5
1242.2 2.6
1245.0 735.71
1248.71 916.0
1250.0 219.29
1250.5 665.0
1253.5 116.0
1255.33 473.67
1256.33 301.67
1256.67 808.33
1261.28 829.89
1261.5 154.0
1264.67 463.67
1264.5 812.5
1266.33 668.67
1269.0 276.0
1271.88 310.88
1273.0 151.5
1278.5 91.79
1278.5 709.92
1277.88 871.88
1279.0 796.25
1282.5 436.5
1284.33 736.33
1285.0 851.5
1286.5 134.5
1287.5 331.5
1288.55 819.36
1292.0 169.0
1292.0 521.71
1293.0 52.71
1296.5 1014.79
1296.0 832.5
1304.0 628.5
1307.2 20.4
1306.5 440.0
1307.0 835.0
1310.5 103.5
1310.33 971.33
1316.0 321.5
1322.2 223.6
1325.0 25.0
1328.6 254.2
1329.0 345.0
1336.0 665.25
1336.5 59.5
1336.33 150.67
1336.5 421.5
1337.5 244.0
1338.0 731.5
1340.33 145.33
1346.26 46.41
1348.88 906.62
1354.5 310.0
1354.6 400.8
1358.89 822.42
1361.5 837.29
1366.5 471.5
1369.59 96.18
1369.5 104.5
1369.5 115.0
1373.6 261.8
1375.5 69.5
1375.0 176.5
1375.25 836.0
1377.2 454.6
1380.21 387.36
1379.5 311.5
1380.0 48.5
1380.5 676.5
1382.5 400.0
1388.5 243.0
1391.83 1034.83
1392.5 166.5
1393.2 382.0
1393.0 985.5
1393.0 716.5
1395.38 1040.38
1395.8 119.5
1399.0 17.5
1408.56 512.85
1405.78 296.09
1410.0 321.5
1419.33 673.11
1418.5 1064.5
1420.0 268.5
1421.33 927.67
1425.24 823.68
1425.0 75.5
1426.0 449.0
1426.5 45.5
1427.0 411.5
1434.33 493.67
1435.0 516.5
1438.0 1072.71
1439.0 293.29
1444.4 122.2
1445.0 318.5
1448.55 113.64
1447.71 269.0
1454.5 269.0
1454.5 742.5
1455.5 725.0
1458.0 517.29
1461.38 832.38
1464.0 776.25
1464.5 138.0
1470.0 623.29
1472.0 1077.0
1472.5 359.0
1472.67 522.67
1474.6 538.2
1477.67 468.67
1479.0 610.71
1479.5 57.5
1480.12 543.12
1479.88 622.12
1481.5 1000.0
1484.48 710.61
1484.0 59.5
1484.0 71.5
1489.17 559.83
1490.0 634.0
1492.29 105.0
1492.5 737.0
1493.5 157.5
1497.41 31.28
1499.67 46.33
1501.0 220.71
1501.5 69.0
1508.62 284.62
1517.5 511.5
1523.53 209.57
1521.5 99.0
1521.5 1028.0
1522.5 914.0
1525.5 800.92
1524.5 21.5
1524.5 255.5
1525.8 466.4
1529.75 1039.75
1531.0 380.0
1531.15 432.54
1530.33 918.67
1532.5 707.5
1536.0 548.75
1537.09 261.64
1538.0 502.8
1538.0 835.25
1539.0 27.5
1542.5 90.0
1546.5 505.0
1548.0 907.0
1550.33 694.33
1555.11 15.11
1553.5 946.5
1553.67 1043.67
1555.0 501.0
1566.6 99.46
1561.33 299.33
1563.09 174.36
1563.6 571.2
1566.62 417.62
1567.29 714.0
1569.26 776.59
1568.83 167.83
1571.08 606.92
1572.0 444.29
1573.0 821.5
1574.75 130.25
1575.86 371.81
1579.5 847.5
1580.33 226.33
1581.5 1078.2
1587.12 706.88
1590.17 9.83
1591.33 204.33
1592.12 485.88
1596.25 211.0
1599.2 669.92
1600.0 1032.0
1610.33 110.33
1613.91 220.91
1612.0 30.0
1615.53 371.13
1622.5 900.12
1622.0 373.75
1626.8 3.6
1626.5 809.5
1629.5 566.5
1630.5 632.0
1633.0 202.0
1634.0 551.71
1644.78 761.5
1646.5 696.5
1649.0 414.0
1649.0 121.5
1649.0 1011.5
1653.25 189.38
1653.0 986.5
1655.0 228.75
1655.25 90.0
1655.0 123.0
1661.12 760.12
1664.5 739.0
1666.2 12.7
1677.81 239.92
1670.41 39.72
1668.67 571.33
1671.5 605.0
1674.6 266.8
1674.33 555.33
1686.67 707.1
1683.67 490.33
1683.75 849.0
1686.5 302.5
1688.71 136.5
1688.82 222.82
1690.4 944.8
1691.33 245.67
1692.5 286.5
1699.4 66.8
1701.5 19.0
1704.0 357.17
1703.0 414.75
1706.0 715.0
1707.5 227.5
1709.29 258.14
1715.0 663.29
1716.0 194.5
1717.5 685.0
1724.0 766.5
1731.33 890.33
1740.64 483.55
1740.0 353.0
1747.91 813.91
1748.85 74.46
1749.5 172.5
1750.0 384.5
1752.2 233.6
1753.67 589.67
1754.0 582.0
1757.5 1040.0
1761.4 663.2
1763.0 123.5
1769.67 332.67
1772.0 111.5
1774.43 459.32
1772.5 592.5
1777.5 697.5
1780.0 237.5
1795.0 91.5
1797.5 422.0
1801.0 345.5
1805.5 622.5
1803.0 880.5
1809.33 5.33
1815.5 245.0
1817.5 174.0
1819.8 885.4
1823.29 542.0
1828.12 409.12
1830.13 259.47
1830.0 327.0
1833.0 554.25
1836.0 687.5
1839.5 171.5
1839.5 265.5
1849.33 346.33
1851.5 719.0
1854.67 458.67
1855.25 316.0
1858.29 375.0
1862.0 323.0
1863.67 886.33
1864.33 916.75
1866.5 151.5
1867.5 832.5
1875.61 973.52
1877.0 473.71
1879.5 887.0
1880.88 1046.88
1882.2 940.4
1884.0 253.29
1889.62 931.62
1890.67 986.89
1894.88 553.12
1895.71 20.0
1897.88 226.88
1899.0 4.5
1899.5 65.5
1904.4 301.5
1900.5 795.5
1912.5 54.5
!