4.19 829.86
3.5 645.0
10.17 549.83
13.0 349.5
14.0 840.5
18.33 785.33
20.5 138.5
19.0 397.5
23.0 215.5
28.33 839.33
30.5 861.5
42.0 667.0
46.5 422.0
46.0 772.5
47.5 633.5
49.0 681.5
61.33 582.33
61.25 817.0
62.5 720.0
65.5 340.5
66.5 746.0
67.5 55.5
68.67 458.67
71.33 208.67
71.0 443.5
71.5 788.5
73.67 6.33
74.0 193.5
73.5 561.0
76.5 789.0
85.33 90.33
88.5 363.5
94.5 514.5
97.5 597.5
98.5 85.5
99.93 765.0
113.5 141.0
114.17 705.17
115.5 671.0
116.0 656.5
121.09 329.91
126.5 620.0
130.5 503.0
138.5 96.0
138.5 475.5
143.0 452.0
142.5 783.0
146.0 25.5
155.5 774.0
165.33 31.33
168.5 87.0
168.5 743.0
177.5 575.5
178.5 738.0
180.5 250.5
182.67 183.33
185.5 37.0
187.67 355.67
191.5 767.0
193.0 286.75
194.0 695.5
197.5 258.5
198.5 196.0
200.59 531.12
203.71 69.0
203.5 540.5
203.0 799.5
205.12 596.12
213.41 315.59
214.33 264.33
216.5 609.5
216.5 822.0
216.4 854.2
217.0 802.5
223.0 730.5
235.67 830.33
244.5 313.0
249.67 862.67
256.0 221.5
259.0 473.5
268.0 328.5
269.5 239.0
271.29 490.71
275.0 837.28
276.64 222.91
277.37 245.79
275.88 429.12
277.74 634.59
282.67 394.67
291.5 70.0
291.5 530.0
298.5 784.0
302.0 741.0
301.0 20.5
304.68 542.59
303.0 522.5
305.75 57.0
311.5 779.5
310.5 824.0
316.0 749.5
328.0 688.5
329.0 587.5
333.5 863.0
341.28 133.24
338.5 198.0
338.67 376.33
350.6 110.8
350.5 778.5
352.5 42.0
353.17 433.17
357.5 391.0
357.5 549.0
357.0 585.5
357.0 638.5
357.5 694.0
363.5 749.0
363.29 707.0
362.0 45.5
362.0 506.5
363.5 589.5
369.5 102.44
366.0 241.0
372.5 36.5
374.5 8.0
375.4 430.8
376.5 113.0
378.5 585.5
379.5 233.0
379.0 300.5
380.5 117.5
381.0 620.5
384.36 341.91
391.0 836.5
391.0 538.25
390.0 819.5
392.0 245.0
391.67 707.67
395.0 289.5
397.5 613.5
402.5 94.5
403.67 621.67
405.0 742.0
408.5 528.0
411.05 564.19
410.33 710.33
420.5 289.0
422.33 846.67
423.5 530.5
428.14 812.81
430.29 366.0
429.71 827.0
431.0 789.5
433.5 172.5
434.5 713.0
435.5 176.5
436.5 404.5
436.0 526.5
439.0 781.5
440.31 855.92
442.17 686.17
447.57 599.55
451.64 324.91
449.5 708.5
451.89 763.33
456.99 571.26
455.0 162.5
455.0 804.5
456.5 590.0
457.0 14.5
457.5 227.0
457.5 534.0
459.5 682.5
462.67 101.33
473.88 237.12
476.5 714.5
480.5 204.5
482.4 747.6
484.0 722.5
484.5 772.5
487.0 474.0
496.61 651.39
493.5 843.5
496.0 383.5
498.0 174.5
499.29 407.5
512.39 752.9
509.33 458.33
510.5 243.0
510.0 779.5
511.5 423.5
512.0 602.5
512.0 715.0
513.5 410.5
528.0 555.0
530.88 843.12
532.84 477.59
534.88 756.12
535.0 653.5
538.71 79.5
538.71 726.0
540.29 577.5
541.7 688.7
542.8 705.0
543.0 787.25
545.9 727.95
545.5 401.5
545.5 527.0
550.94 89.15
549.0 103.5
550.5 541.0
555.0 17.5
556.0 100.5
558.0 762.5
561.5 510.5
561.67 861.33
563.8 739.5
567.0 382.5
567.0 755.5
569.5 265.5
573.5 167.5
576.0 41.0
578.0 682.5
584.0 745.5
595.0 650.5
599.64 444.55
598.0 805.5
601.5 479.0
603.5 307.0
603.5 426.5
604.33 368.67
609.0 454.5
615.0 727.5
617.5 560.5
618.0 394.5
631.67 562.67
632.4 680.4
633.5 244.5
638.0 549.0
638.0 660.75
638.0 410.5
638.5 501.0
641.0 410.5
642.0 566.5
643.8 598.6
645.5 3.5
645.0 163.5
648.39 854.39
648.29 660.0
649.67 630.33
649.5 808.5
653.0 751.75
657.42 805.88
658.72 417.66
663.5 153.5
664.0 255.0
663.5 831.0
666.09 280.78
672.0 21.5
672.82 802.82
678.0 477.0
679.67 291.33
681.12 558.88
680.33 698.67
685.5 625.0
687.5 572.5
693.29 470.0
694.5 187.0
695.5 589.5
701.33 493.67
707.33 443.33
709.0 259.5
710.12 472.88
709.67 826.33
713.5 422.0
726.0 607.5
737.5 287.5
740.0 16.5
740.0 346.71
742.5 180.0
746.33 426.67
748.33 762.33
749.67 839.67
759.12 156.88
760.5 438.5
761.5 57.5
761.5 514.5
763.0 136.5
763.0 741.5
768.5 554.5
772.0 253.5
775.5 33.0
779.0 0.25
781.21 862.21
788.82 260.16
784.5 15.0
785.0 292.5
788.5 684.0
791.88 637.12
795.5 789.0
804.5 147.5
804.75 503.0
805.33 522.33
806.0 537.5
807.5 400.0
807.5 748.0
810.5 722.0
811.67 684.33
812.5 26.0
813.0 557.5
815.5 307.5
820.22 561.91
819.5 512.5
820.5 464.0
820.67 541.67
824.0 456.5
830.71 752.0
834.67 683.67
836.5 583.0
839.5 757.0
843.0 144.5
858.5 466.5
858.5 627.5
860.18 459.82
859.5 665.0
859.0 688.5
860.67 736.67
867.0 810.5
872.45 722.36
883.0 803.71
884.0 500.5
893.5 76.0
893.5 216.5
896.33 208.67
896.5 231.0
904.0 236.5
904.0 68.0
905.5 792.5
913.5 837.5
915.5 728.0
917.5 313.0
918.67 493.33
918.5 753.0
919.71 611.0
920.8 133.6
921.0 242.5
922.33 313.33
925.0 350.5
933.5 115.0
932.33 320.89
931.5 477.0
932.67 814.33
937.5 705.5
936.5 816.0
949.0 335.5
951.0 233.5
959.52 803.89
960.5 523.5
960.0 835.5
963.5 507.0
970.04 456.36
971.0 695.71
975.5 569.0
976.0 441.5
976.71 766.0
979.76 55.76
979.0 749.8
982.0 736.29
982.88 401.88
985.0 494.5
987.0 237.5
989.0 611.0
991.29 731.5
994.0 364.25
994.0 664.5
996.5 13.5
996.5 607.0
1005.0 440.75
1004.67 693.67
1010.5 719.5
1013.5 810.0
1015.33 13.33
1018.5 674.0
1019.67 273.67
1022.5 554.0
1023.5 30.5
1025.0 231.5
1027.0 757.5
1028.0 783.5
1029.33 273.67
1030.5 572.0
1031.0 771.5
1035.62 155.74
1036.5 348.0
1045.0 401.5
1063.5 369.0
1072.5 351.5
1074.5 589.5
1078.5 804.0
1080.5 105.0
1085.5 243.0
1087.5 679.0
1099.4 858.6
1099.0 650.5
1099.0 755.5
1101.0 599.5
1115.5 440.0
1118.5 842.5
1121.5 782.0
1133.5 722.5
1133.0 117.5
1136.9 810.3
1136.0 287.5
1136.33 385.67
1139.0 196.0
1139.67 580.33
1140.5 146.5
1142.33 827.33
1148.11 58.28
1149.5 173.5
1153.67 386.67
1155.5 821.0
1157.5 408.0
1158.33 467.67
1158.0 604.5
1161.5 337.5
1164.5 794.5
1169.0 755.5
1170.5 339.5
1175.5 790.0
1185.0 860.75
1186.0 233.5
1189.71 547.0
1190.0 12.5
1194.5 53.0
1195.0 584.5
1198.0 389.83
1201.33 544.33
1203.5 194.5
1205.4 782.8
1206.29 802.5
1212.5 61.71
1213.88 533.88
1214.5 836.0
1216.33 218.67
1216.0 231.5
1217.5 717.0
1218.5 263.0
1222.67 258.67
1229.67 192.33
1233.24 174.0
1233.5 90.5
1239.5 407.0
1240.0 347.5
1245.67 173.33
1248.69 301.69
1250.4 790.0
1249.0 247.5
1250.29 480.5
1254.5 862.0
1255.5 568.0
1258.0 21.29
1259.0 419.5
1261.5 95.5
1272.5 671.0
1274.0 815.5
1274.5 798.0
1276.67 305.33
1277.5 350.0
1281.5 665.5
1284.67 421.33
1289.67 484.67
1290.33 782.33
1295.89 276.33
1299.0 445.25
1299.0 745.5
1299.5 264.0
1299.0 589.5
1302.5 516.5
1309.0 745.5
1308.5 776.5
1312.0 826.5
1315.0 290.5
1321.5 160.5
1323.0 856.5
1322.33 861.67
1323.5 688.5
1344.0 423.5
1346.33 667.67
1347.0 245.5
1350.0 362.5
1353.0 577.5
1357.5 209.0
1358.0 107.5
1359.5 734.5
1364.5 517.5
1371.5 564.0
1374.0 295.5
1375.33 289.67
1381.0 630.5
1382.0 354.5
1382.33 601.33
1384.67 245.33
1386.33 112.67
1387.0 444.5
1390.5 628.0
1391.0 791.5
1393.4 549.4
1397.0 395.5
1399.8 48.0
1398.67 415.67
1399.75 774.0
1405.5 564.0
1411.67 543.11
1416.0 239.5
1421.0 841.5
1432.0 482.25
1437.5 212.5
1438.11 495.33
1438.5 299.5
1440.0 382.0
1443.33 91.33
1443.0 436.5
1444.5 209.0
1449.0 812.29
1460.67 238.33
1464.5 189.0
1465.5 374.0
1470.0 507.5
1473.5 174.5
1474.67 819.67
1475.0 396.5
1478.5 679.0
1479.0 137.5
1482.5 272.71
1484.0 806.5
1504.0 620.5
1508.5 819.5
1513.5 723.5
1515.0 250.5
1517.5 583.5
1520.0 414.5
1522.0 609.5
1525.5 481.0
1525.5 109.0
1528.5 364.0
1528.0 698.5
!