820.0 890.0 640.0 948.0
640.0 948.0 832.0 1020.0
640.0 948.0 584.0 748.0
584.0 748.0 534.0 518.0
534.0 518.0 704.0 414.0
704.0 414.0 912.0 488.0
912.0 488.0 942.0 556.0
942.0 556.0 1186.0 704.0
1186.0 704.0 1220.0 780.0
1186.0 704.0 1318.0 594.0
1318.0 594.0 1452.0 532.0
1318.0 594.0 1218.0 566.0
1218.0 566.0 1186.0 704.0
1218.0 566.0 1182.0 426.0
1182.0 426.0 1292.0 300.0
1182.0 426.0 1058.0 470.0
1058.0 470.0 1218.0 566.0
1058.0 470.0 942.0 556.0
1058.0 470.0 992.0 446.0
992.0 446.0 912.0 490.0
992.0 448.0 976.0 288.0
976.0 288.0 926.0 306.0
926.0 306.0 890.0 286.0
890.0 286.0 832.0 224.0
832.0 224.0 800.0 190.0
!