3.67 283.67
3.67 683.67
3.0 946.5
16.0 273.24
13.5 374.0
14.0 386.25
17.67 335.33
19.5 664.5
26.5 404.71
27.5 145.5
32.5 369.0
34.33 127.67
38.0 13.8
47.13 354.53
47.36 617.09
49.0 723.5
53.0 172.5
55.0 332.5
57.0 274.29
59.91 769.09
68.0 522.88
68.0 963.5
71.29 221.0
77.2 320.4
79.5 69.5
88.67 676.33
94.0 121.5
104.29 98.0
106.0 277.0
111.67 304.67
115.25 890.0
117.5 1057.0
118.75 601.0
120.0 681.0
121.5 572.0
123.67 312.67
131.5 644.0
133.0 891.5
134.67 975.33
136.5 1042.5
137.33 750.75
147.83 272.17
151.67 544.89
150.0 659.5
155.5 59.0
159.5 459.5
159.0 821.5
160.4 892.2
164.0 309.5
165.5 195.0
166.29 983.5
165.5 1021.5
170.04 738.6
170.0 907.5
173.5 930.0
180.29 1008.0
182.75 591.0
186.33 492.67
190.9 555.72
191.5 900.0
194.0 377.29
195.33 565.33
200.5 516.0
200.5 589.0
201.0 831.5
203.5 199.0
207.0 159.8
207.0 855.25
209.5 676.5
213.29 856.0
217.0 74.0
219.24 495.0
218.54 262.15
219.29 937.67
222.67 163.67
226.0 1031.0
237.5 713.5
239.0 555.25
238.6 750.8
240.0 114.0
244.0 205.0
251.5 439.5
256.5 765.78
257.4 510.8
261.33 656.33
267.2 529.6
266.5 1072.5
269.0 450.5
270.71 153.0
276.5 477.5
277.5 589.0
280.5 964.0
284.3 895.3
284.5 935.0
285.38 958.38
291.5 171.5
296.0 684.5
297.0 263.0
297.67 800.67
298.33 225.33
298.5 832.0
300.8 238.0
310.4 465.8
314.5 248.29
315.8 739.5
320.25 382.0
323.5 927.2
325.5 119.0
332.0 640.0
334.33 430.33
337.5 284.0
340.75 68.25
346.4 132.95
347.2 932.6
348.5 480.0
349.0 592.5
353.17 1078.17
360.77 58.55
372.17 50.83
372.5 285.0
377.62 267.62
377.0 1010.25
381.33 642.67
382.0 1017.5
383.29 571.86
383.67 875.33
386.5 325.0
391.0 976.25
398.0 752.5
400.14 350.43
403.88 55.88
404.17 789.83
404.5 334.0
406.5 48.5
418.5 979.0
420.25 582.0
426.5 1069.5
427.83 843.17
428.0 1040.0
438.5 1072.5
439.0 775.5
443.0 128.75
444.3 509.3
454.5 782.5
455.5 601.5
457.0 946.5
457.5 17.5
458.2 51.4
474.5 975.0
479.5 994.0
479.5 762.5
485.0 981.0
486.71 801.0
488.0 79.5
506.4 360.8
510.5 584.0
517.15 784.46
523.29 363.0
524.5 135.0
533.72 517.59
534.5 345.0
537.67 683.33
541.41 652.88
547.29 992.0
553.5 467.8
555.0 251.5
558.67 103.67
558.75 1018.0
566.5 1024.0
570.8 496.08
570.5 601.5
572.75 833.04
571.0 820.5
575.27 468.5
574.33 699.89
578.0 241.71
578.0 394.5
581.5 730.29
584.67 747.8
584.5 600.5
585.5 29.0
592.29 823.0
594.5 72.0
600.0 920.25
605.33 675.33
609.5 831.5
610.0 177.5
615.4 1057.2
616.4 988.2
620.0 838.5
622.58 259.89
624.88 1052.88
629.0 540.0
632.82 124.82
637.5 530.0
640.74 947.26
642.0 144.5
642.67 804.67
652.2 883.0
655.83 149.0
659.89 633.67
660.0 113.5
661.0 602.5
664.5 415.0
669.0 167.5
675.5 85.5
677.5 369.5
687.2 20.4
687.12 207.12
693.0 226.5
693.2 805.4
697.5 528.0
699.0 776.5
702.67 285.33
704.0 412.5
708.0 407.0
715.0 659.5
716.5 380.0
721.33 861.33
737.83 299.83
741.5 579.0
741.5 1042.5
745.0 106.5
746.0 594.0
745.0 696.5
753.5 207.5
755.45 473.64
757.5 877.0
760.0 88.5
762.88 104.12
763.0 630.25
767.12 67.88
771.45 312.36
776.11 1038.67
776.5 333.0
780.5 379.5
780.12 557.12
780.5 1015.5
782.72 396.11
792.0 543.0
793.2 498.6
793.5 980.0
797.29 131.0
799.78 189.69
796.33 276.33
799.29 204.0
802.0 232.5
812.8 330.0
814.67 385.33
815.5 1076.5
817.12 117.12
819.2 890.11
820.33 1001.33
822.5 986.5
824.25 716.0
826.33 618.67
827.5 130.0
831.0 1020.0
830.63 222.79
833.5 1009.0
831.83 932.83
836.33 728.89
850.5 383.0
851.63 416.21
853.75 670.0
858.11 14.67
868.12 435.88
869.64 1038.55
870.33 305.33
878.5 679.0
878.83 1029.83
880.0 827.5
889.26 285.26
884.0 545.25
885.33 793.67
888.2 247.6
890.25 561.0
893.0 472.5
893.6 837.2
895.5 221.5
897.5 351.5
899.74 847.26
899.11 231.67
898.5 410.0
901.8 803.08
900.0 749.5
902.0 396.5
902.0 862.5
902.0 926.29
908.12 136.88
907.5 214.5
912.26 488.85
908.83 518.33
910.4 882.96
916.71 119.0
917.6 799.8
920.09 776.91
925.89 306.79
929.0 342.5
930.64 592.09
936.5 225.5
937.0 229.71
942.1 556.25
939.33 813.11
941.37 931.79
942.0 402.0
947.0 926.5
947.5 107.0
947.75 336.0
952.8 776.4
956.5 405.0
963.2 208.6
964.0 30.71
963.75 231.0
964.33 852.67
967.09 777.91
970.71 331.0
970.4 591.8
975.65 287.18
971.33 402.67
973.5 861.5
974.75 988.25
978.6 273.4
979.82 785.18
980.64 950.91
982.5 611.5
991.96 446.71
986.5 213.5
987.5 351.0
987.5 786.5
989.5 1037.5
990.0 536.0
992.64 140.91
994.0 335.5
998.72 1072.17
998.88 117.41
1000.63 337.79
1000.0 621.5
1002.12 295.12
1004.5 920.5
1007.67 582.67
1008.6 541.2
1010.0 211.5
1011.0 457.5
1012.0 900.25
1015.33 312.67
1017.0 1048.0
1018.12 974.12
1022.0 982.0
1024.0 165.5
1024.33 262.67
1024.8 320.4
1026.8 706.4
1030.0 643.5
1031.5 880.71
1031.5 54.5
1034.0 263.57
1034.0 680.5
1035.0 227.5
1036.5 999.0
1039.0 947.5
1041.25 211.0
1047.5 550.0
1048.67 859.4
1048.5 90.0
1051.0 741.25
1057.17 469.09
1054.0 484.5
1056.5 328.0
1057.22 734.5
1057.2 767.6
1057.5 817.29
1061.0 242.29
1065.0 285.25
1065.0 408.5
1074.67 233.67
1075.0 968.8
1083.75 233.0
1086.5 373.0
1089.0 116.5
1090.67 690.33
1097.5 86.5
1100.5 564.0
1105.0 257.5
1107.5 354.0
1111.28 943.88
1111.0 288.29
1110.71 364.0
1112.41 1054.16
1114.0 518.0
1117.62 981.38
1117.83 299.17
1117.5 653.0
1119.0 554.75
1119.33 832.89
1119.0 869.0
1120.0 562.5
1123.38 863.38
1123.0 170.5
1125.33 70.33
1126.62 656.77
1126.4 932.2
1132.17 993.17
1138.92 1060.41
1136.5 282.5
1136.5 775.0
1137.5 387.5
1139.0 234.5
1142.33 381.89
1143.67 838.67
1145.5 657.5
1145.0 540.5
1146.5 384.0
1148.12 843.12
1157.5 98.0
1156.0 207.5
1158.62 1003.62
1164.7 98.7
1164.2 231.4
1167.5 92.0
1168.69 209.12
1171.5 421.5
1172.33 461.67
1173.12 561.88
1174.6 752.2
1181.26 426.74
1177.4 219.7
1176.5 689.5
1177.5 467.5
1178.0 995.0
1179.5 580.0
1186.33 703.57
1179.0 1055.5
1180.25 464.0
1185.0 352.5
1186.0 761.0
1186.47 836.13
1190.68 90.71
1188.5 774.5
1189.67 591.89
1191.5 848.0
1195.5 192.0
1196.5 950.5
1197.6 800.8
1205.45 1011.64
1209.37 277.79
1218.5 565.5
1214.0 599.5
1215.5 522.0
1220.5 780.5
1217.5 824.0
1222.5 74.0
1224.28 1069.41
1227.0 414.5
1226.5 450.0
1228.6 698.8
1231.3 924.3
1240.0 1065.6
1240.5 715.0
1241.88 13.12
1241.88 227.88
1243.12 926.88
1245.91 481.91
1245.0 437.0
1246.0 531.5
1246.8 520.4
1251.5 115.0
1251.33 502.67
1255.5 194.0
1257.38 134.38
1259.5 994.0
1261.5 221.5
1261.0 635.5
1268.0 227.5
1271.5 217.5
1272.2 693.6
1271.5 783.5
1276.0 183.71
1277.5 123.0
1282.25 288.67
1281.5 542.5
1282.0 661.5
1283.0 278.29
1285.4 224.8
1286.8 320.0
1288.0 600.0
1291.73 300.07
1292.5 766.0
1299.05 382.9
1297.5 446.5
1302.71 763.0
1309.3 531.78
1309.5 940.0
1311.1 1031.05
1317.53 594.04
1313.5 264.0
1313.5 439.5
1318.89 948.72
1319.2 780.4
1321.0 957.5
1325.88 568.72
1325.5 850.0
1325.5 969.0
1327.5 315.5
1331.29 868.43
1331.0 906.0
1332.0 1075.5
1335.33 797.89
1338.2 316.4
1340.4 80.8
1346.45 182.64
1345.0 772.5
1345.88 962.12
1346.5 516.0
1352.11 408.67
1355.5 974.5
1359.79 407.36
1360.0 925.71
1360.5 789.5
1362.71 594.5
1361.33 744.67
1367.5 671.5
1372.0 906.0
1371.88 361.88
1371.8 548.6
1371.5 665.5
1371.5 730.0
1373.67 297.67
1374.4 728.2
1376.67 739.48
1378.0 765.5
1378.5 409.5
1380.33 737.67
1382.86 395.32
1381.5 746.5
1387.0 909.91
1382.5 1030.0
1390.14 812.25
1386.4 719.2
1386.88 740.88
1388.0 529.29
1388.12 728.88
1388.0 993.5
1391.5 759.0
1393.67 287.67
1394.5 187.5
1394.0 654.5
1401.5 401.5
1401.33 848.33
1413.2 432.6
1412.5 508.0
1414.0 611.5
1415.33 872.67
1417.5 730.0
1423.68 881.68
1421.63 648.79
1428.54 1010.59
1426.5 614.5
1429.0 243.0
1434.0 817.0
1437.0 149.5
1448.67 503.67
1451.0 530.88
1453.0 684.0
1454.0 696.5
1456.5 269.0
1459.0 712.0
1461.94 876.75
1460.25 858.0
1465.0 959.5
1465.0 1026.5
1468.0 1051.5
1468.5 10.0
1469.5 884.0
1472.6 673.2
1474.0 365.0
1474.75 841.0
1480.0 537.0
1489.75 833.28
1493.38 1064.38
1497.67 592.67
1499.33 359.67
1506.04 842.89
1505.5 882.5
1506.8 122.6
1508.75 344.75
1511.12 692.12
1515.5 747.5
1519.5 1073.5
1521.0 829.5
1523.0 730.71
1524.0 1071.29
1525.5 844.0
1529.0 973.0
1534.0 733.5
1540.5 87.5
1541.4 357.2
1552.0 870.25
1553.5 1020.0
1554.0 667.5
1554.71 852.0
1561.5 70.0
1559.5 771.0
1560.0 762.5
1564.5 775.0
1568.8 1054.32
1565.75 365.25
1566.5 811.5
1568.29 501.0
1576.36 617.32
1580.3 154.52
1583.25 429.75
1585.5 943.5
1588.5 905.5
1592.5 894.0
1595.0 11.0
1596.0 788.71
1601.0 939.0
1601.5 899.0
1603.6 497.2
1605.5 225.0
1606.5 816.5
1606.5 917.5
1608.5 889.5
1611.0 992.5
1614.5 570.5
1618.13 442.87
1617.5 714.5
1620.3 24.7
1625.45 719.64
1626.5 447.0
1630.0 750.0
1636.5 435.5
1644.0 474.6
1644.5 525.0
1646.0 359.71
1651.4 645.8
1653.83 719.17
1656.5 878.5
1657.67 180.33
1663.2 265.4
1663.12 911.88
1664.0 531.5
1665.5 901.5
1671.0 823.29
1674.85 354.38
1677.47 1059.29
1674.5 531.5
1675.25 74.0
1676.53 458.13
1677.0 1049.5
1677.5 451.5
1680.17 534.12
1681.0 573.75
1681.0 1007.5
1685.16 1042.79
1684.2 1048.6
1684.0 190.5
1685.25 548.0
1687.12 1020.88
1688.67 298.67
1690.5 952.5
1692.2 575.4
1692.91 785.09
1695.33 1047.67
1697.0 663.0
1698.75 904.0
1699.0 552.5
1702.75 250.0
1703.33 848.83
1706.29 1029.5
1706.5 1012.5
1711.5 497.5
1722.28 92.19
1722.5 206.5
1728.76 729.24
1736.4 930.24
1732.5 22.5
1737.5 915.5
1740.0 545.25
1741.0 614.0
1744.67 174.33
1747.8 916.4
1749.5 772.5
1750.12 1031.88
1752.0 1042.0
1754.0 982.2
1755.71 155.0
1755.5 782.5
1761.5 521.5
1763.5 189.0
1766.5 524.5
1777.5 690.0
1785.18 818.15
1779.67 718.67
1780.5 391.0
1787.28 198.66
1785.4 950.8
1790.8 694.4
1791.88 262.12
1798.5 359.5
1799.2 510.2
1802.5 101.0
1805.0 920.5
1814.67 737.67
1822.0 31.5
1824.29 932.0
1826.0 725.5
1831.5 313.0
1831.5 881.5
1837.5 457.0
1849.0 472.0
1849.33 763.67
1849.5 1005.0
1850.88 800.12
1851.5 109.0
1852.2 296.4
1854.0 897.5
1855.0 822.0
1863.0 877.59
1862.6 341.8
1865.0 894.5
1875.0 648.29
1874.33 1008.67
1876.0 517.5
1883.67 189.33
1883.6 376.2
1889.0 551.5
1890.8 256.4
1890.0 617.0
1891.71 956.0
1892.0 1028.5
1901.0 872.0
1899.0 597.5
1904.0 672.5
1905.33 633.67
1909.5 977.2
1909.5 1044.5
1909.0 1051.5
1918.75 64.0
!