2.29 524.0
6.5 669.5
10.2 201.93
8.5 655.0
9.0 612.5
11.0 816.5
12.33 885.33
20.5 269.0
20.5 1063.5
23.75 273.0
23.5 700.5
25.71 528.5
27.29 324.5
31.12 1060.88
52.5 395.33
62.0 76.5
63.2 848.6
65.79 934.0
77.5 536.5
77.5 940.0
86.5 975.0
92.0 187.0
100.5 915.71
100.5 994.71
107.47 846.13
112.12 694.12
114.5 926.5
118.93 579.81
117.5 567.0
121.2 399.6
129.62 109.38
139.5 634.0
151.0 1075.29
152.88 131.88
156.5 564.5
161.38 639.38
162.6 101.8
164.04 816.6
164.76 440.38
165.0 302.5
171.0 349.0
176.0 795.25
177.5 438.5
178.0 567.71
179.0 377.29
182.5 256.5
183.5 884.0
196.0 316.5
196.38 542.75
195.4 845.8
196.0 437.5
199.0 793.71
202.18 9.18
202.75 234.75
206.29 202.5
211.62 24.38
211.29 157.0
218.26 452.41
218.5 436.5
224.0 876.25
224.5 375.0
224.5 785.0
230.88 46.88
237.0 278.5
242.5 328.5
258.87 968.53
260.38 801.15
260.0 962.5
271.12 125.88
271.0 442.0
277.6 443.2
279.5 630.5
289.36 563.55
289.0 346.5
291.5 880.0
303.5 792.5
310.0 161.5
316.17 474.0
314.88 520.88
315.33 851.33
321.5 490.0
326.0 47.5
326.8 644.0
330.0 73.0
337.12 610.88
339.0 366.5
341.0 325.5
353.12 591.88
354.4 668.2
355.0 685.5
355.33 981.33
358.67 350.33
362.0 95.29
362.5 920.5
363.8 1048.0
365.89 770.33
369.0 16.5
370.8 828.6
375.3 793.4
384.0 1031.0
387.5 655.0
389.25 748.0
389.83 1001.17
390.0 582.0
392.5 1017.5
398.67 634.33
419.0 911.5
427.0 797.75
427.67 469.67
441.29 451.5
440.0 841.5
443.6 205.8
444.0 936.5
448.0 916.5
460.71 1003.0
462.14 683.29
464.0 712.5
467.0 25.25
467.29 86.5
467.5 1075.0
471.62 1046.38
471.5 132.0
479.0 823.0
480.5 85.0
482.5 912.5
508.5 313.0
518.5 500.0
524.0 197.5
532.82 700.18
538.29 374.5
542.71 586.5
544.0 1058.5
548.67 508.67
550.9 1008.68
554.5 172.5
556.9 480.32
555.0 921.0
555.0 1022.0
556.5 799.0
568.12 941.88
570.33 1025.33
571.5 900.0
576.5 574.5
582.67 177.67
583.0 954.29
584.8 960.4
591.11 361.26
586.5 466.5
593.0 979.29
596.8 830.0
597.83 149.17
598.12 724.88
602.72 866.59
603.5 639.5
604.5 159.0
612.71 111.0
616.5 276.0
630.33 130.33
639.33 115.75
643.42 74.58
645.0 0.71
654.0 514.5
656.0 51.5
658.6 409.8
675.5 79.0
679.4 38.4
680.17 30.67
685.09 79.22
699.0 196.5
702.67 309.0
703.12 838.12
712.5 82.5
713.6 353.2
720.8 717.6
721.8 458.6
731.0 397.0
738.67 752.67
739.5 424.0
739.5 1049.5
747.5 202.5
754.5 459.0
776.91 828.91
779.38 131.62
778.67 778.67
779.96 1053.61
786.5 805.0
788.0 701.71
789.5 57.78
792.25 830.33
798.33 353.89
810.12 1075.88
810.5 374.5
812.2 126.0
812.67 592.25
812.83 46.17
812.5 151.5
824.0 258.0
829.22 107.5
835.4 93.2
836.0 1010.0
842.0 5.5
840.0 247.5
844.83 993.33
845.88 766.12
853.0 112.5
858.2 178.6
867.5 895.5
874.6 802.8
875.4 176.8
877.37 359.37
875.0 502.5
881.62 645.38
883.0 1037.0
886.0 138.0
885.5 904.5
886.5 739.0
886.4 808.8
886.5 839.0
889.0 100.0
892.5 895.5
893.5 490.0
907.5 760.0
912.39 54.61
911.0 781.5
918.8 882.5
920.0 957.5
922.36 493.09
925.4 516.8
931.0 99.29
930.88 942.88
936.5 5.0
937.12 344.12
939.58 903.42
939.36 331.45
943.5 539.86
948.2 477.6
950.25 147.25
949.0 289.29
961.53 1029.48
962.12 889.12
965.8 421.4
968.0 261.29
971.0 868.5
974.5 1007.5
976.2 418.6
983.67 225.33
987.0 34.0
995.12 373.88
996.5 436.5
997.29 771.0
997.0 869.0
999.0 665.25
1009.5 57.5
1016.67 328.57
1013.5 601.0
1015.8 13.6
1015.5 687.0
1016.71 868.0
1019.0 641.5
1028.2 46.5
1031.5 915.0
1034.71 1078.57
1037.5 125.5
1046.0 724.8
1057.5 1067.5
1068.38 525.69
1070.0 933.0
1072.5 914.5
1075.5 459.21
1077.67 867.33
1083.6 641.4
1083.5 491.0
1088.5 1072.0
1090.5 689.0
1092.5 1077.5
1097.2 795.4
1101.33 253.67
1102.25 1025.33
1110.11 188.28
1111.1 174.43
1112.2 930.4
1114.29 26.0
1116.0 190.5
1118.09 654.36
1119.0 53.5
1121.5 619.0
1122.5 219.0
1129.0 640.5
1133.21 268.91
1136.5 897.5
1137.5 5.5
1137.71 452.0
1139.5 49.0
1147.5 653.5
1149.0 1012.5
1150.5 637.5
1155.25 168.0
1158.65 279.65
1161.32 571.68
1160.75 853.5
1162.6 1005.8
1163.6 1066.2
1170.33 706.33
1177.0 74.5
1176.88 853.12
1179.5 771.5
1187.29 142.0
1187.5 704.0
1193.0 342.5
1193.0 406.5
1196.0 517.5
1198.89 23.28
1200.0 492.5
1203.88 717.12
1209.5 923.5
1209.0 994.5
1209.0 1016.0
1213.62 349.62
1212.67 355.33
1213.0 395.5
1212.5 638.5
1213.71 805.0
1216.8 446.4
1216.88 769.88
1219.0 953.0
1222.5 304.0
1227.0 1036.0
1235.33 374.57
1239.5 104.0
1241.38 80.38
1246.5 824.0
1249.5 323.0
1251.5 863.0
1251.5 1035.0
1260.25 480.0
1265.5 745.5
1268.8 364.33
1276.88 560.12
1277.6 208.2
1280.0 937.0
1281.0 109.0
1281.5 275.0
1288.0 781.5
1296.5 84.0
1297.0 1064.5
1302.5 367.5
1302.67 1049.33
1305.47 215.13
1306.8 967.0
1305.0 1017.5
1307.5 494.73
1309.67 1008.67
1317.0 1046.5
1319.47 115.87
1328.67 414.33
1333.0 715.0
1335.0 364.0
1336.64 239.45
1336.0 644.2
1340.0 561.71
1339.5 579.0
1347.5 525.5
1354.0 1012.0
1359.0 91.5
1362.67 830.33
1364.0 132.0
1367.29 938.5
1374.0 473.5
1375.0 367.5
1382.5 967.5
1392.12 286.88
1395.55 301.64
1395.0 1053.29
1397.0 153.0
1404.0 1017.5
1414.0 41.5
1416.4 763.2
1427.0 586.0
1428.5 799.0
1431.8 822.6
1434.0 568.29
1438.0 1021.25
1456.4 206.6
1459.5 356.0
1464.67 61.33
1469.36 518.15
1467.67 387.67
1475.0 554.5
1475.0 594.5
1478.5 886.5
1481.5 771.5
1484.0 30.5
1484.5 72.5
1495.4 323.2
1495.5 354.5
1497.5 1039.5
1502.5 245.0
1505.0 208.75
1507.0 100.0
1508.4 1053.7
1511.0 512.0
1515.9 830.67
1514.29 684.0
1518.2 747.6
1530.25 449.0
1532.5 15.5
1535.0 610.5
1541.0 752.5
1542.6 142.2
1547.5 789.0
1551.5 250.0
1553.5 283.0
1554.5 162.5
1556.0 486.5
1556.5 881.0
1557.5 691.0
1583.12 1044.88
1585.0 718.5
1589.0 146.0
1603.6 618.2
1608.36 195.91
1609.5 756.5
1609.5 811.5
1613.5 1015.0
1623.5 1023.5
1625.0 333.0
1633.2 115.4
1641.38 1012.85
1644.17 922.83
1649.33 108.67
1650.4 283.2
1651.08 1034.67
1652.5 184.0
1655.0 431.0
1664.0 8.5
1665.0 293.2
1666.17 491.83
1670.26 1033.59
1672.0 763.75
1683.0 291.71
1687.0 42.5
1686.0 1027.5
1689.62 635.62
1690.0 932.5
1691.5 289.0
1697.33 821.33
1709.5 575.1
1711.5 746.5
1713.67 33.67
1720.5 149.0
1723.81 1016.05
1726.5 278.21
1725.12 470.88
1727.29 986.0
1733.2 87.6
1741.33 356.25
1740.33 375.33
1747.33 361.67
1762.87 362.47
1766.71 376.0
1767.25 439.33
1772.0 59.0
1775.0 933.5
1774.96 1075.6
1774.0 81.5
1776.33 574.67
1778.75 963.0
1781.5 291.5
1785.71 1041.86
1786.5 647.5
1793.5 455.0
1804.0 62.5
1807.67 368.33
1812.88 86.88
1814.2 175.4
1814.0 1066.71
1814.0 720.5
1815.0 214.5
1815.4 916.8
1815.0 989.5
1819.0 686.0
1819.5 776.0
1827.0 432.0
1840.0 402.5
1845.8 292.6
1847.5 812.71
1847.5 140.0
1852.09 357.91
1856.0 722.91
1859.5 1074.5
1861.79 399.79
1863.67 618.67
1865.91 467.36
1865.67 631.33
1878.83 903.33
1880.0 582.5
1883.2 240.0
1894.5 915.0
1900.0 58.0
1898.7 495.3
1897.67 533.67
1900.16 774.84
1905.4 992.2
1917.67 988.67
1918.6 317.8
!