5.4 285.8
6.5 442.0
8.33 276.17
9.0 564.29
9.67 347.67
9.0 409.5
17.5 555.0
20.33 593.67
23.5 966.5
26.82 1022.82
26.8 826.5
28.17 689.17
27.5 964.0
29.5 249.5
35.33 759.33
36.5 17.5
37.5 855.5
38.5 62.5
39.3 495.6
39.0 537.5
39.0 562.0
39.0 867.5
41.12 192.12
43.0 387.5
43.33 794.17
44.62 659.62
48.5 449.5
49.0 847.5
56.6 223.54
54.5 507.0
55.5 649.0
57.5 518.5
59.25 580.75
58.5 134.5
60.5 405.5
66.18 571.82
66.25 798.0
73.67 598.67
76.71 528.0
77.0 772.75
80.0 640.0
79.0 751.5
80.5 651.5
80.0 907.5
81.5 413.5
83.5 354.0
84.38 449.62
84.67 908.67
89.0 202.5
89.5 454.0
91.0 922.0
92.5 376.5
94.75 192.0
100.25 391.0
100.0 536.5
103.35 348.0
104.41 519.28
103.75 750.0
105.83 538.83
110.67 189.83
111.72 453.89
110.5 710.5
111.5 365.5
111.5 539.0
120.15 234.23
117.0 182.71
119.5 259.0
119.0 1065.5
121.0 69.75
120.0 980.5
125.0 463.5
125.5 695.0
126.5 650.5
128.88 329.88
128.75 387.0
129.5 867.5
131.5 530.0
133.0 824.2
139.33 292.67
142.5 504.5
142.5 224.0
145.0 515.5
146.5 954.0
152.5 479.0
154.33 451.33
154.5 750.0
156.88 173.12
160.4 251.8
163.5 220.0
162.67 519.67
162.33 912.67
163.75 1063.0
167.22 682.33
165.4 612.8
174.0 994.5
176.71 1048.0
180.9 950.8
183.29 972.0
185.0 1013.5
187.67 726.33
189.0 206.0
194.59 326.93
194.5 584.0
196.5 342.5
203.33 312.67
208.0 221.5
206.5 459.5
206.5 578.0
210.0 982.29
221.01 763.19
216.0 691.5
218.5 148.0
219.12 623.12
218.6 905.8
219.0 815.5
222.6 253.2
222.5 537.5
224.5 7.5
229.0 112.0
231.17 953.0
233.6 543.2
235.0 282.5
238.0 656.71
238.75 617.0
240.5 805.0
243.75 534.0
248.12 948.12
253.29 80.0
255.71 867.0
257.5 1079.0
258.75 91.0
260.5 142.5
263.5 62.5
263.83 349.17
264.0 538.0
267.91 137.91
266.33 628.67
267.88 196.12
270.46 331.92
270.44 683.78
276.4 543.2
277.5 530.0
278.55 799.64
279.82 534.82
279.0 332.0
280.0 979.29
282.3 590.9
284.29 347.14
286.33 395.67
286.33 613.67
290.0 392.5
293.67 38.67
294.0 599.5
295.8 697.5
298.29 884.0
301.29 550.5
304.5 1075.5
307.0 531.5
311.12 87.0
312.5 1021.0
315.25 970.75
315.8 423.0
314.88 487.12
314.67 839.33
318.5 940.5
319.8 317.6
320.0 586.25
321.0 602.5
325.11 1059.72
325.0 1009.71
324.0 1072.5
329.83 193.57
328.0 893.5
330.5 77.5
329.0 338.5
330.5 480.0
331.5 1070.0
336.5 392.5
336.5 850.0
338.5 93.0
338.5 190.5
338.5 994.0
340.0 325.5
340.33 544.67
344.67 161.33
347.59 882.72
347.5 1062.0
356.0 385.0
364.43 1063.62
359.0 151.5
360.65 467.53
359.5 820.0
361.5 585.0
363.5 737.5
364.29 769.0
365.0 507.5
367.5 244.5
373.0 722.29
374.0 169.5
377.17 711.1
374.0 1048.5
375.4 263.2
376.33 1055.67
379.0 241.5
379.71 653.0
380.71 1024.0
382.0 1073.29
383.0 1058.75
387.2 976.4
387.2 1063.0
387.5 833.5
388.18 896.82
393.09 690.75
392.0 44.0
392.2 295.4
394.24 705.14
393.09 680.64
393.5 1078.0
395.82 453.82
401.18 1034.53
396.2 1023.6
404.04 317.32
405.4 157.6
408.0 36.29
411.5 54.0
411.5 846.5
412.8 914.0
413.5 546.5
413.75 134.0
416.33 290.33
419.4 1062.04
420.79 825.5
420.0 1052.0
421.88 47.12
421.8 883.6
421.71 965.0
421.5 1026.0
428.29 125.86
428.0 407.0
428.5 685.0
430.0 158.75
430.64 223.09
432.0 5.0
431.5 970.0
431.5 1025.0
433.0 342.5
434.0 456.71
433.5 527.5
434.5 215.0
438.5 405.5
436.5 982.0
440.5 102.0
441.67 417.67
444.0 513.71
444.5 947.5
447.5 205.0
447.5 896.5
449.32 922.32
450.0 607.5
451.5 889.0
451.5 927.5
453.5 1076.5
454.5 570.5
454.0 786.5
454.6 1008.8
455.5 1045.0
456.5 796.5
460.5 415.0
461.5 278.5
468.5 814.5
463.89 1056.72
465.0 965.0
465.0 479.5
466.5 498.5
466.8 947.6
467.88 453.12
469.0 519.0
469.33 1056.33
471.12 1032.12
476.33 429.75
480.0 849.0
481.0 191.0
481.5 472.0
483.16 908.84
483.75 298.25
482.67 933.67
487.59 1040.59
492.0 56.5
491.0 847.5
496.5 450.5
496.5 893.5
498.67 344.67
498.5 930.0
500.0 747.0
499.5 942.5
501.0 473.29
504.5 1075.5
506.5 944.0
514.57 78.35
508.67 704.67
512.29 941.5
514.0 24.2
529.5 372.5
532.5 963.5
534.0 381.0
536.8 69.4
540.5 1076.5
543.29 363.0
544.5 613.0
547.79 298.37
550.5 653.5
551.5 103.5
552.2 858.0
554.67 49.89
555.25 1011.0
556.5 364.0
558.75 964.0
561.5 934.5
566.0 236.5
572.12 995.88
572.67 1012.67
575.5 884.0
577.5 294.5
581.5 74.5
585.17 1049.17
593.53 500.87
595.5 760.0
598.0 923.75
601.5 583.5
602.62 705.62
608.86 516.32
610.5 158.5
610.5 769.5
612.88 749.88
615.88 717.88
616.5 671.0
623.0 377.29
624.67 44.67
625.5 992.0
628.67 14.67
630.0 123.5
632.13 359.47
631.75 417.75
633.5 317.0
633.71 108.0
634.67 15.33
637.2 233.0
638.2 49.4
642.5 100.0
648.85 524.62
647.0 542.75
648.67 380.33
653.67 273.67
653.67 978.67
654.71 1008.0
655.0 786.5
657.0 1055.0
658.5 162.5
660.0 332.75
666.5 881.5
667.5 912.5
670.2 322.92
670.5 121.5
673.67 672.67
679.29 29.0
679.0 559.5
682.63 975.63
687.5 509.5
689.67 156.33
692.0 554.71
691.4 1068.2
703.5 979.0
704.0 135.5
707.64 469.91
706.5 854.5
706.5 879.0
707.5 772.5
711.09 589.0
713.12 211.12
712.5 1018.0
714.0 247.5
719.94 952.08
717.0 539.29
719.5 699.21
718.38 776.62
721.6 657.6
720.8 981.4
726.5 227.0
729.17 394.83
733.5 475.0
740.0 30.5
742.17 566.0
742.5 709.0
745.85 848.87
745.0 270.0
745.0 705.71
746.5 995.5
747.5 585.5
753.0 741.0
757.83 804.56
756.12 416.59
757.0 119.71
757.0 757.5
764.86 915.43
766.0 512.71
766.5 11.5
766.5 944.5
776.33 421.33
777.67 843.67
779.0 336.5
788.09 3.36
791.71 650.5
791.5 76.5
795.71 421.0
804.38 668.62
804.4 261.8
809.0 96.5
815.0 1065.5
817.5 284.0
817.5 549.5
820.67 718.67
823.12 247.12
829.78 284.33
831.5 250.0
837.0 1069.71
839.82 635.18
841.12 98.88
845.5 776.29
848.07 515.68
847.5 609.0
849.33 54.33
852.5 211.0
854.92 625.2
855.0 794.5
856.88 510.88
858.12 359.12
858.5 1002.0
860.5 154.5
865.0 429.0
874.33 495.38
868.0 516.25
869.0 661.5
874.0 701.83
873.0 272.71
877.6 385.8
881.33 472.67
885.0 852.0
886.0 294.0
889.79 549.5
888.6 726.2
890.0 88.29
890.0 601.5
892.0 501.5
893.2 446.4
901.5 857.0
902.5 1036.78
903.67 845.33
906.0 517.0
910.0 812.5
911.5 541.5
911.5 683.0
915.78 506.13
915.0 586.43
917.12 523.24
919.0 698.75
919.0 387.5
920.8 116.4
921.33 690.33
921.5 865.0
924.5 451.5
931.05 515.69
927.67 140.33
931.58 408.88
929.0 608.21
928.0 507.5
930.45 989.64
931.8 42.6
932.5 500.78
932.88 553.12
934.29 974.0
934.5 768.0
936.5 329.5
939.71 668.0
942.09 284.64
942.83 966.83
943.5 440.0
946.68 554.32
944.0 802.5
948.91 525.0
949.74 290.74
948.33 753.33
951.5 7.29
951.2 891.4
956.5 308.29
955.5 449.83
954.5 514.0
960.0 413.29
966.27 465.5
964.0 477.5
965.0 325.5
965.5 637.5
966.71 242.0
968.5 725.0
969.0 285.5
970.8 350.4
971.8 487.0
975.3 462.21
973.0 662.75
977.29 198.5
979.17 355.67
982.67 574.89
985.5 348.5
986.33 433.67
986.5 564.0
986.0 956.5
989.0 1038.5
993.0 142.0
991.88 581.88
993.6 541.6
993.0 732.75
994.3 833.7
994.71 423.0
1000.03 524.44
996.5 1079.0
999.0 576.2
1000.29 324.5
1001.8 345.0
1002.5 703.5
1009.5 330.5
1012.5 724.0
1018.19 363.14
1016.67 582.67
1023.2 505.4
1023.0 870.0
1030.0 57.5
1031.5 531.5
1035.5 743.17
1037.0 831.5
1038.5 261.5
1039.0 301.5
1042.5 706.71
1044.5 630.5
1048.22 731.09
1048.0 617.5
1051.0 302.71
1050.8 700.4
1051.87 781.47
1051.5 743.5
1053.6 1073.2
1056.17 470.17
1063.38 169.38
1065.4 1010.8
1067.5 490.0
1069.5 432.5
1071.0 853.0
1071.0 1048.75
1080.75 393.67
1080.0 254.5
1085.0 925.25
1085.88 595.88
1085.33 813.67
1089.11 85.72
1090.0 703.5
1091.4 467.2
1093.47 131.87
1095.0 538.29
1111.87 312.77
1113.54 246.15
1114.5 705.0
1117.2 461.4
1123.0 1053.5
1123.5 1068.0
1129.5 764.5
1130.5 940.71
1132.5 855.29
1137.2 836.8
1135.0 742.5
1136.33 731.33
1140.0 274.5
1142.0 372.75
1144.57 1043.0
1144.0 907.5
1146.12 438.12
1145.88 705.88
1145.0 1060.5
1148.5 467.5
1152.59 624.08
1162.0 575.25
1162.5 694.5
1164.5 232.5
1169.0 274.71
1169.67 14.67
1171.5 297.5
1170.67 335.33
1187.0 834.29
1191.5 191.0
1193.0 9.5
1193.0 932.5
1197.67 487.67
1202.67 207.67
1207.0 464.5
1208.67 207.67
1208.67 963.67
1212.0 310.0
1216.0 193.0
1215.0 246.5
1219.0 962.5
1221.5 250.0
1237.39 242.29
1223.5 254.5
1224.6 302.8
1225.5 232.5
1227.0 603.5
1227.5 817.0
1230.67 1054.67
1231.5 233.0
1232.5 1071.0
1233.5 212.0
1234.5 263.5
1241.5 250.0
1241.5 252.5
1242.67 226.67
1242.5 980.5
1243.0 722.5
1255.63 233.43
1253.0 665.0
1253.17 114.17
1252.5 714.0
1254.0 271.5
1255.89 215.67
1260.57 1024.57
1265.0 587.5
1268.0 343.5
1275.12 806.88
1275.5 86.0
1276.0 384.71
1279.71 831.5
1287.0 383.0
1287.5 197.0
1288.5 944.5
1289.0 461.5
1291.64 1041.45
1296.0 1070.43
1297.5 4.0
1308.0 66.25
1309.0 284.5
1310.33 341.33
1315.5 485.5
1321.0 265.0
1321.4 571.8
1323.67 860.33
1330.25 521.0
1330.91 928.64
1333.5 1068.0
1336.8 222.6
1347.5 258.0
1351.4 117.8
1354.2 440.4
1358.35 1015.1
1366.5 480.0
1368.67 572.67
1368.5 816.0
1375.67 435.33
1381.33 646.33
1382.12 717.88
1382.5 76.5
1386.5 273.5
1389.75 599.58
1391.0 473.5
1396.5 652.0
1402.0 822.0
1407.5 406.5
1408.0 1044.5
1412.0 207.5
1411.5 649.5
1418.5 110.5
1418.0 296.5
1418.5 604.5
1420.25 919.0
1422.5 337.0
1425.76 703.5
1427.29 60.71
1428.0 366.5
1435.5 338.29
1437.0 126.71
1438.0 173.5
1446.24 725.67
1444.2 606.4
1446.29 323.5
1451.0 344.5
1457.64 6.45
1456.5 365.0
1462.5 862.5
1468.6 995.8
1486.0 902.0
1493.5 114.0
1493.67 258.67
1495.25 322.75
1498.0 975.0
1501.0 911.71
1505.5 50.8
1506.5 93.5
1508.0 124.5
1509.5 390.5
1513.5 796.0
1515.43 1056.0
1525.0 364.0
1539.5 327.5
1542.0 374.0
1546.8 585.4
1552.12 174.88
1552.5 798.5
1553.75 72.0
1553.6 392.2
1555.67 623.83
1563.0 1063.0
1563.83 421.83
1567.5 1019.0
1569.33 126.33
1571.5 1039.0
1573.88 130.88
1573.67 943.67
1580.0 736.0
1583.5 764.0
1586.5 577.2
1592.5 487.0
1602.8 34.4
1615.84 299.84
1616.5 82.0
1617.5 290.0
1618.0 412.5
1625.0 811.5
1627.0 321.0
1627.12 956.12
1628.5 808.5
1642.77 878.99
1639.12 650.88
1639.5 416.0
1643.6 837.2
1650.64 408.09
1649.0 466.5
1652.91 715.91
1654.33 397.11
1654.0 327.5
1659.31 91.39
1664.19 21.72
1664.0 416.5
1672.5 1079.0
1679.12 159.88
1682.0 456.71
1683.12 731.12
1685.83 862.83
1691.5 364.5
1693.5 1001.5
1701.0 502.0
1701.5 697.5
1706.0 68.5
1704.67 896.33
1704.5 946.5
1709.62 420.38
1710.0 1000.5
1712.12 391.88
1714.0 139.0
1714.6 1016.8
1720.5 947.5
1727.67 484.67
1730.46 86.85
1748.2 405.4
1754.0 327.0
1757.0 488.0
1757.33 981.33
1764.0 585.5
1772.26 664.26
1772.0 164.0
1772.38 257.38
1785.0 848.5
1789.0 302.5
1790.71 641.0
1795.5 647.5
1806.38 897.87
1818.22 135.67
1817.5 799.0
1819.67 641.33
1820.0 855.5
1824.5 797.0
1828.0 989.75
1829.33 355.33
1833.29 70.0
1833.09 577.64
1833.0 1033.0
1839.17 193.83
1838.6 741.2
1846.05 996.07
1846.0 887.71
1848.17 318.83
1850.88 738.88
1853.12 485.88
1855.0 131.5
1857.0 392.5
1857.89 767.33
1859.5 783.0
1863.5 811.73
1864.5 746.5
1884.0 1.5
1898.75 204.0
1903.33 669.83
1905.5 689.0
1910.62 923.62
1913.25 1039.67
!