3.0 834.5
4.11 916.67
7.0 51.71
7.0 896.5
27.0 699.71
32.0 445.0
33.0 117.0
34.28 1039.89
36.5 390.0
39.0 78.0
42.0 376.25
46.67 100.78
54.5 602.5
55.22 1025.44
59.75 709.67
60.0 463.5
61.5 1044.0
63.75 736.75
65.33 883.0
66.5 1078.0
75.0 162.5
79.0 747.0
91.38 370.38
91.0 944.71
102.7 1031.3
107.0 935.5
108.0 711.5
111.0 1046.0
117.5 960.0
119.0 906.5
121.2 1062.6
125.0 937.0
130.5 457.0
139.0 739.5
143.5 41.5
146.0 801.71
149.82 403.82
153.67 498.67
155.0 602.0
158.67 885.33
162.5 371.71
170.0 439.0
170.0 396.5
174.5 896.5
182.75 976.0
184.5 130.0
191.12 707.88
188.5 229.0
189.44 413.78
193.12 275.88
201.33 590.33
205.33 465.33
214.0 100.5
221.5 755.0
227.67 959.67
241.71 1016.0
243.0 909.5
244.0 968.5
245.25 24.0
248.0 999.0
250.0 1019.71
250.0 258.75
254.0 154.5
254.0 352.5
276.5 259.0
281.0 909.5
280.33 916.33
285.5 360.79
289.33 513.67
294.6 427.2
296.33 656.33
299.5 505.0
298.0 517.5
298.5 648.5
299.33 336.67
300.0 671.5
308.5 676.0
309.5 949.0
311.5 287.0
319.6 570.8
325.0 2.5
326.11 427.67
327.29 753.0
331.59 551.26
343.12 760.12
344.0 51.5
345.0 937.5
354.0 237.5
359.0 1059.29
361.17 773.83
374.5 429.5
375.5 490.0
386.5 124.0
393.45 895.17
390.4 446.8
391.8 947.6
391.5 964.5
400.0 361.5
401.12 838.12
409.02 365.83
409.33 799.33
415.0 400.71
415.0 33.5
417.6 463.2
427.6 875.8
430.0 663.0
430.4 1050.8
436.0 587.0
437.67 705.33
443.28 181.11
444.0 77.0
449.85 15.38
453.0 21.5
473.0 354.0
487.0 779.75
514.5 1018.5
522.0 281.5
529.17 396.17
539.0 571.5
542.1 484.95
541.0 620.5
545.0 710.5
549.67 597.67
554.0 807.5
569.93 250.6
569.5 184.5
571.67 179.83
571.5 807.5
574.0 758.0
576.47 173.87
576.8 383.6
578.75 1001.0
583.0 758.75
584.0 886.5
597.5 414.0
602.8 408.6
604.53 485.13
604.5 614.5
607.5 40.5
615.09 806.09
618.5 637.5
624.4 961.8
627.0 511.5
627.5 675.5
631.84 592.41
629.67 610.33
635.0 957.5
638.2 126.0
637.5 322.5
641.5 12.5
643.6 590.8
645.0 42.0
646.0 946.0
646.33 70.33
646.8 443.6
653.67 514.67
656.5 715.5
656.29 349.5
657.5 819.0
661.5 380.0
675.87 889.47
684.0 716.5
689.0 759.5
699.89 686.67
702.5 674.5
703.0 827.5
711.5 352.5
715.5 573.5
716.5 277.5
716.5 685.0
718.75 201.0
719.6 106.8
719.5 849.5
727.0 138.75
729.5 1066.5
732.58 374.45
731.0 918.75
735.5 162.0
746.5 520.0
746.33 652.67
760.5 824.0
770.0 388.29
774.0 523.5
776.0 11.5
777.5 693.0
782.85 461.46
782.5 649.5
791.0 911.5
800.4 67.2
803.33 126.33
813.0 260.5
818.0 37.5
818.5 176.5
818.67 990.33
820.0 42.5
822.5 939.0
826.0 189.5
829.5 614.0
838.0 236.25
837.67 696.33
839.12 930.88
847.67 773.89
850.5 121.5
851.33 870.33
859.0 882.0
860.33 575.33
866.0 317.0
872.0 177.5
877.46 666.85
891.0 108.75
894.0 115.5
901.5 5.0
904.0 510.5
919.67 124.67
920.12 572.12
925.9 435.1
923.67 57.67
926.5 796.0
930.0 313.5
936.5 250.0
938.5 708.5
939.5 858.0
945.37 596.79
945.25 955.0
953.5 505.0
956.4 602.8
959.5 212.5
960.0 245.5
961.0 386.5
965.0 107.0
965.0 457.0
970.5 20.71
977.11 875.28
982.36 781.45
993.21 737.06
986.5 452.0
986.5 901.0
998.12 565.88
998.5 60.0
1000.5 1019.0
1004.5 340.0
1007.0 558.5
1007.5 926.5
1012.5 595.0
1015.67 270.67
1017.5 977.5
1019.0 358.29
1026.5 334.0
1027.5 741.0
1039.0 943.0
1038.67 312.33
1048.0 261.5
1046.0 863.5
1048.67 437.67
1048.0 746.5
1050.0 23.2
1053.67 147.25
1055.36 990.91
1056.5 458.0
1067.5 990.8
1069.88 91.88
1072.67 958.67
1074.0 376.5
1083.6 882.6
1083.83 85.17
1101.91 576.91
1100.0 892.5
1102.0 714.0
1105.8 691.4
1108.0 129.71
1110.5 269.0
1111.0 675.71
1114.8 726.0
1138.29 1011.0
1158.05 102.25
1169.0 515.25
1170.5 1040.0
1175.5 144.0
1175.71 528.0
1178.75 1076.0
1189.67 765.33
1196.8 859.6
1206.0 321.0
1202.5 999.0
1205.0 417.5
1211.28 692.89
1210.5 753.5
1217.5 59.0
1218.67 540.33
1222.17 521.17
1224.2 93.6
1231.5 716.5
1234.5 331.0
1239.0 877.0
1252.0 8.0
1257.0 25.0
1259.5 1050.0
1261.5 316.5
1261.4 600.8
1264.75 72.0
1267.5 247.5
1272.0 142.71
1277.5 197.0
1284.33 766.33
1290.0 992.29
1291.5 465.0
1301.5 795.8
1305.76 461.28
1304.0 121.79
1304.12 222.12
1305.0 827.5
1306.5 116.5
1313.17 948.83
1320.0 651.0
1325.5 546.0
1330.29 366.0
1329.4 1016.8
1332.5 324.5
1338.83 588.33
1339.0 163.5
1341.57 768.86
1348.5 996.5
1351.5 1038.5
1356.0 792.0
1358.0 694.0
1362.59 890.72
1362.0 822.29
1367.5 119.5
1377.74 900.9
1376.4 566.8
1381.0 198.29
1380.33 809.67
1392.0 905.25
1404.0 555.0
1404.0 292.5
1407.5 168.5
1417.2 758.6
1430.33 765.33
1433.47 1072.94
1432.67 875.33
1437.5 566.0
1445.29 817.5
1445.5 265.5
1461.5 324.0
1464.0 440.5
1467.5 911.0
1475.07 936.65
1472.83 444.17
1474.17 1035.17
1475.0 537.0
1490.8 723.6
1502.5 589.0
1510.88 118.12
1515.5 939.0
1525.0 501.5
1527.67 650.33
1529.5 771.5
1537.0 250.5
1539.71 366.0
1551.5 404.0
1564.75 515.0
1565.5 595.0
1572.0 163.0
1571.5 1073.0
1576.0 1007.2
1583.67 257.67
1583.67 650.33
1595.3 732.7
1602.5 475.5
1605.0 226.0
1606.5 734.0
1612.0 314.0
1616.67 934.75
1618.0 407.5
1617.5 832.5
1620.0 677.5
1625.0 319.5
1630.0 565.5
1648.0 170.5
1657.0 407.5
1660.8 788.6
1660.8 899.4
1673.12 583.12
1675.8 53.6
1680.94 371.15
1686.2 733.6
1690.0 1049.5
1692.5 433.5
1693.0 268.5
1694.5 978.0
1701.3 175.6
1708.0 1039.0
1717.17 227.5
1721.1 174.95
1725.0 626.0
1735.0 928.75
1740.4 863.2
1743.5 354.0
1746.0 824.5
1752.11 825.67
1772.67 177.75
1771.5 499.5
1773.89 723.28
1774.5 154.5
1780.4 1061.8
1783.5 450.79
1784.2 922.6
1791.33 91.67
1792.67 83.33
1795.33 558.67
1804.71 333.0
1806.71 665.0
1810.5 350.0
1832.0 518.65
1841.28 972.1
1839.83 806.17
1840.0 193.5
1845.5 850.0
1848.5 1007.29
1849.0 57.0
1851.5 479.5
1854.0 339.5
1862.4 761.6
1863.0 334.75
1870.33 308.67
1872.71 73.0
1874.0 495.5
1881.81 100.93
1883.5 384.5
1888.2 423.6
1891.81 886.24
1895.0 746.5
1899.0 143.5
1906.25 241.06
1904.0 222.5
1917.5 480.0
!