3.0 793.5
4.0 687.5
6.0 1058.5
9.0 218.29
10.21 378.63
13.67 299.33
17.82 937.82
17.5 496.5
19.71 698.0
20.33 63.67
20.0 681.5
22.67 557.67
23.62 1016.38
26.0 10.71
25.8 965.4
27.5 492.29
26.5 562.5
29.38 56.38
31.0 513.0
31.5 505.5
33.53 784.35
34.67 478.11
35.0 995.0
34.0 1042.5
35.33 490.33
36.0 659.5
38.2 971.0
39.0 845.0
44.5 747.5
46.0 670.0
48.2 123.0
52.0 544.5
58.0 473.0
60.25 40.0
64.0 439.65
63.38 841.62
65.33 1017.67
69.0 685.0
72.72 913.12
71.5 1068.29
75.72 49.9
71.5 205.0
74.0 250.5
79.65 446.68
77.5 872.0
77.0 292.5
77.67 547.67
79.0 763.75
79.0 427.0
81.0 324.5
90.22 686.11
90.5 1047.0
95.5 619.5
100.78 302.5
101.0 779.0
102.5 261.0
106.17 277.83
107.88 441.88
108.83 83.83
108.5 229.0
109.0 122.5
111.0 1031.8
111.5 369.0
115.0 457.0
115.71 635.0
124.28 209.1
121.5 450.0
123.0 681.25
124.62 506.38
129.0 436.0
131.0 891.5
132.33 682.67
134.0 1078.29
134.0 557.5
136.33 442.67
140.5 453.5
142.09 646.36
142.8 514.6
143.81 869.14
143.75 301.0
144.0 1049.29
145.5 846.5
149.0 327.5
153.5 208.0
154.0 442.5
159.5 651.0
159.0 753.0
160.5 954.0
161.89 254.33
162.67 172.33
165.0 15.5
165.5 696.5
166.33 462.67
166.5 950.5
170.0 928.75
173.5 829.5
174.0 531.5
175.5 41.0
176.4 505.8
177.5 795.0
185.0 1020.25
186.8 415.0
187.5 306.5
187.0 1004.5
191.59 730.26
195.0 853.0
198.5 933.0
200.0 817.5
205.0 841.0
206.5 594.0
207.5 510.0
216.5 490.0
218.0 634.71
220.0 697.5
221.4 643.2
222.5 573.5
226.94 326.69
228.0 846.25
230.12 553.41
229.12 810.88
230.89 820.67
230.8 1000.4
232.0 948.2
234.0 176.5
237.0 132.5
237.09 552.64
240.61 709.82
240.75 326.33
239.5 932.5
243.17 349.5
252.0 201.25
253.5 1059.0
255.64 465.21
255.88 156.88
263.12 325.13
258.5 220.0
259.33 723.67
262.0 550.0
263.0 647.5
266.72 127.89
266.0 181.0
266.5 847.0
268.12 308.12
268.15 820.46
268.5 440.0
271.5 196.5
273.8 818.0
272.83 880.17
273.2 1044.6
275.0 201.5
275.5 874.0
279.6 445.8
280.0 431.5
281.5 606.5
283.5 831.5
285.78 151.33
287.2 882.6
289.2 948.0
291.5 509.5
291.0 682.5
292.67 617.67
294.0 626.5
297.2 1078.6
297.5 602.5
298.5 323.0
302.0 247.81
303.67 989.67
305.4 940.8
306.5 28.0
307.0 884.0
311.5 26.5
310.0 549.5
311.0 438.71
312.2 930.4
311.5 970.0
313.67 641.33
316.0 333.75
315.0 368.5
320.8 233.5
322.29 197.5
322.5 895.0
327.12 657.12
333.12 296.12
338.57 171.33
337.0 861.0
339.5 1007.5
344.0 992.17
347.0 707.0
347.8 589.4
352.12 560.88
354.0 699.0
355.0 572.0
355.25 940.0
357.29 172.0
357.5 1.0
357.5 289.0
359.0 121.5
360.12 544.0
360.5 629.0
364.24 278.0
362.0 319.0
363.0 616.5
363.67 588.67
366.5 498.5
367.79 810.0
368.12 296.88
373.0 804.5
374.5 245.5
379.0 630.25
379.89 959.67
382.0 329.0
384.0 1012.5
386.0 47.5
390.5 950.0
392.5 580.0
392.0 937.0
392.12 1048.12
392.0 1074.0
393.0 44.29
394.67 31.89
395.88 56.12
399.0 376.5
402.85 980.46
402.0 1003.0
403.0 660.25
405.0 416.5
406.5 892.0
407.2 225.4
406.5 646.0
406.0 810.5
407.5 43.0
412.7 623.4
411.5 1002.5
412.2 1028.6
412.5 841.5
414.0 635.5
416.0 36.25
420.0 402.0
424.5 20.71
423.67 728.67
424.5 641.5
431.5 308.5
436.5 280.0
437.0 476.0
437.0 1029.0
439.5 648.0
442.5 254.0
444.0 267.0
444.33 12.67
445.0 357.5
445.0 889.5
449.33 114.67
449.5 283.5
450.0 546.5
450.0 1016.0
452.36 948.09
452.5 924.0
458.0 609.0
461.5 871.78
461.29 973.0
462.12 793.88
465.0 704.5
465.0 986.0
466.5 767.5
471.91 588.36
473.5 276.5
474.2 405.4
473.67 620.33
475.0 467.5
476.5 847.5
478.88 727.12
481.0 719.0
486.9 24.82
481.5 169.0
484.38 227.38
483.83 560.83
484.67 473.67
487.0 965.0
488.83 97.83
489.5 307.5
490.5 529.0
492.67 322.75
491.5 685.0
495.0 807.5
496.88 247.12
497.0 706.5
496.25 728.0
496.5 852.5
498.33 776.67
498.5 2.0
498.75 89.0
499.0 200.0
500.8 400.4
501.88 550.88
503.5 902.5
511.25 257.0
512.5 489.0
515.78 97.91
513.5 891.5
517.5 271.2
516.5 948.0
517.5 162.5
519.0 961.5
519.0 992.5
529.85 859.1
524.0 276.5
525.0 338.0
526.67 38.75
525.4 801.8
527.7 718.4
531.0 530.25
533.0 811.0
533.5 77.2
533.29 94.0
532.5 299.0
534.5 49.0
536.33 398.33
537.71 688.5
539.0 1042.5
543.0 351.0
540.8 637.6
546.71 296.0
551.32 662.68
548.0 505.5
550.33 52.67
550.0 1062.5
554.5 392.5
556.0 992.5
559.0 651.5
562.0 428.29
561.8 772.6
563.5 78.5
564.5 1045.0
568.84 61.84
566.0 586.5
567.0 788.5
570.4 274.2
570.5 673.5
572.29 346.5
574.83 96.17
574.0 188.5
575.8 278.6
580.5 77.5
581.2 275.4
581.12 662.12
581.0 575.5
587.0 613.5
590.5 17.0
590.0 272.71
590.5 634.29
590.25 37.0
591.5 1074.5
593.2 425.4
592.5 481.5
593.2 550.4
595.8 1039.6
596.0 410.5
599.18 387.18
599.6 605.6
600.5 136.5
601.5 257.5
602.91 813.09
605.45 868.03
605.0 103.75
611.5 652.71
613.33 483.2
613.5 741.5
615.8 691.4
616.91 10.64
616.5 435.0
616.5 1017.5
620.33 836.33
624.0 632.0
625.72 953.19
625.75 511.33
625.5 843.5
630.0 373.0
630.0 923.29
630.5 812.0
632.0 20.29
633.36 15.45
635.5 4.5
635.0 192.5
638.71 138.0
638.5 379.0
639.88 341.88
639.4 472.2
640.6 860.8
641.8 685.4
644.08 693.8
641.33 976.33
642.2 998.6
642.88 545.88
644.12 711.88
646.0 187.5
645.5 534.0
646.5 214.0
648.0 133.29
647.5 590.5
648.67 710.33
649.83 201.67
651.33 975.33
653.0 537.29
655.5 451.5
655.4 571.8
656.5 694.0
657.5 775.0
659.78 234.06
663.56 356.33
660.4 653.2
662.71 11.0
663.5 367.0
664.0 457.5
664.5 935.0
670.25 318.75
668.5 487.5
669.8 500.4
671.5 14.0
672.5 977.0
673.2 1078.6
675.72 70.11
675.0 506.0
677.5 486.5
678.0 919.0
680.0 279.5
682.0 615.25
685.0 956.5
686.0 857.5
689.83 750.83
692.29 4.5
691.25 1015.0
692.75 968.0
693.67 622.67
697.12 345.88
701.0 215.71
703.75 888.0
705.5 61.5
707.5 409.0
708.5 60.0
709.0 463.0
710.8 523.6
711.5 977.0
712.5 743.0
714.7 779.3
716.5 790.5
721.17 743.83
722.5 680.0
725.83 787.5
729.5 627.5
733.5 904.0
730.5 179.5
730.33 330.33
731.0 67.5
732.67 494.33
734.0 592.5
735.71 1011.0
736.5 316.5
736.5 329.0
737.67 747.67
739.0 310.5
743.0 179.29
744.33 581.33
746.0 988.5
748.58 1034.55
748.0 467.0
750.63 696.37
749.33 441.33
751.77 787.77
752.0 588.5
751.25 850.0
752.5 666.0
752.67 831.67
754.67 892.67
760.0 287.29
760.12 595.88
762.83 230.17
762.5 379.0
763.6 366.8
764.0 145.5
766.33 426.33
767.0 558.5
767.67 150.33
767.5 354.0
770.0 822.0
774.5 409.5
776.5 103.5
776.5 792.0
776.5 23.0
776.33 605.33
779.5 52.21
778.8 648.6
778.5 751.0
784.6 596.8
786.59 706.28
786.67 207.11
786.0 989.5
789.24 9.0
790.5 1061.0
794.5 181.5
794.33 310.33
796.0 883.0
798.6 517.2
798.5 554.0
799.33 932.67
800.0 93.5
801.5 5.5
804.5 622.9
804.0 291.5
804.5 359.5
805.0 1004.5
807.5 842.5
809.5 474.5
809.0 104.5
813.5 266.5
813.5 977.5
815.72 297.89
815.5 349.0
814.33 553.67
821.0 850.5
821.0 970.0
821.5 52.0
821.0 492.5
823.0 1039.29
824.69 660.88
825.0 574.5
825.25 688.0
826.33 239.67
829.6 760.8
831.5 897.5
832.5 722.0
832.67 958.67
834.67 237.83
840.5 210.5
838.67 450.33
840.0 559.5
840.8 756.4
844.5 649.5
846.4 708.2
847.5 843.0
849.7 239.3
852.2 280.4
852.5 444.5
853.67 135.33
854.5 469.0
856.4 741.8
856.71 1075.0
863.5 345.0
863.5 839.0
865.0 557.5
866.0 380.5
872.29 773.0
872.5 1030.0
879.19 49.5
879.59 855.28
886.2 300.4
889.82 556.18
891.5 772.0
894.39 658.89
891.5 819.5
894.62 793.38
897.0 799.5
899.5 1026.5
898.5 960.5
899.5 817.5
902.5 4.0
904.5 916.71
905.0 167.5
905.0 226.5
905.33 494.67
906.12 726.88
906.33 484.67
909.7 668.7
911.0 465.0
912.5 19.5
916.0 785.5
918.67 830.33
924.38 2.1
925.0 702.5
928.8 761.11
926.5 292.5
929.5 331.5
932.5 391.5
937.0 609.5
936.33 952.67
938.5 260.0
940.0 965.5
940.5 992.5
943.5 726.79
943.0 336.71
942.5 640.0
944.17 655.17
945.0 286.5
945.5 497.5
946.0 530.25
945.0 593.0
945.33 837.67
953.67 117.33
954.4 518.2
954.0 727.5
954.0 851.5
971.89 637.86
958.36 185.91
959.0 340.0
959.0 864.5
961.0 376.5
963.2 436.4
964.0 941.5
965.0 466.5
973.5 1032.5
975.29 437.0
976.62 125.62
976.0 211.0
976.5 352.71
977.5 872.0
978.12 966.88
980.72 426.11
979.63 1061.21
979.67 389.33
981.64 768.55
983.5 413.0
985.0 682.5
988.2 1002.0
989.0 649.5
992.2 183.6
992.0 659.71
994.0 308.5
996.5 54.0
997.0 610.29
1001.0 690.5
1003.72 892.11
1003.0 299.5
1003.5 1075.0
1006.0 795.5
1007.5 639.0
1010.18 623.82
1010.33 246.33
1018.2 109.4
1020.17 48.33
1019.67 163.67
1019.71 862.0
1020.88 572.12
1021.33 178.33
1022.0 325.0
1024.67 588.56
1022.67 921.33
1023.5 209.5
1025.71 474.0
1025.0 566.5
1026.33 44.67
1027.0 819.5
1031.12 826.12
1030.0 997.5
1030.0 1037.5
1032.0 440.0
1031.5 864.5
1035.0 560.71
1034.0 1045.5
1039.5 199.5
1040.4 759.2
1042.5 195.0
1042.5 1021.5
1044.64 733.09
1044.0 947.5
1046.81 456.14
1045.0 846.0
1045.71 893.0
1047.5 126.5
1048.0 384.29
1049.86 999.0
1050.4 260.8
1054.12 563.12
1054.38 632.38
1055.25 698.25
1054.5 272.0
1056.78 786.0
1055.0 37.5
1055.5 191.5
1055.67 511.67
1058.67 148.67
1060.0 830.5
1058.5 1028.5
1060.18 853.82
1062.2 92.0
1061.8 153.6
1062.5 1027.5
1065.5 19.0
1069.5 780.5
1068.29 206.0
1071.43 225.77
1070.25 955.0
1071.5 974.5
1073.0 836.5
1074.0 405.5
1076.0 6.71
1075.67 759.17
1079.12 468.12
1079.0 324.5
1080.0 525.25
1081.0 157.5
1083.05 191.73
1081.0 886.5
1086.0 322.0
1086.33 332.67
1090.1 786.9
1089.33 426.33
1090.0 1028.0
1090.0 660.5
1090.5 975.0
1096.0 652.29
1095.0 991.0
1096.88 373.12
1097.5 490.5
1099.5 1064.0
1104.5 665.0
1104.0 1001.5
1111.61 893.0
1107.0 907.71
1107.67 1070.67
1110.38 64.15
1110.0 691.5
1112.5 830.22
1114.33 184.33
1115.11 282.33
1116.0 1005.5
1117.0 264.0
1117.29 950.5
1121.5 55.0
1123.5 661.5
1126.72 176.59
1125.0 808.0
1126.0 261.5
1126.33 684.67
1127.5 95.5
1128.38 873.38
1128.67 1059.67
1129.0 819.5
1131.62 381.25
1130.25 657.0
1130.0 1027.5
1133.5 300.0
1133.67 580.33
1134.0 1028.71
1134.0 637.5
1134.0 1036.5
1136.5 506.5
1136.5 704.0
1137.5 732.0
1139.0 592.5
1140.5 635.29
1139.88 689.12
1141.3 445.3
1140.0 782.5
1141.5 522.5
1142.5 866.0
1142.5 277.0
1143.5 785.5
1151.91 114.42
1145.5 576.0
1146.5 125.0
1147.09 265.64
1152.5 916.0
1156.2 996.4
1157.82 435.82
1159.33 151.33
1159.0 526.5
1160.83 80.17
1162.92 56.08
1163.24 147.24
1161.88 190.12
1163.81 532.81
1163.5 47.0
1165.0 779.5
1167.67 363.67
1169.29 747.0
1169.3 924.7
1171.5 296.5
1173.29 429.0
1175.87 384.47
1177.0 864.2
1176.5 985.0
1177.5 243.5
1184.58 351.97
1179.0 100.5
1181.71 720.0
1182.0 778.71
1188.04 504.96
1184.0 307.5
1184.5 917.5
1186.0 101.5
1185.0 728.5
1187.0 1006.8
1189.0 925.0
1194.75 64.0
1204.15 400.87
1199.0 262.5
1200.0 365.25
1199.0 1011.5
1201.92 117.92
1204.0 928.5
1203.0 253.5
1205.0 342.79
1204.5 224.0
1204.5 850.0
1205.0 474.5
1205.8 765.4
1211.5 190.79
1209.0 374.5
1210.5 1022.5
1215.67 221.8
1215.5 701.0
1218.0 397.29
1217.67 821.33
1218.89 1076.72
1220.4 828.2
1226.11 609.72
1232.21 324.51
1228.2 656.4
1229.12 522.12
1229.17 636.17
1229.5 1014.5
1231.0 31.0
1232.79 697.36
1233.29 457.0
1233.0 606.5
1234.0 99.5
1236.0 138.75
1235.0 362.5
1238.67 198.67
1238.5 355.0
1238.5 666.0
1238.75 688.0
1238.5 1021.5
1243.45 139.64
1240.0 365.5
1241.5 948.0
1242.5 258.0
1245.0 316.5
1249.0 723.5
1250.67 914.83
1252.88 338.12
1255.22 249.5
1257.0 565.5
1258.83 429.17
1258.75 478.25
1261.5 794.71
1262.38 198.38
1264.83 39.17
1266.33 214.33
1267.12 886.88
1268.8 504.0
1268.0 688.5
1270.33 658.67
1271.67 524.33
1273.0 1039.5
1280.4 997.8
1282.12 624.88
1282.33 502.67
1285.83 280.17
1285.0 1056.5
1287.2 461.4
1286.71 548.0
1290.0 582.5
1291.33 249.33
1291.5 410.0
1297.7 986.0
1297.37 1060.21
1296.5 607.0
1298.0 807.5
1299.5 679.5
1301.5 269.0
1301.5 716.5
1302.5 811.5
1302.5 874.5
1306.0 1026.5
1305.5 211.5
1305.0 807.5
1306.5 800.0
1307.5 1069.0
1308.67 920.33
1310.5 23.2
1310.88 189.88
1310.5 351.5
1311.5 47.5
1312.0 832.29
1312.5 780.0
1314.5 580.5
1316.5 29.5
1317.0 910.0
1320.0 252.71
1323.7 294.3
1324.07 558.4
1330.16 763.16
1328.33 865.33
1329.78 777.33
1335.75 1008.67
1339.0 227.5
1340.33 420.33
1345.69 488.22
1343.29 748.0
1344.82 849.82
1345.5 354.0
1345.0 538.5
1345.0 1044.5
1347.84 235.16
1347.67 861.33
1348.5 946.5
1352.8 361.4
1356.75 828.0
1356.0 242.8
1357.0 124.75
1356.5 1032.5
1357.5 549.0
1359.12 1065.88
1362.0 887.5
1364.0 384.35
1362.6 766.8
1364.0 184.29
1363.5 912.5
1365.67 213.67
1366.91 1033.91
1366.8 818.6
1367.0 901.5
1370.8 734.6
1370.8 890.4
1371.0 156.5
1372.71 1018.5
1372.5 726.5
1373.0 772.5
1375.25 553.0
1379.5 920.0
1380.0 412.5
1381.2 1053.6
1381.0 942.5
1384.62 321.62
1384.71 360.0
1384.5 437.0
1385.5 410.5
1386.88 327.88
1387.5 245.0
1391.0 179.8
1391.88 1025.88
1391.5 1044.5
1393.91 523.22
1396.62 308.38
1397.0 989.5
1399.6 855.8
1400.25 316.0
1401.0 410.25
1402.5 683.0
1403.12 997.88
1403.75 356.0
1404.67 827.67
1405.4 317.8
1406.5 625.0
1407.5 793.0
1410.62 894.38
1410.33 560.33
1412.0 266.5
1411.33 803.67
1413.5 673.0
1414.25 647.0
1416.8 288.6
1418.0 404.0
1418.67 581.33
1424.18 422.52
1423.5 659.0
1425.5 305.29
1426.5 581.5
1427.5 52.5
1428.2 527.6
1430.0 182.5
1431.4 391.2
1432.5 187.5
1432.88 978.12
1434.0 589.2
1434.5 355.0
1434.5 879.0
1436.58 1052.06
1435.4 691.8
1435.0 764.5
1436.0 991.29
1440.2 102.3
1437.0 519.0
1436.0 1023.5
1438.0 355.0
1437.5 569.0
1437.67 1043.67
1439.5 667.5
1438.5 961.5
1439.0 266.5
1440.12 480.88
1439.0 611.5
1441.8 912.6
1443.0 347.5
1444.0 718.29
1445.0 418.0
1445.71 742.0
1447.6 631.8
1453.67 798.5
1451.33 221.33
1452.17 480.17
1455.75 212.38
1455.33 167.67
1455.0 545.5
1457.0 307.0
1457.0 495.0
1457.5 489.0
1458.0 685.0
1463.0 405.25
1466.0 342.5
1465.5 1060.0
1467.5 139.0
1469.0 377.5
1471.33 633.67
1472.6 116.8
1475.85 1059.38
1474.0 183.5
1475.0 431.5
1478.0 1021.5
1479.0 69.0
1480.3 749.3
1480.33 266.33
1480.88 813.12
1481.88 250.12
1483.0 984.25
1488.5 408.0
1490.0 994.0
1490.0 666.5
1494.45 615.42
1493.6 225.8
1494.0 1003.0
1496.33 75.33
1499.15 601.15
1504.0 1075.22
1499.33 4.33
1499.5 136.5
1500.5 516.5
1502.5 656.5
1504.67 217.67
1508.5 751.5
1512.77 1062.28
1511.71 816.0
1512.29 912.0
1514.5 791.73
1512.5 1071.5
1514.5 313.0
1517.0 336.29
1519.5 358.5
1520.17 594.83
1524.5 410.5
1525.17 568.33
1524.0 588.0
1526.5 20.5
1525.0 847.0
1528.5 34.0
1528.75 809.0
1530.17 1051.17
1530.0 471.5
1530.33 911.33
1533.39 318.04
1532.0 428.5
1533.27 440.5
1532.5 1019.0
1539.5 372.5
1540.25 336.0
1541.0 508.5
1540.0 825.5
1544.5 352.5
1545.5 539.5
1547.75 778.0
1548.12 889.88
1549.5 260.5
1549.67 286.33
1551.5 907.5
1554.17 262.17
1555.0 864.0
1556.71 192.5
1557.5 501.5
1559.0 691.5
1561.5 857.5
1561.5 1037.5
1563.5 428.0
1563.5 715.0
1562.5 1005.0
1564.5 64.5
1564.0 382.5
1564.5 698.0
1564.5 832.5
1564.5 961.5
1566.67 487.67
1567.0 1003.0
1567.0 371.5
1568.12 831.88
1568.5 80.0
1568.5 195.0
1568.5 345.0
1568.67 765.33
1570.0 134.5
1574.81 459.56
1572.5 1006.0
1573.5 778.0
1575.0 711.5
1576.5 178.0
1578.5 1049.0
1582.5 83.0
1583.67 639.67
1585.29 273.0
1584.5 774.0
1585.0 117.5
1588.0 190.0
1591.67 657.78
1594.0 363.0
1594.0 246.0
1594.5 394.0
1594.5 446.5
1594.5 565.0
1597.0 60.5
1598.0 672.5
1600.0 242.5
1601.0 562.29
1601.33 447.67
1607.29 168.0
1607.2 747.6
1607.8 5.4
1608.0 875.5
1609.8 563.6
1613.83 326.02
1610.33 813.67
1611.4 233.2
1612.0 581.5
1611.33 610.33
1611.5 1014.5
1614.0 430.0
1613.67 441.33
1615.0 161.5
1616.8 602.6
1617.67 357.67
1621.12 731.88
1620.5 1039.0
1624.0 478.75
1626.0 376.29
1625.33 751.33
1628.0 862.5
1629.33 968.67
1633.6 1012.4
1634.0 521.5
1634.5 929.5
1637.12 398.12
1636.88 578.12
1637.5 549.0
1637.67 866.33
1637.6 953.2
1639.33 31.33
1641.93 60.81
1641.5 795.0
1642.5 739.5
1644.8 683.0
1649.32 188.08
1646.5 398.0
1646.5 725.5
1648.7 922.07
1647.5 364.0
1649.33 202.25
1650.5 639.5
1652.0 450.0
1652.75 583.0
1653.5 117.5
1654.17 890.67
1653.6 1035.8
1654.33 31.33
1655.25 711.0
1659.0 328.91
1656.4 360.8
1656.5 521.0
1657.67 983.67
1660.12 21.88
1660.71 337.5
1660.0 127.5
1661.2 170.4
1660.0 1027.5
1662.5 848.5
1662.0 1030.25
1662.5 505.0
1666.5 814.5
1667.33 371.33
1668.0 1011.0
1669.5 255.0
1671.5 61.0
1670.4 787.2
1672.5 1054.0
1673.5 738.0
1674.62 743.38
1674.88 364.88
1675.0 323.5
1676.5 374.5
1677.71 178.0
1677.5 406.5
1680.5 348.0
1680.0 491.5
1682.0 806.5
1682.6 765.8
1687.5 409.0
1687.5 887.5
1688.6 1003.2
1689.4 283.2
1690.91 605.91
1689.5 800.5
1691.5 384.0
1691.0 728.5
1694.53 123.13
1696.17 663.0
1695.4 499.8
1695.5 534.0
1697.5 74.29
1696.5 367.5
1697.5 244.0
1700.5 212.22
1699.5 1045.0
1702.6 48.4
1701.33 839.67
1701.5 889.0
1702.67 1072.67
1703.0 677.5
1704.33 117.67
1706.5 839.5
1708.67 673.67
1710.5 994.5
1709.89 1036.67
1712.8 872.6
1713.0 894.0
1712.67 985.67
1712.5 1070.0
1713.5 764.0
1719.25 120.33
1718.5 204.0
1719.0 855.0
1719.0 954.5
1724.04 886.58
1725.33 190.33
1725.5 912.5
1725.5 1078.0
1726.88 841.88
1728.67 473.67
1728.67 711.33
1729.5 1030.8
1729.0 170.5
1730.88 719.88
1731.0 952.5
1735.0 577.5
1735.33 826.33
1735.33 879.67
1735.0 1040.5
1738.2 468.33
1737.0 775.5
1737.6 915.8
1738.0 1015.25
1738.75 873.0
1740.88 953.88
1742.5 965.5
1744.0 363.5
1744.71 626.0
1745.4 6.8
1745.0 946.5
1747.5 20.5
1747.5 606.5
1750.8 756.67
1750.68 444.41
1751.5 271.5
1753.5 432.5
1756.2 221.6
1757.0 424.5
1758.0 163.5
1758.82 557.18
1762.0 1029.75
1763.0 402.75
1763.4 733.6
1765.58 110.58
1763.67 763.67
1764.0 291.5
1764.83 1038.33
1766.12 527.12
1767.0 183.0
1766.5 850.0
1770.4 170.8
1771.8 1008.0
1771.88 858.12
1772.0 942.5
1775.0 1033.5
1778.0 150.71
1777.5 330.0
1778.0 920.5
1781.0 73.75
1780.5 122.5
1780.5 812.0
1784.0 639.5
1784.5 974.0
1784.0 1046.5
1787.15 57.54
1789.0 262.0
1788.0 178.5
1790.0 992.5
1793.67 185.33
1795.35 356.0
1794.0 936.5
1795.33 87.67
1796.29 569.0
1795.0 865.5
1796.0 974.0
1797.5 1004.5
1798.0 226.5
1799.8 946.0
1798.67 962.67
1800.0 728.75
1800.8 756.4
1801.0 1028.0
1801.33 787.67
1803.09 345.64
1802.5 792.5
1804.5 336.5
1805.5 378.0
1806.0 638.71
1806.0 856.0
1808.5 388.5
1806.0 419.5
1815.35 10.14
1809.5 852.5
1810.5 457.5
1812.5 104.5
1813.33 285.17
1813.5 687.5
1814.0 546.5
1816.5 66.0
1816.71 146.0
1818.2 576.0
1818.67 215.33
1819.17 296.83
1818.5 373.0
1819.11 470.33
1819.0 59.5
1820.71 613.0
1822.2 459.4
1822.5 203.5
1822.5 453.0
1823.0 766.0
1822.67 1008.67
1823.5 175.5
1823.75 676.0
1825.8 302.6
1826.33 297.67
1826.5 1018.5
1828.0 300.0
1827.5 489.0
1829.29 512.5
1829.5 654.0
1830.12 876.88
1831.0 784.0
1832.0 216.5
1832.5 127.5
1834.8 177.6
1834.5 687.5
1835.5 595.5
1839.42 515.08
1837.0 832.5
1838.83 637.83
1841.0 505.25
1845.06 179.25
1844.0 1021.5
1848.5 210.8
1849.5 782.5
1850.0 991.5
1851.5 219.5
1853.86 1060.0
1854.0 979.0
1854.0 771.5
1854.4 926.2
1856.0 710.5
1856.5 918.5
1857.71 132.0
1858.38 360.62
1858.75 108.0
1858.5 154.0
1861.4 382.6
1859.6 2.2
1859.67 626.33
1859.0 927.5
1863.0 358.0
1864.67 7.67
1864.5 153.5
1866.0 426.0
1867.6 821.6
1867.5 81.5
1868.0 528.5
1867.67 618.67
1869.67 404.67
1870.44 420.22
1870.5 46.5
1873.11 193.67
1872.88 551.88
1876.5 146.5
1876.5 528.0
1877.5 950.5
1882.8 299.5
1882.75 520.33
1882.0 956.71
1883.0 64.0
1883.5 999.0
1884.88 663.88
1888.16 638.84
1887.2 956.4
1887.0 1058.5
1887.6 937.8
1888.67 565.33
1890.88 125.88
1890.0 431.0
1892.0 611.5
1893.34 798.0
1891.8 823.6
1894.71 828.5
1894.11 999.33
1895.0 972.5
1895.0 725.5
1896.0 1006.5
1897.5 939.0
1897.5 1002.5
1898.29 1012.0
1900.33 1037.67
1901.5 313.0
1901.8 579.5
1902.0 868.0
1906.11 94.28
1905.0 155.5
1906.0 947.2
1908.29 105.86
1908.12 474.12
1907.5 1055.0
1909.0 593.0
1911.0 5.8
1913.5 1076.61
1912.0 192.75
1912.5 40.0
1912.5 650.5
1914.0 15.0
1917.19 592.14
1916.88 91.88
1916.5 215.0
1917.2 360.4
1918.0 547.0
1918.0 710.25
1919.0 959.5
!