3.0 112.29
8.5 110.0
9.0 540.25
11.5 159.0
11.67 112.67
12.91 582.09
13.5 647.5
14.5 242.0
16.5 22.5
18.67 460.33
21.88 117.12
21.5 959.0
24.5 151.0
24.67 37.67
30.29 908.87
27.0 303.0
26.33 499.67
26.33 690.67
28.67 545.33
29.5 295.0
29.4 1018.2
30.8 657.5
36.24 66.24
37.36 262.09
46.47 186.28
37.88 236.88
38.0 776.0
40.4 301.8
41.5 575.5
45.71 90.0
44.6 327.2
46.5 332.0
46.5 66.5
49.68 818.9
49.0 337.5
50.0 480.5
56.2 807.6
59.67 836.33
61.86 485.68
62.5 962.5
65.21 319.37
67.97 985.16
69.5 59.0
71.0 301.8
71.72 623.89
71.33 217.67
71.5 511.5
72.0 832.5
72.8 610.4
75.33 915.33
77.5 483.78
78.76 432.76
81.5 731.5
81.0 986.5
84.35 965.0
87.0 342.5
88.0 459.75
88.5 309.0
90.0 158.5
90.33 640.33
91.5 789.5
92.5 653.0
93.0 952.8
95.6 183.4
96.0 139.0
101.41 522.5
98.5 340.0
100.64 1075.91
100.33 916.33
101.33 96.67
105.5 485.0
109.09 42.09
110.0 101.5
112.37 365.21
111.12 940.88
112.12 997.88
115.29 147.29
116.0 783.5
117.0 607.5
120.0 701.0
123.94 1072.16
121.5 320.5
123.29 15.0
124.17 449.17
123.67 537.67
126.0 11.5
125.5 284.5
126.88 609.12
127.67 700.33
131.4 611.4
133.82 972.82
134.5 362.71
134.33 151.33
136.5 599.31
134.0 761.5
136.38 496.62
136.0 181.5
138.5 58.5
138.67 349.67
138.6 428.2
139.5 557.0
140.0 711.5
141.0 964.71
142.0 899.0
142.67 572.67
146.0 974.5
147.0 49.0
146.88 701.12
151.4 198.2
152.2 268.6
153.67 154.0
155.0 61.2
155.0 1001.5
158.75 975.58
158.71 521.0
163.5 201.5
164.17 372.83
164.5 404.0
164.67 740.67
171.0 456.25
170.33 659.33
175.88 146.88
176.88 811.88
177.5 61.5
179.29 382.0
179.5 1055.0
180.8 167.5
181.0 321.2
181.2 736.6
184.0 116.71
185.0 126.5
185.5 334.0
188.59 348.98
186.0 496.8
186.0 672.71
186.0 814.0
186.33 151.67
186.5 1035.0
187.5 765.0
191.12 805.88
193.38 217.38
194.5 318.5
195.0 587.5
196.0 1038.0
203.11 400.42
197.67 1054.33
200.0 967.5
205.63 523.49
202.0 1076.0
203.5 137.0
210.8 261.4
210.0 322.5
211.0 491.0
212.28 647.19
211.5 988.0
217.5 111.5
219.33 395.33
219.5 955.0
220.5 975.0
227.0 151.29
227.2 293.6
226.5 804.5
228.33 200.89
228.5 876.0
231.75 52.75
231.5 694.5
232.5 364.0
232.5 776.5
235.33 678.33
236.8 278.6
238.5 557.29
240.0 1053.0
241.0 1079.0
242.12 940.88
244.5 155.0
244.0 461.5
246.0 627.5
247.2 611.4
248.0 67.29
250.05 290.5
248.5 693.5
250.0 1042.0
254.0 266.0
255.5 494.0
258.92 345.54
258.0 928.71
259.0 828.8
259.0 377.5
260.5 1067.5
261.5 336.0
263.0 1059.0
265.94 296.85
264.0 116.29
267.38 507.38
267.8 730.4
268.67 201.33
271.33 174.11
274.5 754.0
279.0 67.0
278.88 1036.12
279.5 363.5
279.71 799.0
281.5 662.0
284.7 750.06
282.67 82.67
283.33 385.17
282.5 814.0
283.6 63.2
287.5 897.5
289.75 982.67
291.0 1030.0
291.5 562.5
291.5 760.0
292.67 866.33
293.6 814.8
298.29 738.0
298.67 715.33
299.5 676.5
300.0 8.5
300.8 106.5
300.5 332.0
302.0 145.25
302.91 401.36
304.0 0.5
305.0 74.5
307.67 662.67
309.7 263.4
314.5 534.0
315.5 853.0
314.5 934.0
315.0 371.5
316.33 28.67
318.0 509.0
318.5 116.5
319.5 536.5
322.0 1059.0
322.67 69.67
322.5 449.0
322.5 754.0
328.5 249.95
327.67 162.67
331.0 402.5
331.67 733.22
332.67 630.33
334.5 657.5
335.25 72.0
335.5 706.5
338.0 516.5
339.67 117.67
342.0 408.5
343.71 496.0
344.0 1.5
344.5 338.5
346.29 826.0
345.67 837.67
345.0 957.5
348.0 870.5
353.95 772.1
354.5 130.0
355.0 257.5
359.5 621.5
360.88 57.88
361.5 938.0
368.23 369.36
368.09 137.36
369.0 1057.5
371.0 580.25
370.4 862.2
371.25 554.0
371.5 674.5
373.0 611.25
377.5 361.0
378.71 996.0
381.72 752.89
381.0 990.0
382.81 897.32
383.5 337.71
382.5 685.0
382.5 959.0
386.8 1045.4
388.0 710.71
391.5 905.0
393.82 218.18
394.0 616.0
395.5 317.0
397.11 740.33
398.0 330.25
400.71 297.0
400.0 841.5
402.0 187.0
401.0 875.5
404.0 333.0
406.0 52.0
408.5 672.5
408.53 38.87
407.5 233.0
407.6 363.2
409.0 158.5
410.5 185.0
410.0 619.5
412.0 552.0
414.91 389.64
413.75 910.0
414.5 780.5
415.8 194.4
416.0 615.5
419.09 747.91
419.5 611.71
419.0 648.75
421.45 474.36
423.2 79.4
424.3 542.7
424.5 529.0
425.0 622.2
427.5 356.0
427.5 409.5
430.79 656.16
431.71 163.0
437.37 342.08
436.0 699.75
436.0 919.5
436.71 727.0
439.5 60.5
448.15 1075.82
442.0 951.0
447.67 618.44
446.5 970.5
444.5 1056.5
445.33 788.67
454.5 118.0
455.8 936.4
459.64 395.36
459.5 784.0
460.0 964.5
465.0 789.25
466.36 721.45
469.29 283.0
470.4 73.2
472.0 774.0
472.5 89.0
476.32 712.16
472.75 841.0
476.1 551.28
475.8 16.4
478.0 575.25
477.67 1022.67
479.5 534.2
479.75 565.75
479.0 1014.5
481.91 661.91
481.0 677.29
483.12 1002.12
485.25 736.0
494.74 359.74
493.0 473.29
492.5 670.0
494.0 207.5
502.32 372.81
496.33 390.33
503.0 1010.71
508.67 1030.33
510.0 490.5
511.5 729.0
512.5 374.5
514.19 920.81
514.89 344.67
515.18 889.82
517.0 325.0
516.5 406.5
518.2 897.6
518.0 948.5
519.0 392.5
519.33 684.67
519.5 844.0
522.82 181.82
525.0 748.5
527.64 425.91
530.33 23.67
532.09 120.09
531.83 298.17
533.5 883.2
533.5 276.5
534.33 70.33
534.0 1019.5
535.71 1009.0
540.0 6.5
540.0 667.5
543.44 928.6
542.5 965.0
545.0 719.0
545.5 320.0
546.0 675.25
547.0 550.8
547.5 1008.5
548.0 1033.75
551.29 531.89
551.5 151.5
552.0 573.75
554.67 189.75
553.0 833.5
554.83 931.17
555.5 315.5
556.5 200.0
556.0 469.5
556.5 784.0
562.5 261.0
564.5 943.0
566.83 316.0
567.12 785.88
568.0 416.5
567.67 545.33
568.6 631.8
570.33 33.67
571.5 189.0
579.27 638.23
578.0 232.5
578.0 962.75
579.0 919.0
579.8 141.4
579.88 434.88
579.0 741.5
581.88 525.59
589.67 422.67
584.33 657.92
586.5 451.5
588.0 872.83
590.33 175.25
591.5 400.0
600.63 200.37
593.67 833.67
595.5 238.0
595.25 455.75
597.2 527.5
597.5 398.0
598.6 170.8
599.0 509.0
605.72 1040.11
605.5 10.0
605.5 720.0
605.0 1077.5
608.33 431.33
613.13 467.5
610.0 532.0
612.5 130.5
613.75 72.0
614.6 800.8
623.5 686.5
626.59 483.16
626.5 611.5
629.0 687.0
638.83 260.17
639.67 799.33
641.6 621.8
644.0 683.5
645.5 581.5
646.5 816.0
647.5 185.0
653.0 29.5
654.0 436.5
655.0 296.5
659.11 776.33
661.5 179.0
660.83 1029.83
662.0 919.5
671.46 529.27
665.0 1011.5
665.4 1038.2
667.2 583.6
671.0 668.0
670.0 579.5
672.29 458.0
674.81 699.43
673.12 150.88
673.0 109.5
673.88 548.12
677.2 358.6
677.75 891.0
679.71 248.0
681.64 165.91
685.87 798.87
684.25 823.0
686.33 516.33
694.5 151.5
699.0 42.0
700.0 90.0
699.5 154.0
702.0 42.0
701.5 196.5
708.12 126.12
711.5 565.0
713.67 570.33
714.0 222.0
714.0 1054.5
715.8 8.6
715.0 686.0
717.0 490.0
718.33 54.17
719.0 766.5
724.29 954.0
723.5 983.0
727.0 624.25
727.0 654.0
727.5 98.0
729.75 619.67
731.81 2.93
736.5 306.0
738.88 443.12
739.0 972.5
744.5 177.0
744.5 609.0
748.67 153.67
749.2 1041.4
751.0 504.5
756.17 255.83
757.5 324.0
760.0 311.5
766.33 512.67
770.14 866.3
770.5 84.0
773.5 477.5
777.0 589.5
779.75 716.0
780.8 972.5
783.67 423.67
784.5 229.0
786.12 915.88
786.5 130.0
787.5 90.5
788.5 481.5
788.89 491.67
791.0 312.29
792.0 352.5
792.8 86.4
792.5 529.5
796.68 662.01
793.6 925.8
794.5 64.0
795.0 280.5
796.5 469.83
794.6 600.8
795.33 841.33
799.29 648.0
801.76 171.76
802.91 983.09
803.5 384.0
807.5 398.0
806.33 496.33
807.67 944.33
809.8 100.4
815.91 921.36
817.71 992.0
816.88 416.12
820.41 547.84
818.6 59.8
819.4 365.8
820.5 96.5
826.5 566.0
830.24 329.0
828.0 845.25
829.17 143.33
833.5 622.0
835.5 115.0
835.0 1002.5
844.5 830.0
845.5 916.5
848.67 186.33
851.5 403.0
853.0 636.0
853.0 318.5
855.0 680.0
855.91 17.36
855.0 187.5
859.0 13.0
860.5 184.0
869.07 773.86
870.5 516.0
874.31 441.87
873.25 720.25
873.5 299.0
878.75 609.0
880.45 648.36
880.0 47.5
884.6 253.2
887.2 133.6
886.5 242.5
889.0 1027.79
891.5 684.0
893.5 720.0
895.0 647.5
897.5 535.71
898.67 789.67
900.3 330.3
901.33 684.33
902.5 435.5
909.54 1024.0
905.5 755.0
906.4 470.8
908.0 643.0
911.5 53.5
913.0 127.29
918.29 311.0
918.67 564.67
925.57 530.95
920.88 478.12
927.5 112.5
927.5 911.5
929.0 865.25
931.0 104.0
934.0 315.0
933.6 954.2
940.5 275.85
938.5 410.0
942.29 784.0
942.5 875.0
945.62 285.62
947.5 519.0
952.85 651.0
950.0 128.75
949.4 308.2
950.0 715.5
951.17 116.83
950.71 180.0
950.0 183.5
958.0 442.5
960.87 836.5
959.5 205.5
960.0 425.25
959.0 947.5
960.5 724.5
965.5 517.5
970.17 129.43
968.67 439.33
971.29 571.5
970.0 927.5
973.2 985.4
973.71 678.0
978.89 1030.72
977.5 1072.5
984.95 434.13
980.0 967.5
982.5 595.0
983.67 368.67
984.0 639.5
987.2 222.6
987.5 742.71
986.5 1021.5
988.63 483.79
987.67 552.67
989.2 338.6
991.15 684.92
997.5 911.71
998.0 596.5
1000.0 572.0
1000.0 848.75
1002.22 149.5
1000.5 949.5
1012.91 562.81
1007.0 301.25
1010.8 336.4
1018.0 684.0
1019.4 127.2
1020.83 1060.17
1025.71 369.5
1026.0 483.5
1027.0 240.0
1031.12 226.59
1031.5 655.5
1035.0 992.5
1040.0 157.71
1040.5 349.71
1042.0 296.71
1044.0 344.71
1044.5 80.0
1046.62 882.75
1048.0 509.0
1050.38 410.62
1051.5 944.29
1052.0 535.0
1053.2 478.6
1054.67 622.67
1057.0 724.5
1058.5 610.5
1061.5 557.5
1068.53 593.87
1069.0 506.5
1073.33 97.12
1076.0 113.71
1075.0 857.5
1083.84 337.75
1081.0 796.0
1080.8 957.5
1083.0 854.0
1089.33 286.33
1093.5 914.0
1095.5 296.29
1094.0 358.0
1097.5 22.0
1104.74 802.59
1102.5 836.5
1105.33 691.33
1106.5 181.5
1112.29 1072.0
1114.0 227.5
1116.5 26.5
1116.5 71.5
1119.62 411.62
1123.33 446.89
1123.6 675.8
1130.64 493.36
1132.5 144.0
1135.33 1077.67
1139.81 223.19
1143.2 37.6
1144.0 411.0
1144.17 942.17
1146.8 619.4
1150.5 405.0
1151.5 888.0
1153.0 958.5
1155.0 319.5
1156.88 277.12
1161.37 889.92
1160.5 170.5
1167.03 455.93
1161.2 928.6
1163.0 1038.0
1168.18 361.37
1167.6 270.8
1167.75 697.0
1171.67 42.33
1171.4 230.8
1171.5 800.0
1171.5 920.5
1174.5 831.5
1183.5 170.5
1186.5 715.29
1190.5 497.0
1193.5 41.0
1195.5 113.5
1199.5 224.0
1207.63 104.18
1204.27 260.18
1203.0 440.5
1206.0 7.21
1205.46 522.15
1205.5 121.0
1205.0 442.5
1206.5 500.0
1207.5 1028.0
1216.5 51.0
1224.0 1046.5
1226.5 405.8
1225.0 550.5
1225.0 908.0
1228.0 226.71
1229.75 393.35
1230.0 106.71
1231.5 426.5
1231.33 575.33
1238.71 303.0
1242.59 750.26
1240.33 35.33
1248.25 999.33
1251.74 529.74
1252.5 474.71
1251.75 730.25
1254.0 364.5
1255.0 753.5
1257.67 592.33
1257.5 600.5
1259.5 183.0
1259.67 188.67
1263.0 243.75
1264.0 71.5
1268.5 425.0
1275.92 552.71
1273.67 898.67
1275.0 881.5
1277.29 416.0
1278.0 666.25
1293.0 172.5
1293.0 333.5
1294.0 426.5
1297.0 70.0
1300.75 1073.75
1303.12 779.88
1304.5 914.0
1304.5 800.71
1305.0 98.75
1304.0 357.5
1304.0 491.5
1304.5 647.0
1307.38 670.1
1306.5 510.0
1308.5 1054.0
1316.5 93.0
1318.33 258.83
1318.5 1060.0
1322.5 941.5
1326.0 204.5
1324.5 1014.0
1327.12 382.12
1330.0 629.5
1330.5 317.5
1332.5 500.2
1334.2 356.0
1347.0 549.71
1348.0 301.0
1347.5 565.0
1350.0 625.25
1357.24 835.0
1355.88 363.12
1357.0 517.0
1360.47 344.13
1365.4 475.8
1366.6 681.6
1368.67 579.67
1370.4 538.2
1375.43 490.14
1376.5 619.0
1381.8 758.6
1382.33 825.17
1390.0 342.5
1391.5 843.0
1401.71 317.0
1411.0 930.0
1411.8 369.6
1411.0 472.5
1414.28 488.59
1413.67 681.33
1424.91 512.91
1423.67 1028.67
1425.0 647.5
1437.0 816.8
1437.12 946.12
1438.29 209.0
1438.2 934.6
1445.0 449.5
1446.5 70.0
1449.29 153.0
1462.0 529.15
1457.67 705.33
1460.0 471.5
1467.5 433.5
1478.66 34.0
1479.5 133.5
1481.5 647.29
1483.5 209.0
1484.5 533.5
1484.5 979.0
1485.36 441.91
1489.0 411.5
1490.88 293.12
1491.5 375.0
1495.0 603.76
1501.5 808.5
1505.46 594.85
1506.0 20.5
1510.5 28.5
1511.5 174.0
1513.5 801.0
1514.5 432.5
1516.5 88.0
1518.38 909.62
1517.5 1006.5
1522.6 700.6
1523.12 195.88
1532.0 954.73
1532.8 349.5
1532.5 641.0
1534.3 102.7
1535.0 339.0
1539.38 11.06
1535.33 935.33
1542.8 628.6
1549.0 538.8
1549.5 471.5
1551.0 13.0
1556.0 2.5
1565.0 342.5
1567.5 404.0
1572.5 714.0
1574.72 29.17
1574.8 232.0
1575.8 450.4
1576.5 353.5
1579.37 596.21
1581.5 919.0
1583.71 997.0
1583.5 191.5
1586.0 307.5
1585.67 694.33
1587.0 1048.0
1591.0 852.5
1594.33 922.67
1596.5 989.5
1602.67 1.33
1610.0 554.0
1617.2 1019.4
1632.28 587.16
1630.0 601.71
1631.29 868.71
1631.5 826.5
1636.4 958.2
1638.75 156.0
1640.0 817.0
1644.5 868.5
1648.75 12.0
1652.0 689.29
1656.5 995.0
1665.5 1025.5
1682.2 669.6
1684.25 562.0
1686.8 687.0
1691.0 348.0
1698.0 321.0
1698.0 952.5
1698.5 969.0
1702.67 508.67
1708.25 325.25
1707.5 828.5
1708.29 883.0
1715.79 875.5
1717.0 249.0
1718.2 354.4
1726.0 560.71
1725.67 841.17
1729.5 384.29
1739.67 424.67
1742.29 781.5
1744.0 208.75
1743.5 441.5
1751.0 449.0
1750.0 458.0
1752.36 782.09
1754.68 995.9
1754.47 1068.41
1755.5 1032.0
1756.5 1039.5
1759.0 562.5
1765.17 135.67
1764.4 1015.8
1767.5 816.0
1769.88 165.88
1770.88 601.88
1773.0 876.5
1780.33 70.33
1783.7 815.3
1790.0 1054.5
1796.5 635.0
1801.5 340.5
1801.5 719.0
1806.0 264.5
1810.5 574.5
1811.84 529.84
1813.67 150.33
1820.0 93.5
1823.0 466.71
1825.71 173.0
1829.71 591.0
1830.0 530.5
1830.88 806.88
1832.28 877.59
1831.8 1039.6
1838.0 994.29
1837.83 294.17
1839.5 591.5
1842.0 795.71
1842.5 355.5
1847.5 540.71
1847.12 752.12
1847.67 31.33
1850.5 97.5
1851.25 669.0
1855.5 460.0
1859.67 486.33
1866.45 1054.23
1867.5 644.5
1872.78 320.44
1874.0 240.5
1877.0 273.5
1877.6 351.8
1881.0 499.5
1887.0 691.5
1890.67 904.17
1890.0 922.5
1896.38 528.38
1902.0 773.0
1903.0 65.0
1908.9 742.66
1905.81 1063.14
1907.0 0.0
1912.19 262.86
1911.12 855.88
1917.0 466.5
1918.67 639.67
!