0.4 952.2
6.84 360.42
11.5 570.0
16.5 1070.0
19.12 559.12
27.6 141.8
36.5 26.5
39.7 1044.3
40.71 134.0
41.5 206.5
42.5 33.5
49.13 578.0
45.91 587.36
48.5 0.5
48.0 101.5
48.5 370.0
55.2 829.92
57.6 961.4
59.2 746.5
62.67 570.33
72.5 438.5
73.0 246.5
75.67 149.67
79.67 593.67
85.88 136.25
96.5 538.0
96.5 957.0
103.0 546.61
107.5 638.0
109.0 297.5
110.5 504.5
116.5 745.5
123.5 70.5
130.5 1019.5
136.4 325.8
139.5 320.0
139.0 478.5
148.0 875.0
152.12 415.88
156.0 262.75
162.5 859.0
164.0 249.5
165.5 1072.5
170.33 140.75
170.0 916.5
172.8 1069.6
175.5 17.5
175.88 361.88
181.0 852.5
191.5 161.0
192.5 777.5
194.0 1031.5
194.5 994.0
196.81 659.14
197.5 824.5
204.0 21.5
205.0 969.5
208.5 929.0
211.17 7.17
218.5 19.5
226.12 896.88
226.5 266.5
226.8 724.6
229.18 1046.18
230.5 60.5
235.25 348.0
238.67 308.67
241.5 349.0
242.0 151.5
248.0 894.0
251.0 91.5
252.16 45.84
250.5 899.0
252.12 513.12
259.5 187.0
266.0 172.29
277.5 767.5
282.0 738.5
283.5 886.71
284.0 327.5
287.67 346.33
294.33 656.33
299.17 869.5
297.11 971.33
304.83 867.83
305.29 919.5
310.94 729.78
310.5 268.0
311.4 355.8
314.09 513.91
314.25 548.0
316.5 873.5
323.29 372.5
326.0 757.5
326.5 608.0
327.67 745.33
335.8 220.0
337.2 629.6
351.5 882.0
351.5 1036.5
354.5 291.5
355.0 953.5
358.12 1014.88
360.0 68.5
373.56 963.56
369.0 881.5
376.5 445.5
379.75 225.75
386.0 1.29
393.5 1001.5
398.09 240.09
398.5 561.5
400.62 134.62
400.38 934.38
409.24 883.81
406.5 512.5
406.4 832.2
410.0 350.5
415.0 456.5
417.0 965.0
417.5 781.5
420.89 120.33
421.5 760.0
426.29 566.5
437.5 67.5
440.33 429.33
445.5 247.0
450.5 827.5
454.0 1049.0
457.5 1001.0
459.9 338.72
465.97 354.5
464.76 149.62
470.54 78.54
467.2 586.4
469.33 43.67
469.0 416.5
472.5 200.5
476.2 1059.4
483.0 3.29
491.5 1044.0
495.13 671.47
494.0 47.5
494.5 415.0
494.0 536.5
497.5 925.0
501.5 1068.2
503.0 543.0
502.6 851.2
506.29 845.5
506.5 171.0
506.5 371.0
516.21 1065.0
522.5 1068.0
523.0 870.5
525.5 387.5
525.25 223.0
527.0 839.0
532.6 207.2
532.67 1066.67
537.5 347.5
538.5 1051.29
542.0 61.5
541.71 883.0
544.67 947.67
547.5 808.5
550.0 976.5
555.0 676.5
562.67 535.33
567.71 738.29
564.33 863.67
565.33 427.67
568.09 1071.64
572.8 202.5
574.0 300.5
575.17 962.83
586.44 550.33
584.67 797.89
586.4 501.4
587.2 1045.4
591.0 392.0
595.0 982.5
600.5 209.0
600.0 393.5
601.33 603.67
603.75 423.0
606.5 652.5
610.0 455.5
617.97 525.06
616.5 610.5
616.33 205.67
618.67 606.33
621.5 1039.0
623.22 740.33
630.5 347.5
634.72 681.11
636.91 306.64
642.12 626.12
642.5 910.0
650.5 51.5
649.5 134.0
651.0 924.5
654.0 932.5
659.0 44.5
661.0 1055.25
663.0 1075.25
664.4 130.8
675.5 1074.0
675.0 744.5
679.5 382.5
690.0 224.5
697.0 178.75
705.71 580.0
712.29 618.5
714.89 949.67
722.0 153.5
724.5 950.0
727.5 0.0
727.5 734.5
733.11 895.33
740.2 53.0
740.0 426.0
741.8 922.6
751.5 1050.0
753.12 382.88
752.5 819.5
752.67 825.33
756.0 375.71
756.4 578.2
759.67 529.67
761.5 359.5
760.0 972.5
774.0 161.5
779.29 1005.0
780.5 834.0
788.29 133.0
790.17 373.17
791.33 612.67
792.2 633.6
800.0 761.5
801.33 1044.67
804.0 339.5
805.5 182.5
809.5 816.5
811.5 349.0
811.5 980.0
815.0 721.33
819.0 1006.5
821.0 252.5
823.5 139.0
830.1 110.84
826.5 837.5
833.0 983.5
835.82 373.82
854.0 363.0
861.88 116.88
864.5 218.2
863.67 598.67
865.33 729.67
866.5 329.5
866.71 344.0
867.67 270.33
880.5 155.5
881.33 52.25
881.5 548.5
882.2 880.4
883.75 169.0
886.33 995.33
891.0 127.5
890.33 525.33
893.58 264.42
899.29 752.0
901.5 377.0
902.5 332.0
913.85 437.62
913.12 203.12
912.5 307.5
914.17 723.33
916.5 967.0
928.0 846.25
932.5 169.0
933.5 965.0
935.33 220.33
935.67 362.67
935.0 937.5
945.8 997.6
947.29 238.0
949.0 34.5
949.75 108.0
952.0 131.71
953.25 176.33
953.5 336.0
960.25 974.0
970.0 699.0
976.33 264.67
978.0 71.5
988.5 205.0
990.38 574.62
990.4 997.2
991.88 580.88
994.5 160.0
996.0 309.5
1000.0 950.5
1002.0 130.25
1004.88 346.88
1007.29 631.0
1013.5 42.5
1014.0 967.0
1015.0 970.5
1017.5 635.0
1020.4 938.2
1025.0 844.5
1025.71 1073.14
1036.18 185.73
1034.0 453.5
1047.5 473.29
1050.0 241.71
1051.28 1066.11
1050.5 322.5
1051.72 922.11
1055.0 851.5
1056.5 120.0
1060.5 850.5
1065.5 351.5
1067.82 551.82
1072.89 286.33
1072.5 468.5
1074.5 49.0
1075.5 75.5
1085.5 528.2
1085.5 1044.0
1088.67 792.67
1094.67 890.89
1095.0 747.5
1100.09 617.36
1100.8 438.6
1101.33 530.33
1110.08 1022.2
1109.0 32.5
1110.8 831.4
1112.0 726.5
1113.38 1005.62
1114.33 413.67
1114.0 617.5
1119.0 1071.0
1124.2 135.4
1127.6 493.4
1138.0 156.25
1139.0 544.2
1140.5 553.5
1142.91 295.64
1144.5 928.0
1146.67 414.11
1147.5 507.5
1145.5 608.5
1149.0 601.5
1149.5 867.5
1153.53 140.35
1154.5 135.0
1154.67 530.33
1159.0 982.5
1164.0 892.0
1167.6 713.2
1169.0 472.5
1173.6 95.8
1179.0 850.5
1180.0 873.0
1184.67 400.78
1192.09 493.09
1195.33 641.25
1195.65 801.0
1195.5 127.0
1195.0 315.5
1199.0 422.5
1207.83 729.83
1210.5 421.5
1215.33 857.67
1218.29 567.5
1220.5 189.0
1225.21 935.37
1225.33 903.67
1227.5 476.5
1228.67 630.33
1231.8 552.6
1231.33 564.67
1234.89 788.67
1239.0 866.5
1243.98 166.42
1243.2 368.6
1246.17 858.17
1251.0 196.0
1251.5 292.5
1254.5 127.0
1253.5 989.0
1254.0 1010.5
1259.0 681.5
1275.33 369.33
1275.33 1059.67
1277.6 539.2
1282.0 670.25
1284.0 119.5
1284.0 28.75
1284.83 837.0
1289.0 562.5
1296.33 41.33
1300.0 40.0
1302.0 197.5
1308.22 249.33
1315.5 899.0
1314.5 930.5
1315.0 202.5
1316.33 397.67
1317.0 650.0
1319.0 1053.5
1324.5 100.0
1325.5 157.5
1325.5 1070.0
1328.67 785.33
1329.0 488.5
1332.2 566.5
1332.17 1021.83
1337.88 580.88
1339.5 622.5
1337.5 1024.5
1338.5 926.5
1339.0 226.5
1341.0 152.5
1341.0 186.25
1343.0 1017.5
1344.5 75.5
1344.5 890.0
1347.2 196.5
1347.5 720.0
1348.57 1000.0
1349.29 326.0
1348.5 594.5
1353.5 933.5
1359.8 210.4
1361.0 739.0
1362.29 660.0
1364.67 142.89
1368.33 625.67
1369.5 483.5
1371.5 69.0
1374.0 83.0
1377.2 242.6
1377.12 866.88
1378.78 11.5
1379.4 128.4
1381.25 121.0
1384.33 126.33
1388.6 89.2
1393.6 887.2
1396.5 1066.5
1400.0 657.5
1403.42 97.42
1402.5 867.0
1405.5 199.29
1406.0 727.0
1407.5 58.29
1407.67 793.67
1408.5 844.5
1409.5 339.0
1412.5 171.0
1412.71 830.86
1414.4 845.8
1416.0 85.0
1417.5 659.78
1419.75 36.0
1420.0 1016.2
1422.0 625.25
1432.0 622.0
1431.5 704.0
1433.0 146.5
1434.0 937.29
1435.5 331.5
1436.33 179.33
1439.0 77.5
1439.0 342.5
1445.47 83.87
1444.5 872.5
1448.64 1000.55
1449.0 1053.5
1451.5 624.0
1455.5 634.5
1457.0 757.75
1460.24 286.24
1459.83 60.17
1459.0 816.5
1461.5 801.5
1463.67 352.67
1470.5 524.0
1471.33 16.33
1473.0 685.5
1473.5 540.0
1479.5 739.0
1481.0 1043.2
1483.0 638.75
1482.5 814.0
1484.0 767.5
1485.0 715.5
1489.11 527.33
1490.91 430.91
1492.2 875.4
1494.0 25.0
1493.6 912.8
1494.5 499.5
1498.76 773.24
1502.2 133.6
1504.5 790.5
1513.33 914.83
1516.5 320.0
1519.17 49.17
1520.0 294.5
1526.62 819.38
1528.12 347.12
1532.5 1034.0
1536.5 780.0
1539.5 707.5
1541.5 182.5
1541.0 842.5
1543.5 44.5
1544.33 156.67
1544.5 483.5
1545.25 828.0
1549.0 548.5
1550.33 247.67
1551.5 764.5
1552.5 208.0
1557.51 216.06
1558.61 159.96
1557.5 1011.0
1558.67 111.33
1559.33 633.67
1561.0 516.5
1560.0 680.5
1564.0 513.0
1564.5 601.5
1570.8 315.4
1570.57 424.57
1572.67 853.67
1575.0 103.5
1576.5 409.0
1582.0 921.25
1582.5 450.5
1583.5 929.0
1587.5 657.5
1587.5 715.0
1589.89 128.33
1592.0 724.25
1591.5 1060.0
1595.25 1002.0
1597.12 105.88
1600.0 322.0
1602.12 366.88
1607.67 427.67
1609.3 1019.3
1609.5 289.5
1610.5 183.0
1614.0 928.5
1618.67 103.67
1620.12 358.12
1619.33 835.33
1621.0 395.29
1621.5 163.0
1631.0 435.5
1631.5 61.0
1639.5 428.5
1638.75 907.0
1639.0 609.5
1640.71 287.0
1640.0 787.5
1641.5 747.5
1642.5 664.0
1644.0 1006.0
1645.33 382.67
1650.0 606.5
1656.71 200.86
1657.75 253.0
1660.4 277.2
1661.5 1073.5
1663.65 28.0
1663.0 158.8
1663.0 237.5
1664.33 1011.33
1667.5 557.5
1669.0 0.25
1672.0 490.76
1673.0 806.5
1679.33 500.33
1680.5 601.0
1680.0 644.5
1679.67 896.33
1687.66 522.64
1683.6 673.2
1686.0 486.5
1688.0 536.5
1688.29 583.0
1690.0 895.25
1690.33 73.67
1692.29 329.5
1692.0 599.29
1692.5 856.5
1695.5 817.5
1711.5 173.0
1726.6 756.4
1725.0 772.0
1727.33 436.33
1736.0 123.75
1735.33 324.67
1736.25 953.0
1738.67 748.67
1743.2 770.4
1746.5 841.5
1747.67 833.67
1752.67 1067.67
1754.5 968.2
1754.0 737.5
1758.5 634.5
1765.0 39.5
1767.12 860.88
1770.5 45.0
1770.0 307.5
1774.5 723.0
1777.29 372.0
1788.62 782.3
1785.88 137.12
1793.0 920.71
1793.5 739.0
1794.0 121.5
1795.5 571.5
1803.6 684.2
1809.5 4.5
1810.0 327.5
1813.5 332.0
1817.06 695.3
1818.5 876.5
1824.75 947.25
1826.5 525.0
1829.5 15.5
1828.67 675.33
1831.7 687.86
1829.0 761.5
1832.5 587.5
1833.5 481.0
1833.6 634.2
1835.0 1064.5
1835.33 991.33
1836.5 922.5
1840.0 544.5
1845.5 756.0
1853.0 67.0
1850.0 281.5
1851.5 964.0
1855.0 92.71
1856.0 162.0
1856.12 997.88
1857.67 570.33
1860.33 356.33
1862.5 587.0
1868.0 565.5
1875.0 350.0
1877.5 89.5
1880.88 875.88
1885.4 545.8
1891.5 80.5
1893.12 958.12
1894.4 245.8
1895.5 619.0
1896.5 580.0
1896.83 819.83
1899.0 487.0
1904.5 49.0
1912.26 367.94
1907.5 354.0
1909.33 124.33
1909.5 526.5
1912.11 558.33
1911.5 700.0
1913.83 933.33
1913.0 1019.5
1917.0 1058.5
!