0.0 618.5
4.5 751.5
13.5 461.5
18.5 496.0
20.0 759.5
23.39 802.04
23.5 102.0
25.33 255.33
28.0 215.5
31.5 246.0
38.33 431.33
39.59 759.12
40.0 822.5
42.33 606.33
45.0 602.71
51.24 409.24
54.5 373.0
60.36 103.53
57.5 655.0
58.67 369.33
61.0 752.5
65.5 130.0
67.5 848.5
70.0 410.5
71.0 832.5
75.0 720.5
79.5 836.5
80.88 628.12
86.5 180.5
92.0 547.5
95.62 799.38
100.4 715.6
108.67 772.67
115.2 724.67
115.5 199.0
115.5 834.0
123.0 68.5
126.17 770.17
130.0 580.29
133.5 712.5
135.5 199.5
138.5 347.0
138.67 450.33
142.5 604.5
143.33 157.67
147.4 533.07
143.33 825.67
147.05 661.26
147.5 816.5
149.5 828.0
152.5 461.5
155.5 219.0
156.12 777.88
158.5 392.0
161.33 215.67
168.76 269.68
167.67 30.33
169.11 808.67
169.5 450.0
172.29 475.0
186.5 614.0
188.5 639.0
191.5 740.0
195.5 493.0
198.72 729.93
198.17 589.17
200.33 252.67
202.0 675.29
211.33 663.33
215.53 837.87
223.38 670.38
224.67 585.11
230.29 742.0
236.5 380.0
239.71 564.5
247.17 574.0
246.5 811.0
247.0 527.5
251.0 617.5
251.5 742.0
252.71 632.0
253.5 788.5
262.4 504.8
262.5 862.0
263.0 53.5
266.41 453.72
277.0 501.5
282.12 640.5
285.29 102.0
294.6 104.04
296.5 454.5
311.5 289.5
314.29 208.71
313.0 50.5
321.67 732.33
326.5 375.0
327.0 661.5
332.0 540.5
339.5 673.5
340.0 779.5
340.5 524.5
341.0 597.5
344.5 697.0
348.59 103.68
348.0 581.5
353.5 176.0
355.5 778.0
357.0 216.5
360.0 459.71
361.5 803.5
371.02 851.96
368.5 645.0
371.24 686.41
374.5 497.0
378.67 701.33
387.0 330.5
389.81 171.14
391.0 581.25
390.5 647.0
392.5 440.5
398.5 652.0
398.5 826.5
401.0 599.5
402.0 434.5
407.41 795.0
404.0 199.29
404.67 590.67
408.5 120.0
409.67 361.67
409.33 449.33
416.0 79.5
416.5 415.0
421.5 571.0
430.0 603.5
445.73 557.92
451.12 548.88
451.5 201.0
451.5 820.5
459.33 87.67
463.67 719.33
465.5 8.0
468.5 750.5
473.8 726.6
474.0 210.5
474.5 672.0
475.5 784.0
479.71 675.0
480.0 269.5
481.88 560.88
488.5 312.5
488.25 658.0
492.33 574.67
494.75 699.0
495.67 436.33
499.71 792.57
498.5 858.0
509.5 699.0
505.67 712.67
518.81 651.59
518.5 693.5
522.25 713.0
525.42 549.58
526.0 65.0
526.67 314.67
527.12 573.88
526.5 786.0
527.5 165.0
528.5 616.0
529.0 811.5
530.5 397.0
533.5 80.0
533.0 233.5
533.0 681.5
536.5 259.5
538.71 19.5
538.5 270.29
537.0 284.5
537.6 462.8
537.0 672.5
541.5 822.5
542.0 736.5
552.5 466.0
556.21 659.5
555.85 685.54
565.15 724.17
564.0 389.5
565.5 387.0
572.0 323.5
573.0 615.5
575.71 801.5
578.5 323.5
579.0 488.5
582.0 132.0
582.5 486.0
582.71 730.0
583.33 414.67
587.82 854.82
587.0 620.5
590.0 505.5
594.0 808.3
600.0 710.6
600.5 778.0
602.0 204.5
602.83 730.17
603.5 852.0
604.5 696.0
605.5 788.0
608.6 574.2
609.0 780.71
610.0 192.4
612.5 722.0
613.88 62.12
615.88 673.12
616.5 695.0
621.2 843.0
623.0 709.71
626.5 689.0
626.67 729.67
628.5 310.0
628.67 682.33
631.5 669.5
632.0 677.5
633.5 643.0
636.29 570.0
636.5 404.0
638.0 86.5
639.5 602.0
640.78 692.5
641.88 747.88
640.5 279.0
646.0 28.0
645.0 726.5
647.5 550.0
648.0 662.5
653.4 325.2
653.4 395.8
654.0 471.5
654.5 796.5
657.0 43.5
659.5 701.0
666.5 714.0
667.5 281.0
668.8 646.4
672.0 626.5
679.67 699.33
680.0 667.5
684.5 673.5
685.5 35.5
687.0 260.5
696.71 489.71
697.5 598.0
698.5 620.5
698.5 185.5
705.67 133.33
707.0 590.5
716.71 472.0
718.33 623.33
718.5 642.5
720.29 573.0
719.57 695.71
722.5 689.5
723.5 216.0
725.14 695.41
725.67 454.33
725.5 622.5
726.5 428.0
729.0 33.0
729.5 599.5
731.29 235.0
730.0 627.5
734.33 546.33
739.47 656.13
744.2 615.0
744.5 330.5
744.0 561.5
744.5 599.5
746.0 690.5
748.5 380.5
750.5 801.5
750.5 819.5
756.2 577.4
756.5 728.5
758.0 831.0
758.0 205.5
758.5 563.5
760.5 578.0
764.0 650.5
768.0 386.5
769.0 773.35
769.5 721.0
770.5 362.0
776.67 713.33
780.33 519.33
788.0 458.5
795.0 37.5
803.54 557.85
808.91 704.91
811.5 499.0
812.5 302.0
815.38 669.38
821.67 800.67
822.25 449.0
822.0 849.5
823.5 444.0
824.0 454.5
827.0 654.0
827.33 438.33
830.0 607.5
833.5 164.5
836.0 65.5
839.12 626.12
843.5 777.5
842.17 820.17
849.5 597.0
848.5 666.0
849.5 791.5
850.88 5.88
852.5 490.5
854.67 517.33
854.5 673.5
859.5 406.0
860.0 486.5
862.67 192.33
869.5 632.23
867.0 548.5
869.0 735.0
871.5 572.17
870.12 675.88
873.5 138.5
876.12 608.88
876.67 134.33
876.0 635.5
878.0 255.5
878.0 373.5
881.29 630.5
880.5 799.0
881.5 847.0
882.89 371.33
883.67 745.33
885.0 582.5
887.0 526.5
888.5 160.0
889.5 520.0
891.5 1.0
892.0 450.5
894.5 310.5
895.5 823.0
896.0 800.5
901.0 636.5
902.5 660.0
904.5 640.0
906.67 101.67
909.0 180.5
910.5 429.0
918.0 415.5
920.0 749.0
920.5 543.0
921.0 362.5
921.5 439.5
924.5 121.5
924.0 583.5
924.88 858.12
925.5 214.5
926.5 351.5
927.4 791.8
928.6 335.8
929.5 552.5
930.17 655.83
933.21 421.49
931.33 472.89
932.5 612.5
933.0 746.5
936.5 174.5
945.06 586.03
943.0 477.5
946.5 638.5
947.5 635.5
953.5 484.5
953.67 713.33
956.33 566.33
961.59 663.89
959.5 396.5
961.25 565.33
961.0 572.5
962.5 242.0
964.5 473.0
967.33 521.67
970.67 457.33
971.0 732.5
973.0 697.0
973.5 13.0
973.5 470.0
974.5 857.2
976.8 469.1
977.0 499.5
979.25 180.0
982.67 489.67
985.5 576.0
987.0 481.2
986.0 529.5
990.5 821.2
993.88 425.12
996.67 559.67
1003.5 629.0
1007.5 507.0
1009.0 434.71
1009.0 836.5
1013.5 213.5
1013.5 396.0
1014.5 287.5
1019.0 519.5
1021.5 397.0
1021.33 464.33
1022.0 657.5
1029.0 217.0
1029.0 549.5
1031.0 297.8
1033.0 329.0
1038.0 651.5
1041.5 433.0
1046.5 600.71
1046.5 507.5
1053.62 516.0
1050.0 523.5
1052.0 504.5
1055.5 250.5
1066.5 551.5
1071.5 491.5
1072.67 457.33
1073.0 206.5
1075.5 561.5
1079.5 361.0
1079.8 419.6
1082.84 783.16
1082.0 154.5
1084.5 542.0
1086.17 366.17
1086.5 16.5
1089.67 617.33
1089.0 734.5
1090.5 412.5
1090.0 504.5
1092.5 350.0
1094.67 314.67
1095.5 55.5
1099.5 625.0
1100.33 366.33
1100.0 486.5
1101.5 534.5
1103.5 360.5
1104.12 524.12
1104.33 478.67
1108.13 425.71
1106.5 529.0
1109.5 705.0
1113.0 5.5
1118.5 117.0
1119.0 609.5
1120.0 632.5
1121.33 629.33
1122.33 186.33
1122.5 421.0
1126.5 174.0
1126.5 516.0
1129.5 839.0
1133.38 445.62
1142.5 422.5
1145.5 327.0
1150.0 325.5
1151.0 133.5
1152.0 460.5
1152.5 769.0
1156.0 381.5
1158.0 424.5
1161.5 753.5
1162.0 17.5
1162.5 688.5
1163.67 590.67
1163.67 647.33
1167.15 419.77
1166.5 604.0
1170.41 509.12
1174.33 621.33
1177.59 207.72
1177.5 302.5
1179.5 430.83
1180.5 575.0
1181.0 680.5
1184.5 397.0
1189.5 369.0
1191.0 653.83
1190.5 666.0
1192.0 554.5
1193.5 409.0
1194.0 703.5
1195.5 547.5
1196.67 78.67
1196.5 134.0
1196.5 155.0
1196.67 622.33
1207.5 390.5
1207.5 413.0
1208.5 90.0
1214.99 717.88
1210.0 203.5
1210.5 764.5
1212.0 696.5
1216.5 38.5
1219.29 200.0
1223.83 810.83
1226.0 301.0
1225.5 549.0
1226.5 472.0
1228.5 607.0
1230.5 253.5
1230.5 293.5
1232.0 132.0
1233.0 237.35
1231.67 497.67
1231.0 681.5
1235.5 644.0
1238.0 463.5
1245.52 446.89
1245.2 440.4
1245.5 182.0
1245.0 266.5
1246.5 492.5
1250.33 440.67
1252.0 346.0
1254.29 278.0
1253.5 355.0
1255.5 304.5
1261.0 768.5
1263.5 366.0
1264.67 258.67
1267.5 370.0
1272.0 325.5
1273.33 127.33
1273.33 770.67
1276.5 89.0
1282.69 333.31
1283.0 75.5
1286.5 587.22
1291.8 767.5
1294.5 314.0
1297.5 221.5
1298.0 365.5
1301.0 92.5
1306.0 54.5
1306.5 238.0
1313.0 5.5
1313.5 506.0
1315.0 325.75
1317.0 110.5
1317.5 181.0
1317.33 304.33
1318.5 438.5
1326.5 317.0
1328.12 313.12
1329.33 282.33
1332.0 276.5
1333.5 308.5
1336.5 455.0
1337.0 330.5
1338.0 821.5
1345.5 22.5
1345.33 108.67
1350.76 318.68
1347.5 262.5
1348.5 168.0
1349.0 725.5
1352.5 531.0
1355.18 432.82
1360.0 370.6
1357.67 192.33
1359.25 351.33
1361.0 421.5
1361.0 632.5
1363.0 510.5
1367.67 147.33
1370.88 658.12
1371.5 846.0
1376.0 607.5
1379.0 503.5
1380.5 848.0
1381.5 110.0
1382.5 315.0
1382.67 424.33
1382.5 536.0
1387.14 292.81
1386.5 51.0
1388.5 562.5
1389.5 453.5
1393.0 125.5
1394.5 465.0
1398.0 313.5
1402.0 151.5
1412.5 313.5
1413.0 476.0
1417.0 532.29
1416.0 577.5
1417.5 293.0
1417.0 511.5
1417.0 516.5
1420.5 499.5
1440.33 253.67
1442.5 91.0
1446.0 173.29
1445.33 602.67
1446.5 259.0
1446.0 615.5
1449.5 543.0
1459.25 460.75
1461.83 576.83
1462.5 208.0
1466.5 102.0
1468.5 552.0
1472.0 598.0
1478.0 673.5
1483.5 334.5
1485.67 163.33
1489.5 347.5
1489.67 569.67
1493.5 394.0
1503.97 224.28
1503.0 193.5
1505.5 607.0
1508.12 136.12
1511.5 278.5
1516.5 187.0
1516.5 194.0
1516.5 261.5
1519.32 606.9
1518.0 270.5
1521.0 645.0
1523.0 849.5
1524.5 22.0
1525.5 570.0
!