843.7 777.6 769.1 773.3
720.0 642.1 672.0 627.2
698.7 620.8 744.5 615.5
763.7 650.7 869.3 631.5
769.1 773.3 726.4 695.5
726.4 695.5 718.9 643.2
673.1 627.2 697.6 619.7
744.5 615.5 763.7 650.7
869.3 631.5 962.1 664.5
962.1 664.5 1053.9 516.3
1053.9 516.3 1108.3 425.6
1108.3 425.6 1177.6 208.0
1177.6 208.0 1233.1 236.8
1233.1 236.8 1245.9 446.9
1245.9 446.9 1287.5 587.7
1287.5 587.7 1214.9 717.9
962.1 664.5 1216.0 717.9
1286.4 586.7 1191.5 653.9
1191.5 653.9 1171.2 508.8
1171.2 508.8 1108.3 425.6
962.1 566.4 1053.9 516.3
1053.9 516.3 933.3 421.3
933.3 421.3 883.2 371.2
883.2 371.2 768.0 387.2
768.0 387.2 697.6 490.7
697.6 490.7 804.3 557.9
804.3 557.9 871.5 571.7
871.5 571.7 945.1 586.7
945.1 586.7 962.1 565.3
!