2.9 580.72
0.33 725.33
1.5 260.0
2.0 810.5
7.29 989.0
9.0 974.5
10.5 569.5
11.67 73.67
12.5 25.0
14.0 175.5
17.5 218.5
18.75 868.0
19.33 15.33
21.55 872.58
20.0 52.5
20.5 363.0
27.43 1018.71
23.0 849.56
31.26 353.36
28.67 737.67
31.0 191.0
31.0 633.5
39.62 958.62
45.93 318.95
43.5 331.5
45.25 545.0
47.8 780.4
47.67 881.33
50.0 649.5
53.5 224.0
54.17 1014.17
58.5 327.0
59.0 839.5
62.12 1055.88
62.71 248.0
67.33 104.11
67.0 471.5
70.59 930.41
74.53 6.35
74.5 250.5
74.0 726.5
76.8 829.4
78.67 996.75
79.17 850.17
79.67 511.33
81.5 777.5
84.5 767.5
85.25 795.0
88.0 805.0
89.0 213.0
93.0 810.0
99.12 580.88
100.38 178.62
101.0 534.0
100.4 820.8
102.5 1030.5
105.88 772.12
106.5 62.5
110.8 518.6
110.5 660.0
110.8 797.6
115.67 224.17
119.0 188.0
122.29 119.0
124.5 884.0
126.5 326.5
129.5 555.0
130.5 751.5
135.43 609.14
135.5 147.5
138.0 842.17
139.33 746.33
143.13 852.47
142.8 842.6
145.0 867.59
142.67 983.67
145.68 709.86
148.17 522.83
148.29 853.0
149.5 946.5
152.5 479.0
153.2 1078.6
156.88 552.12
158.04 898.4
157.5 1007.0
158.5 1014.0
162.5 440.0
165.5 58.5
165.0 1073.0
168.0 975.25
168.5 134.5
168.0 304.5
169.5 838.2
169.0 458.5
171.5 1015.5
173.67 717.67
175.0 977.0
179.0 528.75
189.5 227.71
190.88 158.12
196.74 43.89
200.0 34.5
202.0 494.0
203.15 586.54
211.0 323.71
211.5 168.0
214.83 9.17
216.5 627.5
217.5 205.0
217.5 747.5
219.5 562.0
220.62 590.62
221.12 1001.88
221.5 259.5
221.5 790.0
223.71 616.0
224.5 545.0
224.5 738.0
229.5 150.5
229.6 593.2
230.5 4.0
236.5 697.0
235.8 935.4
240.0 874.5
244.65 9.35
245.17 745.67
245.33 144.67
254.38 535.62
257.5 67.5
257.67 276.33
260.5 149.0
261.4 802.8
263.17 474.83
262.67 642.67
266.0 326.0
265.0 698.0
268.0 320.5
272.0 116.5
277.5 378.5
281.5 64.0
287.67 1016.33
290.5 16.0
290.5 49.0
291.5 386.0
291.5 760.0
303.01 427.62
301.46 919.69
313.0 614.91
307.5 789.0
310.5 95.5
309.5 413.5
309.0 936.5
314.11 8.67
320.83 1000.83
325.5 390.0
328.83 747.0
328.5 25.0
328.5 322.5
328.6 768.2
330.5 1064.0
331.88 546.12
333.12 813.12
338.11 628.23
336.29 614.0
336.0 692.0
335.5 1077.5
338.0 682.5
345.82 996.18
350.29 406.5
354.5 954.5
356.0 672.5
358.75 796.0
364.71 801.45
369.42 532.6
364.2 605.4
365.25 835.0
372.29 10.0
375.71 460.0
380.5 418.0
383.67 133.67
384.5 334.5
390.8 777.92
397.2 66.4
397.67 394.67
398.2 953.6
403.12 182.12
403.67 1063.67
408.0 559.0
416.38 592.38
417.0 537.0
419.0 17.0
420.5 179.0
426.4 253.04
434.5 759.5
434.0 993.5
436.5 682.8
445.17 4.83
448.5 756.0
450.0 475.25
452.5 480.0
454.0 762.5
455.4 611.2
457.12 669.88
460.5 156.0
461.33 327.67
468.5 115.0
470.0 106.5
480.88 210.88
481.0 817.5
483.38 378.62
484.5 676.0
486.71 580.5
485.0 626.5
488.5 272.0
496.5 226.5
495.88 987.12
497.0 1065.5
499.82 193.68
504.0 626.5
505.0 431.5
511.43 663.67
511.88 231.88
512.67 820.33
513.0 831.5
517.67 408.67
524.28 1029.89
524.0 122.0
526.71 144.5
536.38 408.38
538.2 715.4
539.0 347.0
539.67 485.67
544.67 223.67
545.8 604.5
545.33 845.33
549.75 940.33
551.33 261.33
551.91 934.36
558.2 6.4
564.88 142.12
569.0 871.5
572.67 552.67
573.0 1018.0
574.0 142.5
576.6 101.6
584.09 241.91
584.5 923.21
587.0 228.0
589.0 352.5
596.0 662.5
602.0 729.0
606.0 638.5
608.75 477.0
624.5 664.0
624.5 10.0
624.5 160.5
631.0 1004.0
632.36 221.91
634.33 644.67
640.17 654.17
639.5 822.0
642.5 495.79
644.5 93.5
647.5 807.5
650.5 967.5
651.5 338.5
653.5 716.5
652.5 1039.0
657.67 22.67
660.33 300.33
662.5 370.0
667.0 510.0
668.5 362.5
671.33 244.67
672.67 563.67
676.46 339.85
676.62 371.62
678.5 1015.0
679.0 765.5
680.33 976.33
683.92 364.03
684.17 96.17
684.0 674.5
686.29 809.5
687.12 820.88
693.0 434.0
692.8 344.6
693.2 948.6
693.5 809.0
694.0 1009.5
698.0 685.0
702.0 139.5
703.6 410.8
707.5 133.0
710.95 247.1
710.83 625.83
717.12 27.12
726.94 463.85
723.5 760.0
728.2 119.4
733.2 95.0
734.5 852.5
737.5 375.0
739.33 493.67
741.0 111.0
747.56 897.05
745.0 741.5
750.43 371.33
752.2 744.6
751.8 787.6
751.4 932.8
753.0 262.5
755.88 209.12
759.0 433.5
760.17 787.83
759.5 872.5
761.25 1071.0
762.5 427.5
768.0 746.11
763.53 924.13
766.0 240.71
773.14 1041.14
769.0 477.5
773.67 75.33
775.0 142.5
777.5 679.5
780.0 26.71
781.0 203.75
785.8 1022.6
787.29 1068.0
792.0 249.0
796.0 952.5
799.5 57.0
803.5 466.0
805.0 736.5
805.5 964.0
808.37 364.79
808.0 245.5
809.5 936.5
811.0 999.5
810.5 424.5
817.0 826.5
818.67 310.33
819.5 439.5
819.33 121.33
819.5 955.5
820.0 295.5
822.2 1032.6
824.5 981.5
832.29 572.5
831.5 1029.5
832.5 141.5
836.0 608.8
839.5 43.5
842.5 465.0
845.64 104.55
849.41 1030.41
847.67 303.67
848.5 605.0
850.0 799.5
853.5 297.5
854.38 879.62
859.26 659.6
855.88 366.88
856.5 680.0
859.54 548.69
860.33 19.67
864.29 137.0
864.0 332.5
866.39 970.04
864.5 1007.5
868.12 533.88
870.88 180.88
875.88 447.12
881.59 473.92
877.5 212.5
880.0 840.17
883.67 965.33
885.33 710.33
901.64 35.91
900.5 662.5
901.5 1074.5
906.5 76.5
906.5 581.5
906.5 661.5
908.67 957.67
909.0 750.5
910.71 166.0
915.33 55.33
915.5 1054.0
918.2 146.4
920.61 460.61
921.0 153.5
920.5 1042.5
922.5 500.0
922.5 650.0
923.5 805.0
927.5 184.5
934.8 758.0
934.0 825.5
936.8 34.4
936.5 920.0
939.5 469.5
939.89 917.67
940.78 217.33
940.0 910.5
941.71 113.0
942.83 80.67
944.22 537.5
942.5 580.5
943.67 721.33
946.5 467.0
948.0 441.5
948.6 417.8
949.17 727.17
951.0 424.5
950.0 472.5
956.06 467.47
954.33 675.33
956.33 501.33
958.29 59.0
959.84 76.59
959.12 200.67
963.65 38.08
960.0 424.5
963.14 413.79
962.71 506.0
965.91 401.64
966.5 26.5
967.5 905.0
970.91 429.91
969.67 748.67
970.5 597.5
972.0 977.5
972.67 410.33
976.5 460.5
981.4 82.8
981.5 255.5
981.5 345.0
991.87 401.05
981.5 955.0
983.0 427.71
989.83 81.83
992.0 709.0
996.33 446.33
999.0 424.0
1001.0 987.0
1007.0 429.0
1009.0 196.5
1015.0 634.29
1015.0 360.5
1023.16 389.72
1028.82 137.82
1032.5 50.0
1032.5 584.0
1034.0 787.5
1037.63 360.85
1037.71 608.5
1040.0 808.5
1041.5 10.0
1043.62 961.15
1044.3 778.7
1047.0 561.0
1046.5 735.5
1053.5 409.0
1054.0 801.5
1055.5 1073.0
1058.33 458.89
1058.88 662.12
1060.0 315.5
1061.5 280.0
1062.36 1034.55
1063.0 943.5
1065.17 474.83
1064.0 613.5
1065.33 140.33
1067.71 1010.0
1068.33 747.67
1069.0 522.5
1071.5 531.5
1077.29 666.0
1077.5 19.0
1080.82 406.0
1080.41 150.28
1080.0 312.5
1080.5 350.0
1082.0 173.0
1089.45 576.36
1088.67 764.78
1093.98 264.86
1089.5 838.0
1090.5 1074.0
1094.0 488.0
1095.0 296.5
1107.15 715.33
1104.0 232.5
1105.0 113.0
1106.4 847.2
1115.88 466.88
1118.89 304.28
1124.5 492.5
1125.0 7.5
1127.12 727.12
1133.0 789.61
1133.5 9.0
1134.0 737.5
1135.33 863.67
1140.83 85.17
1142.53 487.13
1142.5 816.5
1145.29 341.0
1145.5 804.0
1153.33 285.67
1150.4 0.8
1157.62 171.13
1155.0 717.5
1156.0 786.5
1158.33 128.33
1159.5 276.5
1159.5 342.5
1162.0 624.25
1162.71 487.0
1164.33 708.11
1164.0 444.5
1165.33 274.33
1168.0 481.25
1170.0 812.29
1172.67 179.33
1175.06 756.58
1176.0 434.71
1178.0 485.25
1177.5 1019.5
1179.0 425.5
1183.62 793.62
1184.5 54.0
1187.6 917.96
1188.0 233.5
1193.4 495.3
1195.0 648.75
1199.0 112.5
1200.64 193.55
1200.8 564.6
1202.0 1015.71
1207.0 479.75
1207.5 1050.0
1209.8 250.0
1209.5 667.5
1211.38 1034.0
1215.0 800.8
1218.0 39.0
1226.58 404.14
1227.0 1065.25
1231.17 583.33
1230.5 844.0
1237.21 798.72
1237.0 489.25
1238.75 79.0
1238.6 437.2
1239.0 91.5
1240.0 97.5
1243.58 916.58
1242.71 848.0
1242.6 1041.8
1247.0 85.0
1247.0 388.75
1247.0 904.0
1248.67 16.33
1249.17 833.33
1253.0 579.5
1252.5 300.0
1253.5 171.5
1253.67 353.67
1259.5 166.5
1260.33 606.33
1261.5 815.0
1263.67 86.33
1264.33 1027.67
1266.8 165.4
1269.0 102.5
1269.33 284.33
1273.0 879.71
1274.29 895.0
1276.5 365.0
1279.12 123.12
1280.5 1057.5
1283.67 92.67
1286.0 724.12
1290.0 96.71
1290.0 252.5
1290.0 358.5
1296.0 165.71
1299.75 146.75
1303.0 69.0
1304.12 96.88
1306.0 82.5
1307.5 142.5
1310.0 160.5
1311.71 340.0
1311.5 639.5
1316.0 97.71
1315.5 485.5
1315.25 936.0
1317.0 40.5
1316.5 192.5
1321.0 491.5
1321.5 729.5
1323.33 795.67
1326.37 347.63
1325.25 281.0
1326.88 808.12
1330.5 770.8
1331.33 618.33
1332.5 502.5
1332.5 525.0
1333.5 87.5
1335.25 355.75
1334.0 1057.0
1336.0 69.71
1335.5 736.0
1341.38 38.62
1341.0 259.5
1342.5 164.5
1347.82 820.18
1346.5 964.0
1350.33 767.67
1351.5 317.0
1353.62 346.38
1352.5 710.5
1354.5 931.5
1359.0 721.0
1361.5 914.22
1361.71 981.0
1364.0 256.0
1364.0 510.5
1365.0 292.5
1365.0 712.5
1369.0 234.0
1370.0 786.5
1371.71 1027.0
1372.5 386.5
1376.83 748.17
1378.0 446.29
1378.0 945.25
1380.05 857.9
1379.83 201.67
1384.09 916.36
1385.89 441.72
1387.1 304.05
1387.5 132.0
1387.5 780.0
1391.33 756.33
1393.83 473.83
1394.0 543.5
1394.0 811.5
1396.5 635.0
1400.33 386.33
1402.0 422.0
1407.8 938.6
1409.5 658.5
1413.14 167.32
1416.5 431.0
1418.67 459.67
1422.0 870.0
1426.33 82.67
1429.5 258.5
1429.6 598.2
1429.0 771.5
1436.0 889.0
1436.5 306.5
1441.71 1008.5
1443.17 115.17
1442.5 709.5
1443.0 1078.0
1444.0 20.25
1446.33 692.33
1449.5 544.21
1447.5 871.5
1455.0 199.5
1457.38 127.62
1462.5 134.0
1464.0 31.71
1468.0 47.71
1469.0 1075.5
1476.8 528.6
1480.0 338.0
1481.33 669.67
1484.0 586.5
1486.5 5.29
1487.67 329.33
1488.5 87.5
1489.62 345.62
1492.5 435.0
1496.5 256.5
1496.0 617.5
1499.0 122.5
1499.25 301.0
1501.0 237.0
1503.5 905.79
1504.47 919.93
1503.5 1014.0
1508.0 278.8
1507.5 311.5
1509.12 724.12
1510.0 1056.25
1515.5 418.0
1518.5 935.22
1526.39 595.74
1520.0 627.5
1526.33 66.33
1527.5 190.5
1529.25 516.0
1532.75 150.0
1535.89 761.89
1539.5 70.0
1545.5 237.5
1552.87 866.31
1551.5 99.5
1555.56 266.19
1554.67 630.33
1557.83 373.83
1564.0 158.0
1567.29 994.0
1569.5 1039.8
1570.0 555.5
1571.5 607.5
1579.0 597.5
1581.33 640.33
1583.5 353.0
1585.33 340.33
1586.0 428.71
1600.0 8.75
1602.5 636.75
1607.17 425.17
1613.88 325.5
1612.5 632.29
1613.5 749.0
1614.0 71.5
1616.62 915.62
1617.5 332.5
1621.0 201.25
1621.17 318.83
1621.5 1067.5
1624.29 451.0
1628.89 760.11
1638.0 762.71
1639.8 423.6
1640.0 366.5
1643.67 285.33
1645.0 373.5
1646.0 910.5
1649.0 752.5
1652.0 438.0
1656.0 42.5
1653.5 746.5
1659.83 475.0
1665.29 515.5
1666.17 542.0
1668.75 53.0
1673.19 43.14
1673.7 720.3
1673.5 983.5
1681.11 363.28
1680.5 800.0
1682.2 237.6
1685.0 66.5
1687.5 622.0
1689.4 570.8
1698.57 610.17
1698.6 1006.8
1698.5 1078.0
1700.8 605.4
1703.6 87.2
1705.33 56.33
1706.5 721.0
1709.0 687.5
1713.33 572.56
1712.5 644.0
1717.72 412.41
1727.43 1029.36
1723.5 582.0
1725.0 13.5
1728.5 179.0
1729.5 907.5
1729.5 89.0
1733.2 460.4
1734.0 1057.0
1736.67 112.11
1738.5 429.0
1743.67 292.67
1744.0 319.71
1747.92 394.8
1747.5 469.0
1749.5 524.0
1750.85 801.46
1753.0 476.0
1755.0 132.5
1755.5 522.5
1756.5 749.0
1758.5 163.5
1764.0 904.0
1765.0 242.5
1765.5 380.5
1770.5 219.0
1770.25 482.0
1771.5 156.0
1772.0 914.5
1774.0 107.5
1774.0 883.5
1775.0 102.5
1776.8 461.4
1777.67 313.67
1778.2 560.4
1782.12 712.12
1784.2 77.6
1786.5 587.5
1789.0 402.29
1789.0 413.0
1790.0 458.5
1796.5 302.5
1800.0 232.5
1802.0 202.71
1803.67 342.67
1804.0 461.5
1805.33 768.67
1809.0 375.29
1810.4 757.8
1812.11 986.67
1812.5 836.5
1813.75 511.0
1816.8 107.6
1820.8 81.4
1821.0 107.5
1821.5 273.5
1822.0 467.5
1822.5 216.5
1825.5 721.0
1828.17 792.83
1827.67 859.67
1830.0 134.5
1831.2 279.6
1836.5 249.0
1837.33 100.67
1842.0 118.83
1843.5 175.0
1846.33 55.33
1847.67 273.67
1849.67 668.25
1852.0 212.71
1855.5 55.5
1856.5 1064.0
1858.91 409.78
1861.4 278.2
1863.0 502.5
1868.0 589.0
1868.67 709.33
1870.0 794.71
1873.67 338.67
1874.38 479.62
1874.5 785.0
1880.0 1036.0
1885.79 112.5
1888.38 4.62
1888.5 315.0
1888.29 666.0
1894.12 359.88
1897.12 789.88
1896.5 882.0
1898.75 226.0
1899.0 491.5
1900.0 983.5
1904.33 165.33
1905.0 499.5
1908.5 42.5
1910.0 933.75
1915.9 193.28
!