2.2 955.4
3.5 788.0
6.0 1074.71
10.5 44.0
10.0 840.5
13.0 931.5
18.6 598.2
21.5 334.0
27.71 160.5
27.81 210.86
32.5 691.0
38.0 860.0
41.29 424.0
40.0 264.5
45.0 470.5
45.0 819.5
45.5 830.0
48.71 306.42
54.5 628.5
57.5 909.5
65.89 438.33
68.5 459.0
71.5 899.0
75.5 179.5
78.75 71.0
79.71 284.0
87.29 418.5
89.0 142.0
95.5 132.5
98.0 29.29
104.5 134.0
104.5 677.5
112.5 69.0
116.4 1018.2
119.0 92.5
119.0 178.5
119.0 671.5
125.0 432.5
126.5 3.5
141.5 430.5
144.8 78.6
145.88 958.88
146.5 16.0
149.33 713.67
151.59 883.72
151.0 159.5
150.5 223.0
154.0 893.29
157.0 506.0
158.2 76.4
159.0 912.29
161.42 368.45
178.0 94.0
179.0 364.5
181.64 744.45
182.5 334.5
188.35 584.0
192.18 190.82
193.6 249.8
200.0 633.2
205.0 77.5
214.17 502.33
216.0 459.0
217.5 833.5
224.71 33.0
224.67 181.33
227.5 1036.5
228.0 438.5
233.5 599.5
237.72 354.07
239.5 242.0
265.5 44.0
267.5 464.0
272.5 715.5
273.5 651.0
276.0 809.0
277.0 452.0
280.0 458.29
279.5 917.0
280.71 350.0
280.8 711.4
282.5 145.0
291.5 465.0
291.4 986.2
306.5 625.0
309.6 374.2
316.0 630.5
320.0 542.5
321.0 817.29
320.0 1021.5
322.5 631.0
326.85 206.38
325.62 495.62
330.38 156.81
328.0 516.5
331.33 273.67
334.5 899.0
337.5 405.0
343.0 620.5
347.0 634.0
349.5 575.0
356.5 524.5
359.0 267.5
360.8 245.4
363.29 69.71
362.67 690.33
370.33 16.25
372.67 506.33
376.0 886.0
375.0 946.5
376.83 717.83
381.33 797.67
386.62 202.38
386.0 352.75
398.12 80.88
401.0 35.0
402.0 792.5
404.5 633.5
407.5 887.0
408.67 743.67
409.0 963.5
411.5 120.0
411.33 823.67
421.4 869.8
431.33 157.67
451.64 671.44
457.0 514.0
457.88 175.12
457.5 617.5
461.5 449.5
464.78 112.89
465.45 799.64
469.5 194.0
472.2 158.6
478.2 293.6
486.5 415.0
489.5 304.5
491.67 580.11
496.2 161.4
503.8 732.0
510.33 110.33
515.5 355.5
517.5 887.0
519.5 872.5
531.65 243.24
524.33 268.67
532.5 604.5
533.0 115.5
539.35 939.35
541.5 261.5
543.12 246.88
544.0 801.5
545.0 270.5
546.5 164.0
547.0 321.5
549.75 290.0
555.0 1007.5
559.5 7.5
560.0 796.5
561.5 398.0
567.12 310.12
570.0 898.5
572.2 934.6
575.5 72.5
575.5 269.0
576.5 44.0
579.0 316.5
581.33 680.33
592.09 373.09
591.0 1066.0
593.17 450.83
595.0 1009.67
598.25 814.67
605.12 866.12
607.0 106.0
606.67 147.67
608.67 599.33
611.5 349.5
615.27 562.0
619.0 66.5
620.75 482.5
624.0 241.0
627.5 900.5
635.5 1050.29
652.5 841.5
652.5 935.0
658.0 263.5
659.5 9.0
665.0 365.5
667.6 837.4
668.67 525.33
673.67 495.33
674.83 933.83
678.12 27.88
681.5 652.0
688.33 985.0
693.17 858.83
697.47 250.65
719.64 590.45
719.5 638.5
720.33 309.33
726.33 896.33
735.88 23.12
743.6 401.8
750.0 406.5
752.5 517.0
754.0 144.0
757.8 466.0
757.5 203.0
759.5 166.5
760.0 409.5
767.5 126.5
766.5 425.0
768.0 194.0
778.21 766.5
778.67 285.33
781.97 964.08
780.25 277.0
784.33 81.67
789.5 450.5
791.0 547.75
801.88 385.88
809.0 1047.5
816.12 440.5
823.4 781.4
829.5 164.0
831.5 528.5
833.0 520.25
836.5 160.0
838.67 363.67
840.5 996.5
842.67 342.67
842.5 630.0
844.0 278.5
848.09 182.36
849.6 431.04
852.5 451.5
854.0 226.0
864.24 1062.19
867.2 90.4
868.5 58.0
875.0 207.5
883.0 400.25
886.5 293.5
887.5 373.0
892.29 421.0
894.5 557.5
895.71 821.0
896.5 246.5
897.67 885.67
905.4 257.2
907.71 893.5
911.5 1009.0
912.5 337.0
917.88 620.88
921.29 859.5
922.5 717.5
924.69 894.88
926.33 123.67
928.67 250.33
928.0 585.5
941.88 512.12
942.0 529.0
943.2 152.6
944.04 872.4
944.76 379.62
943.5 1070.0
946.5 65.5
948.2 549.6
950.0 592.5
951.5 29.0
961.31 693.96
955.33 701.33
958.5 652.5
962.0 200.0
967.66 299.28
967.0 958.75
968.11 1045.89
973.0 519.0
975.33 185.33
977.5 662.5
979.5 97.5
985.0 1055.0
988.0 206.5
992.67 747.33
992.88 1071.12
1003.0 800.71
1008.2 873.6
1007.5 936.5
1013.2 523.0
1017.71 43.0
1017.6 1046.2
1020.5 796.5
1021.71 20.0
1034.11 890.28
1035.8 640.4
1037.5 614.0
1047.0 643.0
1055.29 858.5
1055.0 840.5
1056.5 1054.0
1064.0 404.74
1063.2 572.6
1064.0 8.0
1076.5 838.5
1089.0 436.0
1088.75 224.0
1097.08 785.63
1105.97 230.37
1100.5 564.5
1101.5 928.0
1110.0 42.5
1115.5 258.22
1115.0 207.0
1117.2 0.4
1117.67 7.67
1120.0 6.5
1120.25 823.0
1131.0 712.5
1131.0 1008.5
1137.62 826.0
1138.0 59.75
1138.5 711.5
1141.5 553.5
1142.5 62.0
1148.0 558.0
1150.5 1020.0
1169.25 771.0
1173.75 798.0
1182.5 54.5
1183.5 247.5
1188.0 153.0
1189.67 195.33
1192.5 534.5
1197.2 668.6
1201.5 755.5
1204.0 174.71
1205.29 332.0
1211.33 323.67
1215.33 392.67
1224.0 22.0
1232.12 1022.12
1233.12 875.88
1236.5 0.0
1245.5 586.5
1248.61 1013.52
1255.65 280.0
1255.5 511.5
1258.22 1022.67
1259.0 653.5
1261.33 322.67
1276.67 671.33
1283.33 321.33
1285.0 251.5
1287.12 777.41
1290.0 293.75
1290.33 720.33
1294.0 79.83
1293.0 536.5
1297.71 902.0
1299.5 651.0
1305.0 977.0
1307.0 267.0
1310.5 400.0
1310.0 721.5
1317.96 122.4
1315.33 455.33
1317.5 349.0
1320.0 205.0
1327.83 379.17
1331.5 620.0
1335.33 888.67
1337.5 585.5
1347.67 906.33
1350.0 501.0
1352.12 654.12
1353.17 125.83
1353.0 358.29
1354.8 542.6
1362.5 363.5
1360.88 250.12
1367.12 476.88
1366.5 697.0
1371.0 321.0
1371.0 790.71
1372.5 210.0
1375.89 545.33
1379.6 591.2
1380.33 120.33
1384.5 960.0
1397.5 784.0
1398.5 1069.0
1399.33 17.67
1405.5 688.5
1418.67 1077.67
1421.0 650.0
1422.0 994.0
1427.29 794.0
1438.0 806.25
1439.33 553.67
1440.0 738.5
1442.5 260.0
1446.5 122.5
1450.45 244.64
1450.0 485.5
1451.0 891.0
1451.33 482.67
1458.0 334.5
1457.67 708.67
1460.0 115.5
1460.0 494.5
1461.71 17.0
1462.5 199.29
1462.2 938.6
1471.5 528.5
1474.36 768.55
1476.78 529.67
1480.8 478.6
1480.0 962.5
1486.5 830.0
1487.5 23.5
1491.0 523.0
1492.5 539.0
1492.33 745.67
1493.5 645.0
1498.5 49.0
1504.5 501.5
1507.78 238.3
1506.5 339.5
1509.33 338.67
1510.12 600.88
1510.4 930.8
1518.0 335.5
1516.33 796.33
1519.17 420.92
1533.2 601.4
1535.0 423.0
1547.5 710.0
1552.0 594.34
1555.33 188.67
1556.5 459.0
1560.25 334.0
1561.0 675.29
1571.17 245.83
1578.86 829.14
1573.12 1060.12
1581.5 498.0
1588.67 363.67
1588.75 798.0
1589.6 903.2
1592.5 1049.0
1594.5 526.5
1597.12 110.88
1602.5 415.5
1605.91 961.36
1611.0 226.5
1615.0 393.0
1617.5 378.5
1621.0 554.75
1623.75 658.0
1627.25 255.33
1629.0 309.5
1630.33 146.33
1632.0 382.71
1635.33 955.89
1636.38 1070.25
1639.29 928.0
1640.0 89.29
1644.5 94.0
1646.96 12.22
1645.71 164.0
1646.0 427.29
1646.5 990.0
1657.0 297.0
1665.0 323.0
1666.0 562.0
1667.5 348.0
1671.88 355.88
1672.5 747.0
1678.29 513.0
1686.5 554.0
1687.67 616.33
1694.89 365.33
1694.0 778.5
1700.0 631.5
1704.4 923.2
1706.4 164.8
1708.82 494.5
1707.5 336.5
1708.2 870.4
1712.91 152.83
1710.71 422.0
1717.0 139.0
1722.5 309.0
1724.0 167.5
1726.5 960.0
1732.6 803.2
1740.5 554.0
1742.0 147.0
1750.0 112.5
1756.5 795.0
1757.29 910.5
1765.0 69.5
1769.71 891.0
1772.6 764.8
1772.5 989.5
1772.5 1036.5
1779.5 395.5
1781.0 247.5
1792.67 605.67
1812.21 799.0
1812.5 124.0
1816.5 19.5
1819.69 954.78
1823.0 437.5
1834.5 34.5
1840.0 609.0
1844.65 790.92
1846.5 250.0
1849.67 210.33
1853.75 139.0
1854.0 177.5
1856.4 192.4
1855.33 617.67
1860.5 94.0
1866.0 359.0
1865.0 382.5
1871.0 382.0
1873.0 39.0
1873.56 481.22
1873.0 891.0
1876.0 1025.5
1877.0 181.0
1881.0 219.0
1880.25 633.0
1892.5 290.0
1896.2 90.92
1893.5 561.5
1900.25 994.0
1902.0 922.0
1911.0 936.0
1913.0 31.0
!