0.25 94.0
0.33 193.67
7.09 525.64
4.33 609.67
8.2 626.4
7.67 790.67
9.4 168.2
9.5 282.5
9.5 305.0
10.5 117.5
13.5 232.0
14.0 492.5
15.5 960.0
16.5 1021.5
21.5 293.0
27.5 525.0
28.67 168.67
30.0 282.5
30.0 651.5
31.5 216.5
33.5 239.0
38.0 710.5
40.14 156.81
39.0 420.5
40.67 311.33
40.0 1032.5
46.29 998.0
49.59 290.28
50.71 18.0
51.0 25.25
56.0 323.5
57.2 736.4
59.12 658.12
69.4 441.8
69.0 657.5
75.0 422.0
79.23 546.0
79.5 593.5
80.25 353.0
84.29 91.86
84.5 680.0
89.5 1040.0
93.5 619.0
94.5 42.5
97.67 520.33
99.0 465.5
104.5 457.5
105.0 927.5
106.15 995.46
108.09 353.36
112.0 588.5
113.88 8.38
112.5 394.0
116.0 453.5
123.75 337.0
128.0 14.5
130.0 155.25
130.8 146.4
138.71 327.5
138.75 382.0
139.88 641.88
154.5 657.5
157.38 819.62
157.8 695.4
164.7 128.79
162.5 247.0
170.17 11.39
165.5 324.5
166.5 346.0
170.33 807.67
173.5 440.0
174.88 561.88
174.5 971.0
175.5 464.5
175.91 505.36
176.5 459.0
179.83 711.17
179.0 974.5
180.33 721.33
182.5 650.5
185.33 983.67
190.85 483.54
200.17 210.83
200.4 625.8
204.2 238.6
206.5 775.5
210.72 172.41
209.7 258.7
208.5 357.5
211.8 384.6
213.75 891.0
220.62 620.38
221.33 850.33
224.5 1055.0
225.0 23.5
225.5 102.5
226.33 1077.67
227.5 966.5
231.25 722.0
233.33 534.83
233.5 549.5
238.0 4.2
242.0 825.5
246.2 190.4
260.25 263.0
261.5 240.5
263.67 956.33
270.24 1017.0
276.33 145.33
279.9 619.05
281.5 521.78
283.5 369.0
284.5 239.5
290.9 838.54
290.67 239.89
290.0 155.5
291.33 332.67
292.5 737.5
304.29 105.86
307.17 875.0
315.0 497.5
322.0 960.0
322.5 676.0
329.0 175.0
333.75 509.0
335.0 450.5
338.5 606.0
340.0 530.5
343.33 581.33
352.5 869.5
358.12 992.12
358.12 1058.88
362.5 794.0
370.68 203.14
369.79 336.63
371.2 737.6
372.67 196.33
374.2 815.4
377.0 485.25
379.8 497.6
382.5 150.33
383.67 1007.67
392.1 721.38
390.0 10.5
391.5 84.0
393.67 358.67
400.91 882.5
400.4 402.2
402.6 235.8
403.0 602.5
428.51 325.56
426.5 881.5
428.2 230.4
432.29 25.0
436.0 808.0
440.5 186.5
440.0 739.5
441.4 986.8
443.75 443.25
448.07 210.19
450.22 252.5
449.29 873.0
452.5 455.0
458.75 1025.0
466.4 463.4
466.5 748.0
470.21 511.64
468.5 965.0
477.0 99.25
479.0 920.5
480.33 745.33
483.5 530.0
484.6 237.2
491.5 324.0
492.5 780.5
502.5 595.0
506.33 735.33
510.0 1008.5
523.5 877.0
526.0 642.0
526.88 702.12
535.5 474.0
537.62 301.75
543.5 79.5
542.5 330.5
549.0 418.75
559.09 231.91
563.0 33.75
563.29 702.43
567.67 1033.67
571.0 829.75
574.62 1066.56
588.91 357.09
590.5 509.0
595.0 356.5
601.33 120.33
603.0 653.71
610.0 267.0
609.5 725.5
615.5 328.86
614.0 1077.5
622.0 847.5
620.33 879.33
621.0 962.5
623.75 10.0
625.16 477.84
626.5 499.29
629.27 94.73
630.33 175.33
630.33 528.67
638.12 242.12
638.2 459.4
639.0 226.5
639.5 1012.5
641.0 192.5
641.5 877.2
643.0 380.0
648.56 588.53
652.5 624.5
662.5 199.5
668.38 393.76
674.78 618.72
681.5 392.0
684.5 85.0
686.17 914.83
694.88 25.88
698.67 311.33
700.71 224.0
702.5 756.5
704.33 132.67
708.5 692.5
710.65 649.0
713.0 512.75
713.5 43.0
723.09 42.36
735.13 746.0
735.71 277.5
737.5 164.0
740.0 197.5
744.67 799.11
747.67 912.33
751.0 22.29
757.5 247.5
762.0 855.0
761.5 998.0
763.5 416.5
766.0 596.5
770.0 801.5
772.5 34.0
777.0 202.0
779.5 357.5
780.69 550.92
783.5 27.5
787.71 950.5
791.0 843.0
791.0 819.25
798.0 546.2
801.0 83.5
802.5 563.5
805.33 447.67
807.5 604.5
814.17 924.17
814.0 837.5
818.5 227.0
819.5 121.5
827.33 590.11
830.71 939.0
831.5 313.5
835.0 937.0
840.0 1025.5
843.5 436.5
845.5 824.0
848.5 321.5
849.5 665.0
851.0 221.5
852.0 280.0
855.0 372.5
859.36 740.91
859.5 389.0
864.0 571.5
867.5 284.0
867.0 372.0
868.0 967.5
870.5 872.5
874.42 196.06
874.83 964.83
876.2 984.6
883.83 349.83
893.0 56.5
905.65 69.65
904.71 561.0
904.0 951.0
912.0 61.0
912.0 701.5
912.0 984.0
913.0 760.0
917.26 327.41
916.0 799.5
924.1 846.9
934.71 341.5
934.75 762.0
936.0 726.5
937.29 1043.0
943.2 256.4
948.32 493.74
944.0 750.5
946.0 13.75
955.5 1071.5
960.5 617.0
960.0 572.5
970.33 604.67
978.5 659.0
981.88 198.12
990.5 495.0
990.33 655.33
992.83 935.83
994.64 969.55
1005.0 427.92
999.0 817.5
1005.33 36.33
1006.0 812.29
1008.21 654.0
1010.5 274.0
1029.75 62.0
1039.5 379.79
1038.5 177.0
1042.67 834.89
1051.0 74.25
1056.5 323.29
1068.5 139.5
1068.6 777.2
1069.0 277.0
1069.0 906.5
1071.5 1054.0
1077.5 660.0
1082.33 400.33
1088.0 297.29
1093.67 220.33
1096.0 718.75
1101.2 273.6
1104.0 327.5
1107.5 800.0
1109.5 540.5
1110.0 974.29
1112.88 43.12
1112.67 887.67
1115.33 331.33
1118.0 554.0
1118.5 199.5
1125.4 153.2
1126.33 31.33
1127.0 932.71
1139.5 553.5
1150.5 161.5
1157.0 60.8
1166.76 668.76
1164.33 132.67
1168.5 554.0
1170.0 467.0
1174.76 1025.24
1178.12 428.12
1182.5 328.5
1182.5 884.5
1183.0 937.5
1188.5 830.0
1190.5 806.5
1200.37 647.79
1203.5 17.0
1204.5 235.5
1208.5 392.5
1209.67 86.33
1211.0 739.0
1211.4 1033.2
1213.0 997.5
1216.5 1030.5
1220.5 624.0
1225.0 1016.0
1226.0 242.0
1226.83 635.17
1235.4 730.8
1239.0 197.5
1240.5 160.0
1243.12 292.88
1247.67 516.33
1260.0 808.5
1262.5 38.5
1264.0 1074.5
1264.67 291.33
1265.5 147.5
1266.5 620.5
1269.67 539.67
1275.5 1026.5
1287.5 656.0
1290.88 940.88
1291.5 40.5
1291.33 370.33
1296.5 342.5
1303.0 422.5
1304.0 872.0
1308.0 519.0
1308.2 830.4
1309.87 423.53
1311.0 538.0
1312.5 912.0
1316.1 426.72
1318.12 743.12
1332.62 434.38
1332.5 897.22
1335.0 135.5
1336.33 515.11
1338.2 559.0
1339.0 575.5
1342.0 389.71
1346.0 971.25
1346.0 658.5
1349.17 612.17
1350.17 869.83
1357.13 1050.31
1355.12 941.88
1358.5 657.5
1367.67 970.67
1375.5 43.0
1376.5 1006.5
1381.5 23.5
1392.02 864.28
1385.0 997.5
1400.0 607.29
1401.33 41.33
1401.5 707.5
1402.5 927.5
1402.67 1027.67
1413.67 11.33
1416.33 131.33
1416.4 598.2
1417.5 1036.5
1422.5 981.5
1424.36 336.91
1431.07 327.81
1433.2 93.6
1434.5 667.0
1437.5 636.5
1438.67 542.67
1444.83 4.83
1452.67 259.67
1455.6 785.4
1457.82 64.82
1456.5 1075.0
1462.0 47.5
1468.75 241.0
1470.0 396.0
1471.5 149.5
1474.33 454.33
1484.0 781.4
1479.0 988.2
1482.33 2.67
1484.0 304.5
1498.5 342.5
1500.38 227.62
1501.0 520.25
1504.0 831.25
1505.0 321.5
1513.0 314.75
1514.0 664.0
1518.0 232.29
1521.0 672.0
1530.0 56.5
1530.71 179.0
1540.71 253.0
1543.6 78.8
1549.0 527.5
1557.0 662.29
1559.5 392.5
1563.83 696.83
1575.0 726.71
1575.0 506.5
1588.1 667.1
1588.38 266.38
1591.12 1075.12
1594.0 292.5
1598.5 657.5
1601.5 81.5
1605.33 234.67
1605.88 452.12
1610.0 795.25
1610.0 947.0
1611.8 998.6
1613.5 219.5
1614.5 0.8
1614.5 473.0
1617.0 1030.0
1618.2 951.4
1618.5 349.5
1632.29 207.0
1639.5 828.5
1641.4 251.8
1642.5 122.5
1655.1 381.84
1652.29 624.0
1653.0 756.71
1657.5 743.5
1660.5 811.5
1663.75 109.0
1664.5 445.0
1664.33 552.67
1673.33 191.33
1681.0 1016.5
1697.8 617.0
1701.33 121.33
1704.33 55.33
1705.33 1047.67
1718.43 676.81
1718.67 543.67
1718.0 654.5
1721.5 7.78
1722.0 610.0
1722.8 858.0
1727.29 77.71
1730.0 512.5
1738.12 379.12
1739.5 326.0
1748.0 547.5
1748.33 596.67
1747.5 906.5
1766.5 169.5
1771.33 588.67
1776.33 249.33
1783.0 24.5
1791.58 458.0
1797.5 390.0
1803.5 520.0
1807.0 114.0
1807.0 382.5
1808.5 418.0
1809.5 1066.0
1825.5 353.5
1824.5 1021.5
1825.0 199.5
1830.28 170.66
1829.0 1062.5
1833.17 685.83
1846.0 567.75
1847.5 0.5
1855.0 456.0
1863.0 350.5
1864.0 832.5
1868.69 772.22
1870.4 207.2
1885.0 222.71
1890.5 167.5
1893.29 1040.0
1895.33 696.67
1906.67 933.25
1909.0 413.29
1910.0 483.17
1910.5 519.5
1915.4 763.2
1916.5 712.5
1917.5 530.0
!