2.5 444.0
3.5 595.0
5.0 851.5
6.4 86.2
6.5 249.5
11.33 77.67
14.79 773.14
15.17 255.17
22.0 469.5
23.12 961.88
26.12 352.88
27.5 592.0
27.6 893.2
29.83 332.17
33.71 523.5
34.2 379.0
36.5 332.0
37.5 1042.5
39.0 851.0
50.0 684.5
53.5 875.0
56.33 667.67
61.0 48.5
60.33 406.33
65.4 578.2
66.5 535.0
67.67 182.67
67.71 569.0
69.0 955.5
71.5 1014.5
72.2 415.4
75.4 236.8
79.5 91.5
80.5 350.0
82.67 458.25
81.83 1041.83
84.6 952.8
86.17 550.83
88.33 491.33
89.33 453.67
89.5 906.0
95.17 963.83
94.5 1066.5
100.0 1058.5
101.5 874.5
103.4 564.7
103.33 645.17
103.5 2.5
107.0 484.0
105.0 703.5
108.5 435.5
110.25 716.0
117.85 1009.94
115.5 139.5
120.0 888.5
121.5 425.0
122.5 375.0
127.67 1021.67
128.75 265.0
132.87 385.13
130.4 630.8
130.0 1007.5
135.0 346.5
135.88 814.12
136.5 707.5
141.0 659.8
140.5 965.0
145.0 571.2
145.8 535.4
149.83 611.17
151.36 935.91
153.0 149.0
152.5 605.5
153.75 404.0
158.17 92.39
157.0 299.0
158.83 379.83
161.88 265.88
163.0 423.5
166.0 465.71
166.5 687.0
171.12 1021.12
170.0 1042.5
171.5 1045.0
175.12 3.12
176.0 365.25
177.11 52.33
183.5 804.0
186.29 706.71
184.71 934.0
190.42 347.42
189.33 885.33
193.4 737.6
195.0 312.5
196.71 757.0
198.0 166.0
199.0 288.5
202.6 396.8
205.0 931.5
205.25 941.0
207.5 333.0
209.5 11.5
209.67 508.67
209.67 727.67
215.33 982.42
210.0 70.5
211.5 181.5
212.79 423.0
212.5 407.5
214.88 610.88
218.0 672.2
217.5 908.0
220.0 837.5
225.0 476.5
228.22 619.09
232.0 644.75
236.6 336.4
236.5 324.5
237.0 887.29
242.09 374.64
241.5 473.5
241.33 884.33
244.62 904.76
245.0 132.5
247.12 985.88
248.53 701.87
248.0 557.5
249.8 464.6
249.0 1032.0
252.5 174.5
254.5 755.5
256.5 991.5
257.67 375.33
259.88 516.88
261.38 779.62
261.5 1003.5
261.5 1025.5
262.5 58.5
262.75 667.0
263.67 1021.33
267.54 791.15
270.0 852.29
270.5 79.5
273.4 55.3
276.5 674.5
281.71 777.0
286.5 774.0
287.33 792.11
288.0 329.71
289.5 875.0
296.2 965.4
300.33 619.67
301.4 1053.2
305.0 254.71
305.71 157.0
306.5 279.5
306.33 522.33
308.0 877.5
310.0 303.5
311.5 280.0
313.0 993.5
316.5 336.5
319.29 820.0
320.6 806.4
319.33 813.67
320.5 674.0
322.25 363.67
324.0 32.0
327.0 70.0
327.0 928.0
328.63 749.79
330.0 741.0
330.5 70.0
335.64 869.09
337.5 233.5
340.4 1074.2
341.5 542.0
348.0 662.0
349.67 894.67
350.0 842.5
352.12 886.12
356.8 588.0
355.0 733.5
359.0 676.5
360.5 656.5
364.5 616.5
364.33 777.67
366.5 226.5
367.5 58.5
367.5 836.5
375.5 245.0
375.0 312.5
376.0 817.75
377.8 568.0
378.0 789.25
379.29 58.0
383.0 95.0
382.5 710.0
391.37 664.37
386.64 327.55
385.5 904.5
386.5 1014.5
389.5 166.0
390.0 255.71
390.5 945.0
391.0 991.29
392.67 478.67
397.5 441.5
397.5 819.0
397.5 926.0
402.0 550.5
407.0 362.5
406.5 634.5
408.67 121.33
411.67 196.11
411.88 976.88
414.5 271.5
416.12 802.12
416.71 640.0
418.83 543.33
423.0 586.5
423.5 948.5
423.67 731.33
425.0 516.5
427.6 365.6
426.5 1072.5
427.5 457.5
429.8 1013.0
430.0 133.75
434.83 82.17
440.0 780.0
443.0 645.5
449.26 1050.42
446.0 122.5
447.5 38.0
448.5 360.0
448.6 542.2
453.69 590.0
448.5 865.0
450.0 289.0
449.5 473.5
450.5 574.0
451.5 1079.0
452.5 111.5
456.0 224.75
459.21 407.63
458.0 570.25
458.0 551.5
458.0 573.5
465.25 400.0
468.21 428.5
468.0 331.25
471.0 142.0
471.12 326.88
471.0 393.0
476.79 523.81
475.17 636.17
475.0 790.29
475.8 968.6
477.82 1017.32
476.88 87.88
478.0 1064.5
480.5 844.0
482.2 1045.4
482.0 1052.5
482.67 717.67
484.0 100.5
485.5 274.5
485.88 363.88
485.0 966.5
488.85 71.38
487.67 681.33
489.0 811.5
499.5 306.5
498.83 386.83
500.0 682.5
501.33 1061.33
503.5 1052.5
505.43 292.0
504.5 423.5
506.0 975.5
507.0 1016.5
508.5 913.5
510.5 202.5
511.2 862.0
511.33 495.33
512.2 925.4
515.86 949.34
516.0 264.57
517.5 880.0
519.4 968.2
521.67 443.33
526.0 248.1
525.0 1027.5
526.75 367.0
528.09 5.64
527.5 189.0
527.6 565.8
527.5 614.0
531.0 1064.5
533.2 149.6
534.2 546.5
534.5 775.5
536.5 820.0
538.5 633.0
542.0 1027.5
542.5 933.5
548.6 305.8
552.0 846.5
549.0 714.5
551.33 7.67
553.0 674.0
554.82 929.82
561.64 1038.98
561.41 243.88
560.5 1054.0
566.75 1070.7
567.0 663.0
572.5 556.0
574.0 906.0
580.0 850.5
581.62 1066.25
582.0 534.0
582.5 673.0
585.0 113.2
584.0 619.5
587.17 540.0
586.17 680.83
586.5 125.0
590.4 848.2
590.88 1008.12
592.5 552.0
598.08 261.86
594.71 897.0
592.5 1034.0
595.77 173.27
594.89 242.33
597.17 311.0
598.12 274.88
599.0 962.5
602.33 1013.89
603.0 900.71
603.0 837.5
603.5 852.5
605.5 494.5
605.12 867.12
605.8 294.6
607.12 1011.12
610.11 376.67
609.5 737.5
611.5 154.5
615.24 1031.76
613.2 722.6
613.75 572.0
617.5 100.0
617.2 197.6
616.5 357.5
616.0 645.5
618.7 727.7
618.83 685.17
620.33 41.33
623.6 778.2
625.0 877.5
625.0 1001.5
627.0 351.5
627.5 549.0
627.5 900.0
628.5 830.5
629.67 734.67
633.12 237.41
635.38 19.62
635.5 609.0
635.25 763.0
639.11 1074.72
638.5 386.0
640.17 655.67
640.38 706.38
641.2 1043.0
645.05 946.65
642.5 354.0
646.19 895.81
643.0 274.5
647.5 542.5
649.5 969.0
654.0 413.0
653.5 754.0
654.5 1056.29
656.5 776.0
657.6 332.8
660.41 946.41
659.0 407.0
659.5 436.5
661.33 733.67
662.5 674.0
662.83 1065.83
665.58 704.42
663.6 1016.8
664.0 688.5
665.5 969.0
668.5 730.0
668.5 295.0
671.0 544.71
672.0 516.5
675.29 916.0
675.5 802.5
676.29 888.5
678.88 748.69
678.67 272.67
680.5 509.0
681.11 916.67
682.5 146.5
682.12 557.88
681.33 922.5
682.0 944.0
684.7 254.7
683.5 904.0
684.5 888.5
685.4 111.8
686.33 584.33
687.67 412.67
689.0 1006.5
690.0 256.5
690.0 866.5
692.5 118.0
694.3 554.3
694.0 671.5
701.16 509.59
702.72 728.5
699.5 886.5
700.0 965.8
703.0 436.71
703.0 51.5
709.67 334.67
709.0 487.5
710.25 118.0
714.5 691.0
717.0 267.5
720.39 1036.13
721.5 471.5
720.0 762.5
721.17 798.17
721.5 561.0
724.5 966.5
725.91 744.64
726.38 1073.75
729.8 701.0
729.0 829.5
731.0 286.25
731.5 954.0
731.33 861.33
732.5 265.0
734.4 735.8
736.5 724.5
737.5 579.5
737.5 1033.5
740.33 210.33
742.5 484.0
743.36 1040.45
747.88 386.88
747.5 735.5
748.0 1048.75
751.5 919.0
754.0 68.5
754.0 451.5
757.0 657.29
757.0 789.0
757.6 490.8
758.0 974.29
760.33 119.5
761.5 510.0
763.2 182.0
764.5 798.71
767.6 7.2
769.33 878.67
771.88 219.12
771.33 941.33
773.67 297.67
775.0 554.5
775.5 399.0
779.5 517.5
780.0 932.2
780.5 994.29
781.8 61.4
781.83 610.17
782.5 960.0
784.2 303.6
783.5 315.0
783.5 521.5
784.5 625.5
786.2 283.6
788.0 231.0
788.0 973.5
788.0 422.5
790.5 253.5
793.24 399.62
794.5 760.71
796.0 696.5
796.88 465.88
796.5 1064.0
798.0 50.0
803.83 854.76
800.0 364.71
801.71 1031.0
804.0 642.17
805.0 808.29
806.5 880.0
807.67 967.67
812.5 1066.0
814.65 686.0
814.5 392.5
814.0 577.5
817.0 0.38
819.04 460.06
816.33 310.67
816.33 1006.33
818.5 146.5
818.6 225.8
821.0 442.71
824.0 732.5
826.0 713.0
826.0 992.0
828.08 478.5
827.5 21.5
827.5 1059.0
828.2 1077.6
831.74 419.26
830.8 758.6
833.5 309.0
833.0 1043.0
833.6 57.2
833.89 892.67
837.12 48.12
837.67 25.33
839.0 609.5
840.0 649.5
841.29 857.0
841.5 335.0
842.5 659.0
844.0 892.5
845.0 525.5
847.0 104.0
850.0 732.0
851.5 170.5
856.0 29.0
855.0 168.5
857.0 25.0
859.35 370.35
859.11 624.67
859.0 750.5
861.0 219.0
862.5 317.5
864.5 427.2
864.25 897.0
864.33 1060.33
865.5 194.0
865.25 843.0
866.5 942.0
868.5 426.5
869.33 655.33
869.5 931.5
871.71 115.0
875.5 959.0
877.67 503.33
877.5 617.5
878.5 197.5
879.0 738.75
879.5 601.5
881.43 555.57
881.5 627.0
885.88 834.88
888.0 979.0
889.5 1058.29
889.5 1070.5
890.0 693.5
894.5 686.29
893.5 810.0
894.17 997.83
896.4 816.96
895.71 248.0
897.0 472.5
900.0 825.5
901.33 232.67
902.0 967.5
906.5 449.0
906.5 912.0
908.5 438.0
910.0 832.5
911.6 881.4
911.5 705.5
914.75 176.0
915.8 307.6
917.5 870.0
919.0 982.0
920.0 112.5
922.1 1017.55
921.5 539.5
922.0 632.5
921.5 1069.5
922.67 276.33
924.2 116.4
924.0 905.5
925.33 785.33
927.0 769.75
927.5 579.5
927.5 834.5
928.0 858.29
929.67 650.33
932.5 292.0
932.67 1031.67
934.33 565.33
935.0 757.5
936.5 995.0
937.2 1076.4
937.5 832.0
938.5 935.0
939.83 624.83
944.84 593.8
943.21 805.0
946.29 769.5
947.71 564.5
949.5 699.5
950.33 749.67
951.5 1019.0
953.12 340.88
954.0 829.5
962.61 1076.44
959.25 571.0
960.5 653.0
962.0 371.5
961.5 724.5
965.93 686.81
964.0 158.0
969.5 576.5
969.88 612.75
971.0 1012.29
970.67 1016.17
972.5 764.0
974.4 973.2
975.88 68.12
975.0 390.5
975.71 862.0
975.5 994.5
977.09 92.36
984.62 970.66
980.5 799.0
984.36 167.24
982.0 485.5
982.67 596.33
983.0 193.5
983.75 537.0
985.0 686.5
985.5 811.0
987.5 83.0
989.05 1036.1
989.5 525.5
991.5 430.0
991.4 881.8
992.5 994.0
994.12 1033.12
999.74 158.03
996.78 699.7
997.4 408.7
996.5 946.5
1000.0 373.75
1001.2 655.4
1000.8 1075.4
1002.2 744.4
1003.2 562.6
1005.0 330.0
1004.0 376.5
1006.5 985.0
1008.36 358.09
1008.0 1023.29
1009.5 292.2
1009.5 134.0
1009.0 229.5
1009.0 887.5
1011.0 798.0
1012.0 608.75
1014.57 57.0
1014.0 405.71
1015.4 86.8
1017.12 839.12
1016.25 918.0
1019.6 865.2
1023.0 791.76
1020.0 798.5
1021.5 543.0
1021.5 570.0
1021.33 924.67
1024.12 562.12
1024.5 262.5
1025.0 814.29
1025.5 871.5
1028.12 785.88
1028.29 845.0
1032.67 344.33
1032.5 516.5
1037.29 247.0
1039.06 160.75
1038.0 640.5
1040.71 477.0
1042.76 711.76
1050.1 872.8
1044.0 746.0
1046.38 331.62
1045.71 814.0
1046.8 151.6
1046.8 919.4
1047.5 768.5
1049.0 966.0
1051.0 897.71
1051.5 850.0
1053.54 543.15
1054.38 475.62
1054.0 892.5
1057.5 639.0
1059.2 1066.4
1061.5 108.5
1064.0 787.29
1066.29 434.0
1067.62 882.38
1067.0 940.5
1068.0 469.0
1069.2 26.5
1069.5 925.0
1069.83 985.17
1070.0 496.5
1076.5 126.5
1079.0 245.5
1078.5 104.0
1078.5 509.0
1079.75 107.0
1079.75 920.0
1083.87 999.57
1080.0 385.5
1083.32 705.14
1082.5 849.29
1082.5 276.5
1084.33 478.67
1086.71 1041.5
1086.5 123.0
1087.0 392.0
1089.5 680.5
1089.5 858.0
1090.4 529.2
1090.5 860.0
1091.5 305.0
1092.5 464.0
1092.5 936.5
1094.0 492.0
1095.8 657.6
1096.5 700.0
1099.0 384.5
1101.28 19.11
1102.8 903.8
1104.83 415.67
1104.71 609.0
1105.0 792.5
1106.5 519.0
1112.34 1072.22
1109.5 628.5
1112.67 1022.89
1114.0 1005.5
1115.71 385.86
1117.0 92.0
1118.75 803.0
1122.68 349.18
1123.5 380.5
1125.0 204.5
1125.5 605.5
1125.0 825.5
1126.71 11.0
1127.5 830.0
1128.67 413.11
1130.91 110.46
1129.17 145.67
1131.5 587.0
1134.2 1032.6
1136.89 501.28
1138.67 781.67
1139.71 311.0
1139.0 677.5
1143.26 299.51
1142.63 344.79
1142.5 1000.5
1146.1 70.17
1148.0 13.0
1146.0 234.0
1146.5 23.5
1147.62 735.25
1147.5 847.5
1149.12 809.88
1148.5 895.0
1152.5 255.0
1153.33 429.11
1155.5 22.71
1155.71 919.5
1156.29 253.5
1156.47 465.35
1157.0 1021.0
1158.79 319.63
1158.0 598.5
1160.36 605.45
1162.67 545.33
1166.86 382.16
1163.5 705.0
1164.0 882.0
1166.91 73.64
1167.0 510.29
1166.5 947.0
1166.5 1018.0
1170.0 759.0
1170.0 658.5
1172.0 694.29
1173.5 303.67
1175.0 221.5
1179.5 349.0
1181.5 106.5
1181.5 368.0
1186.5 760.0
1186.5 1069.0
1188.5 884.5
1189.8 650.4
1191.64 811.91
1199.6 313.93
1192.5 534.0
1197.0 372.5
1197.5 82.5
1199.0 1007.5
1204.0 853.5
1205.5 215.5
1208.85 746.38
1216.07 496.0
1211.0 623.5
1211.5 317.5
1211.88 481.88
1211.5 847.5
1212.5 85.5
1215.0 512.8
1215.0 868.0
1219.0 1048.0
1219.0 137.5
1221.0 716.5
1221.5 384.0
1222.8 15.4
1222.5 805.0
1224.67 619.33
1225.25 88.0
1225.0 661.5
1227.5 714.5
1228.5 254.0
1228.75 914.0
1237.0 619.5
1239.22 887.91
1240.0 506.5
1240.5 965.5
1241.5 681.5
1242.41 972.12
1245.89 777.34
1242.6 874.8
1244.69 1021.5
1244.5 654.5
1245.0 225.5
1248.75 558.25
1249.5 680.0
1250.0 953.0
1250.0 696.5
1251.33 282.67
1256.0 908.71
1259.0 507.5
1256.0 661.5
1256.5 722.5
1257.12 932.12
1259.21 573.63
1260.0 628.4
1260.0 1026.5
1260.8 1053.6
1266.71 243.0
1265.33 82.17
1266.12 177.88
1265.0 767.5
1266.5 1026.5
1268.5 307.71
1269.0 729.5
1270.33 1047.67
1272.0 121.5
1277.0 752.0
1281.46 214.17
1283.94 984.66
1282.5 918.5
1283.5 98.5
1288.0 364.0
1290.5 74.5
1294.5 279.0
1295.33 468.67
1295.4 743.2
1297.0 315.25
1298.77 526.57
1297.5 335.0
1298.0 941.0
1302.18 404.18
1303.0 568.65
1303.6 628.2
1304.0 897.29
1306.38 792.38
1306.5 680.0
1314.77 886.74
1308.12 521.88
1312.17 422.17
1311.5 647.5
1315.0 667.5
1316.5 1029.5
1317.5 93.5
1317.75 794.25
1319.0 748.0
1321.85 941.46
1321.5 330.5
1321.5 801.0
1323.6 371.8
1324.67 481.33
1326.5 332.5
1327.5 807.5
1329.5 281.0
1329.0 615.5
1329.0 962.5
1332.8 482.07
1331.0 633.0
1331.5 344.0
1331.5 437.0
1334.33 248.67
1338.09 364.64
1339.83 15.17
1339.33 544.67
1345.03 811.75
1342.6 75.8
1343.62 181.38
1342.67 953.67
1345.14 1069.7
1347.74 423.62
1347.0 1059.0
1345.0 328.5
1345.5 767.0
1346.0 756.5
1347.5 394.5
1348.0 805.25
1349.0 346.5
1351.5 209.0
1352.33 284.89
1354.33 592.67
1354.71 995.0
1355.33 325.33
1355.25 691.0
1355.4 851.2
1362.11 806.69
1358.0 210.0
1359.0 482.5
1360.0 979.0
1360.5 244.0
1360.5 537.0
1362.83 468.0
1363.5 650.83
1361.5 822.5
1363.88 832.0
1364.38 98.24
1365.95 266.25
1364.5 289.0
1365.33 329.67
1365.33 349.33
1366.5 302.5
1367.5 836.5
1374.41 463.01
1368.67 847.33
1372.0 150.0
1371.33 560.33
1372.2 758.6
1372.0 816.0
1372.88 415.88
1374.0 476.5
1376.43 713.0
1378.6 330.8
1378.5 984.0
1380.0 95.71
1379.5 283.5
1380.5 367.5
1383.72 180.41
1382.5 287.0
1381.5 518.5
1381.5 826.0
1383.2 553.6
1384.5 39.0
1384.0 291.5
1388.23 569.77
1387.0 278.29
1387.17 503.83
1386.8 875.4
1386.0 984.5
1389.62 122.38
1388.83 288.17
1390.12 377.12
1389.0 728.0
1391.41 610.88
1391.0 940.0
1391.33 163.33
1392.0 252.2
1392.0 541.0
1391.71 791.0
1393.0 525.5
1394.0 957.5
1395.5 136.5
1396.2 294.4
1396.0 393.0
1395.71 506.0
1395.4 923.2
1399.0 577.29
1400.0 115.25
1400.17 128.33
1399.5 226.0
1399.0 569.5
1400.5 495.0
1404.13 532.73
1401.0 456.5
1401.5 783.5
1402.67 0.33
1403.0 444.71
1402.5 589.0
1405.29 822.0
1405.5 671.5
1407.5 15.5
1408.25 224.33
1408.75 158.0
1414.72 501.28
1408.5 759.5
1414.81 301.38
1410.62 889.62
1411.64 117.09
1414.13 439.13
1413.21 717.63
1412.67 942.33
1414.0 164.0
1413.5 263.0
1415.18 931.18
1416.5 144.0
1417.67 200.33
1418.0 641.0
1419.0 831.79
1420.88 419.12
1423.0 233.75
1422.88 725.88
1427.61 430.48
1426.8 884.0
1427.0 423.75
1429.75 8.0
1432.12 669.88
1429.0 1072.5
1431.33 510.33
1432.0 926.0
1432.0 943.0
1434.0 517.5
1434.67 572.67
1437.12 65.88
1437.83 1078.17
1437.71 965.0
1439.5 548.5
1442.29 952.0
1442.71 488.0
1444.0 968.75
1444.0 453.5
1446.0 10.0
1446.5 154.0
1447.0 947.5
1448.0 112.71
1449.17 553.83
1452.58 833.02
1452.1 31.3
1450.33 291.33
1452.67 131.33
1453.12 294.12
1454.0 118.8
1453.5 634.5
1453.71 657.0
1454.0 734.29
1454.88 50.88
1454.5 501.5
1454.0 947.0
1461.5 534.0
1461.88 815.88
1462.5 768.5
1464.5 821.5
1472.28 328.05
1467.8 383.6
1467.5 869.5
1471.0 191.0
1469.55 559.64
1470.8 528.0
1470.33 368.67
1470.0 908.5
1472.5 46.5
1472.5 355.0
1474.5 756.5
1476.5 295.0
1477.0 533.0
1477.5 462.5
1477.67 492.67
1478.5 739.5
1480.8 200.4
1481.0 575.2
1483.3 771.14
1483.29 544.0
1484.17 169.83
1484.0 688.5
1486.8 470.0
1487.2 985.4
1487.5 395.5
1488.67 409.33
1488.83 979.83
1489.0 429.5
1491.5 585.0
1492.67 185.33
1494.2 203.6
1494.33 310.33
1495.4 216.8
1497.29 582.0
1498.0 795.0
1498.2 473.6
1499.91 190.09
1500.4 661.8
1504.5 56.0
1504.67 635.33
1505.4 369.2
1505.5 820.5
1508.5 503.5
1508.6 227.8
1510.4 13.4
1511.2 84.4
1511.17 290.83
1510.33 382.67
1510.88 803.12
1516.0 270.5
1515.5 611.5
1517.0 424.8
1517.5 595.0
1521.5 185.29
1522.12 268.12
1522.0 792.0
1521.0 881.5
1522.67 831.33
1522.6 878.2
1523.75 109.0
1524.0 171.5
1527.24 426.24
1531.17 280.83
1533.2 175.4
1536.29 399.5
1536.5 648.0
1537.0 837.5
1539.22 1010.09
1538.71 388.0
1543.76 621.0
1545.0 1.5
1546.5 133.0
1546.0 1041.5
1546.5 912.0
1548.0 268.0
1549.5 71.0
1550.33 189.67
1552.5 40.0
1553.7 110.3
1552.5 289.5
1552.5 406.5
1553.0 676.71
1554.5 324.0
1554.0 806.2
1554.5 587.5
1559.0 37.0
1559.11 219.67
1560.0 101.5
1560.33 146.67
1563.67 307.67
1566.67 147.78
1565.33 367.67
1567.67 461.33
1567.75 819.0
1569.33 26.33
1569.0 480.5
1569.0 567.5
1571.33 255.67
1574.5 613.5
1574.71 325.0
1575.33 729.25
1575.5 260.0
1577.5 449.5
1579.5 369.0
1579.33 706.67
1580.5 809.0
1581.5 917.5
1585.57 308.4
1584.4 446.2
1587.29 340.5
1587.5 31.5
1587.5 566.5
1587.5 968.0
1588.0 671.5
1588.0 725.5
1592.5 721.0
1590.25 843.0
1592.5 455.0
1592.29 604.0
1596.38 1001.38
1596.88 34.88
1596.8 562.6
1597.0 847.5
1597.67 241.33
1598.2 517.6
1599.8 366.4
1600.5 808.2
1599.5 945.0
1602.5 997.5
1602.5 389.0
1605.4 306.8
1605.33 554.67
1609.0 421.0
1608.67 718.67
1612.2 242.6
1612.0 959.0
1614.32 878.32
1614.0 157.2
1613.67 769.33
1614.0 462.5
1615.5 350.0
1615.4 989.2
1617.6 818.2
1618.38 953.38
1618.5 101.0
1621.5 516.0
1624.0 530.0
1625.33 777.67
1626.5 324.0
1627.88 937.41
1627.5 51.5
1629.67 227.67
1630.5 540.5
1630.54 682.38
1633.6 566.83
1630.0 678.5
1632.0 259.5
1632.5 40.0
1634.36 643.5
1633.5 672.5
1633.5 960.0
1634.0 348.5
1637.5 315.5
1638.0 547.0
1637.5 963.0
1642.5 510.22
1642.67 234.67
1643.33 266.33
1644.0 341.0
1647.09 658.22
1647.5 434.0
1647.5 518.0
1651.0 125.8
1651.91 554.22
1653.09 621.46
1652.53 535.13
1651.5 690.0
1653.79 195.58
1654.22 759.5
1654.12 677.12
1662.78 593.1
1658.17 344.17
1658.67 805.33
1660.0 459.0
1659.5 974.0
1660.5 47.5
1660.89 450.33
1660.25 523.0
1663.75 865.0
1665.88 648.12
1666.33 807.67
1668.29 1072.0
1668.78 517.22
1669.25 655.33
1675.2 891.73
1670.5 639.5
1671.5 235.0
1672.0 1077.0
1674.33 925.33
1676.0 620.71
1675.25 673.0
1677.5 767.5
1677.5 856.5
1678.67 593.67
1679.64 710.45
1679.0 734.0
1681.75 967.75
1682.2 814.4
1683.2 173.6
1685.5 234.0
1689.0 42.0
1687.12 891.88
1688.5 815.5
1688.6 1008.2
1690.0 155.5
1693.0 398.2
1694.5 877.5
1694.5 91.0
1694.5 721.5
1694.5 996.5
1699.12 212.12
1698.0 276.5
1704.34 380.11
1701.5 586.29
1701.0 629.25
1701.5 656.0
1701.33 51.33
1703.2 901.4
1704.0 268.5
1705.46 439.09
1705.25 743.62
1704.5 994.8
1704.0 470.5
1705.8 527.6
1706.12 815.88
1706.33 886.33
1707.5 300.0
1710.0 92.29
1714.0 246.5
1709.0 493.0
1714.61 56.61
1711.0 410.0
1712.83 691.28
1714.88 500.88
1715.71 321.0
1716.5 1077.0
1720.0 548.5
1724.08 711.41
1723.0 367.0
1724.2 498.6
1726.5 751.0
1727.75 662.0
1729.2 29.5
1729.5 1037.0
1730.0 1000.5
1731.88 668.12
1732.5 156.0
1733.6 715.8
1734.5 562.5
1735.88 273.12
1735.0 932.5
1736.5 98.5
1736.5 1032.5
1737.5 1059.0
1738.67 765.33
1738.67 898.67
1740.8 39.4
1740.0 301.5
1742.0 615.5
1743.67 155.33
1743.75 636.0
1748.12 217.5
1744.5 786.0
1745.67 985.67
1748.12 25.24
1748.5 457.5
1749.0 64.5
1750.4 609.8
1752.36 649.55
1752.5 332.5
1754.3 1014.3
1755.0 131.8
1758.0 742.43
1755.5 81.5
1755.0 221.5
1756.0 887.5
1757.5 330.0
1758.5 192.5
1759.0 483.0
1761.0 542.29
1761.86 17.71
1763.56 51.4
1763.0 792.0
1765.0 481.0
1765.5 526.0
1765.0 519.5
1768.67 386.33
1771.09 9.78
1769.67 52.56
1770.55 86.82
1773.39 31.39
1770.33 153.67
1770.4 587.2
1771.5 218.5
1772.67 71.33
1774.5 397.71
1774.0 506.25
1776.0 49.0
1775.5 218.5
1775.71 575.0
1777.0 627.5
1781.05 670.42
1776.5 852.5
1777.5 150.0
1779.72 517.89
1780.5 105.5
1784.0 538.24
1782.0 825.0
1782.5 994.0
1783.5 80.5
1785.0 889.0
1785.33 868.67
1787.0 596.5
1790.5 28.6
1789.0 253.5
1794.5 953.0
1794.71 563.0
1794.5 786.0
1794.4 1002.8
1796.0 410.25
1798.5 130.5
1799.5 430.0
1800.0 55.5
1801.5 669.0
1804.5 321.0
1802.67 442.67
1803.83 311.17
1804.8 195.4
1806.33 796.33
1815.13 256.0
1807.6 550.8
1811.24 470.0
1809.8 807.0
1810.8 120.6
1810.25 1003.0
1811.5 374.0
1812.0 634.2
1812.5 205.5
1815.71 277.0
1815.0 498.0
1815.4 743.2
1819.5 70.0
1821.71 20.5
1821.0 619.0
1823.37 441.63
1824.0 347.5
1827.0 788.0
1826.0 916.5
1828.67 461.27
1828.83 489.17
1829.89 1030.28
1830.0 71.0
1832.6 928.6
1832.5 289.17
1832.0 880.0
1832.0 984.5
1834.16 623.16
1832.5 689.5
1832.5 952.5
1838.78 636.03
1836.5 11.5
1836.33 703.67
1837.5 294.0
1842.32 600.35
1838.75 273.0
1840.0 389.5
1841.33 302.67
1841.5 474.0
1843.0 350.25
1846.0 345.71
1847.6 828.2
1852.31 616.31
1850.0 639.5
1853.0 429.0
1856.0 309.2
1855.0 627.5
1857.5 201.5
1859.8 511.0
1860.85 882.54
1860.33 399.33
1863.37 233.37
1863.67 366.33
1864.67 240.33
1867.0 277.5
1867.5 522.71
1868.0 643.71
1869.9 951.7
1870.2 117.0
1870.29 311.0
1869.67 598.67
1870.0 105.5
1871.5 129.78
1873.12 755.88
1874.0 84.0
1873.6 360.8
1874.0 5.5
1874.0 75.0
1877.0 364.29
1877.0 855.0
1879.0 427.5
1878.5 438.5
1879.67 941.33
1880.0 492.5
1883.0 399.0
1882.5 693.5
1884.5 173.5
1885.0 75.5
1887.12 845.12
1889.22 737.91
1889.5 429.0
1891.5 136.5
1891.5 491.5
1891.5 1018.5
1893.67 63.67
1894.67 880.33
1894.0 988.5
1897.0 753.29
1896.5 287.5
1896.5 456.5
1897.12 1012.12
1897.5 534.0
1897.5 593.0
1899.33 37.67
1899.33 541.33
1901.5 154.0
1903.0 70.71
1904.0 125.71
1903.5 1055.0
1910.83 315.61
1905.0 696.0
1907.0 3.75
1908.67 855.89
1909.5 465.0
1911.33 462.67
1914.71 562.5
1914.11 902.33
1914.0 96.5
1916.0 420.0
!