3.17 688.0
1.33 846.33
7.0 491.58
14.0 413.0
17.0 269.5
17.5 361.0
17.71 809.0
18.0 988.75
22.83 365.83
23.0 399.29
22.5 909.0
25.8 475.4
30.0 130.5
31.67 747.67
32.5 948.0
35.5 904.0
36.5 390.0
36.5 685.0
36.5 908.0
41.5 570.0
45.4 507.2
50.0 382.29
54.6 233.2
55.46 816.85
56.5 978.5
56.33 1061.33
57.67 87.67
58.5 316.5
59.0 134.5
60.0 693.0
61.5 45.5
65.0 479.5
67.5 735.0
67.71 993.0
69.33 1008.22
69.0 237.5
72.0 373.75
74.64 245.45
77.67 1041.33
85.5 569.0
87.5 44.0
88.0 164.25
90.88 409.12
93.0 792.5
94.0 994.29
94.0 524.5
97.67 367.33
100.33 931.43
101.5 501.5
101.5 560.0
102.5 535.0
104.5 432.5
108.38 125.62
115.36 273.09
115.8 1037.6
119.5 496.5
119.5 193.5
122.5 576.0
124.5 798.0
126.0 189.5
129.0 395.76
126.5 520.0
127.5 669.0
131.5 264.0
131.33 267.67
132.12 783.88
133.12 681.12
135.47 635.87
134.0 691.0
137.5 11.5
138.0 517.75
146.47 582.33
140.5 229.0
144.33 713.67
148.29 469.0
155.5 763.5
155.0 11.5
155.0 221.5
163.5 52.5
165.11 213.28
164.53 928.87
167.5 172.5
168.0 359.0
169.0 905.0
171.5 65.0
174.5 952.0
177.2 968.6
178.0 732.0
180.5 745.0
182.0 795.29
183.5 221.0
192.09 33.81
188.0 218.75
190.0 662.5
192.25 240.33
197.0 360.0
197.5 975.0
203.75 327.0
205.88 293.88
206.0 444.75
205.33 870.33
212.17 293.17
215.5 156.0
215.88 1052.12
218.29 640.5
217.5 730.5
221.5 144.0
226.5 267.5
229.5 1037.5
230.75 93.75
230.0 667.5
239.5 170.5
241.0 84.0
240.0 632.0
242.5 426.0
242.67 566.33
249.0 86.5
254.0 709.5
256.0 1014.29
258.12 150.88
259.13 260.47
258.33 473.33
258.5 888.0
259.0 563.5
261.89 678.28
263.0 1029.29
265.5 119.0
269.29 648.0
269.5 260.0
270.0 784.5
272.5 685.0
275.8 701.4
277.0 708.0
278.5 50.5
281.5 409.0
283.5 197.5
284.8 747.6
286.5 189.5
290.0 133.5
290.71 305.0
306.29 649.5
306.5 338.5
307.5 660.0
310.5 677.5
312.0 235.25
315.5 456.71
318.5 112.5
323.0 1023.5
325.5 115.0
328.0 397.29
333.0 440.5
332.18 791.82
335.5 330.21
337.0 466.5
340.67 431.33
342.0 749.0
346.8 364.4
355.0 333.8
357.67 159.33
358.67 118.67
365.11 522.72
366.5 302.5
367.6 98.2
386.0 895.25
389.0 415.5
389.0 571.5
403.2 849.5
408.8 757.6
418.0 544.5
420.0 147.5
421.8 66.4
435.5 176.76
438.6 138.2
438.5 279.5
439.0 517.5
441.68 556.68
442.0 534.71
446.94 664.94
441.5 927.5
445.0 454.5
445.0 1040.0
446.33 1023.67
449.0 121.0
451.5 204.5
458.11 451.22
455.71 312.5
459.12 97.12
460.0 932.29
462.67 1031.33
465.0 85.71
471.33 695.33
482.22 1041.5
486.5 293.0
487.5 506.5
506.0 539.29
508.71 214.0
506.5 417.0
508.0 912.0
519.11 779.33
520.5 601.71
524.47 800.43
529.93 10.72
526.5 1057.0
528.2 402.0
532.63 930.08
532.09 156.64
538.33 311.89
537.5 417.5
546.0 119.5
548.5 312.5
549.0 221.5
549.0 227.5
559.5 252.5
561.33 578.67
562.67 284.67
568.29 301.0
570.67 93.33
570.71 318.0
570.88 834.12
572.76 250.24
573.0 387.8
573.0 999.25
573.5 330.0
573.6 958.2
578.1 451.9
580.0 988.83
579.67 402.67
584.71 1007.0
587.0 553.5
597.5 919.0
601.33 547.11
602.0 326.5
603.0 353.0
604.67 631.33
605.33 499.67
607.89 973.67
609.0 858.0
609.17 1010.67
610.5 543.5
616.5 364.0
618.87 139.47
620.5 1078.67
622.76 492.76
623.29 8.5
624.0 414.0
625.04 985.6
626.0 668.8
627.2 1041.4
628.67 360.33
629.12 593.12
632.88 263.42
630.25 670.0
633.5 968.5
639.31 67.1
639.5 939.0
640.29 294.0
641.5 754.0
643.5 11.0
645.0 754.5
660.2 715.4
660.0 60.5
661.8 448.6
675.43 260.64
672.12 819.12
674.88 330.88
674.0 466.5
685.0 327.5
694.12 752.12
702.5 440.0
708.0 63.0
707.5 87.5
709.33 677.67
711.53 578.35
713.5 628.0
713.0 255.5
717.5 373.0
719.0 102.5
721.5 254.5
722.82 259.82
724.83 511.67
726.0 431.0
734.6 560.8
740.47 435.65
743.17 64.43
743.5 659.0
744.0 832.5
747.83 448.17
748.29 1000.0
748.67 825.33
751.83 333.83
757.2 398.4
760.33 253.56
760.0 557.5
761.33 373.67
767.6 1015.8
769.0 596.5
774.65 758.84
771.5 416.5
773.5 608.0
774.0 1033.29
774.75 961.0
781.0 826.5
787.65 502.35
787.4 1.4
789.64 631.36
790.29 596.5
794.5 775.5
801.7 64.9
802.5 649.0
810.0 720.5
811.82 791.18
812.0 1079.0
816.2 1006.4
818.5 748.5
817.5 983.5
818.5 917.0
825.5 254.5
825.71 232.0
833.14 981.86
831.2 301.0
835.75 166.33
835.5 212.5
839.5 570.0
851.5 27.5
858.6 969.2
859.8 658.6
866.2 867.6
869.6 1047.2
871.0 47.5
874.31 158.23
870.33 249.33
871.5 784.0
872.5 1011.5
873.5 459.0
883.5 425.29
886.2 21.4
893.5 575.5
895.5 100.0
897.5 999.0
902.5 789.5
903.67 855.33
907.5 658.0
907.5 912.5
918.29 831.0
920.83 853.83
922.2 592.6
926.5 758.8
940.77 329.35
937.0 25.5
945.5 1040.5
947.0 188.0
950.33 584.67
951.5 167.5
953.67 93.67
956.5 108.0
966.28 1043.34
982.64 887.5
985.0 607.5
985.0 1048.5
990.5 621.0
994.5 526.0
997.2 864.0
997.71 216.0
999.0 565.5
1004.71 708.0
1006.0 956.71
1006.0 816.5
1010.8 91.4
1013.2 270.5
1017.0 71.5
1021.5 272.5
1029.0 826.5
1039.2 863.6
1041.0 189.0
1045.12 36.88
1045.5 83.5
1053.64 562.36
1062.5 391.5
1065.0 40.5
1066.62 646.38
1065.4 771.8
1075.0 622.0
1080.77 1025.26
1081.0 224.5
1080.33 984.33
1084.0 112.0
1084.5 499.0
1084.5 777.5
1091.0 132.5
1094.0 99.71
1097.5 898.5
1100.59 189.12
1100.5 226.5
1101.5 759.5
1103.67 543.67
1105.0 806.5
1108.12 750.88
1108.6 431.8
1118.23 254.57
1125.33 61.33
1126.0 531.5
1130.5 400.0
1128.0 808.5
1129.67 622.67
1129.0 732.5
1133.12 150.12
1136.0 283.0
1138.38 632.38
1143.5 1065.0
1154.0 740.0
1160.16 16.0
1160.0 197.5
1163.0 1072.75
1166.5 123.5
1167.8 322.0
1173.11 75.61
1170.63 747.63
1172.5 306.0
1177.33 284.33
1188.67 865.33
1189.0 283.5
1202.67 115.33
1205.0 595.5
1214.45 990.87
1208.0 304.0
1214.0 976.5
1221.88 23.12
1230.5 643.71
1225.0 1006.0
1233.29 724.0
1237.67 251.5
1235.0 707.5
1242.67 21.33
1244.5 5.0
1250.5 237.0
1250.25 551.0
1254.28 411.11
1260.0 425.5
1264.5 502.5
1265.5 694.0
1266.5 290.0
1267.2 357.6
1266.5 461.5
1271.11 647.52
1271.86 92.19
1271.0 942.5
1273.2 547.6
1283.83 917.83
1296.88 1077.88
1301.5 958.5
1302.5 197.5
1311.0 614.5
1312.33 955.11
1320.1 807.9
1323.61 417.17
1321.0 1001.5
1321.33 1067.67
1336.99 189.12
1336.0 555.5
1335.8 128.5
1342.0 943.5
1345.45 879.64
1346.5 933.5
1353.27 23.27
1365.0 802.5
1374.0 334.6
1381.62 421.62
1380.5 602.5
1389.85 715.56
1389.0 621.5
1393.75 587.0
1399.45 517.29
1395.71 696.0
1407.0 881.5
1410.5 16.5
1411.5 153.5
1413.6 633.2
1422.0 624.5
1423.62 1062.62
1427.5 581.5
1437.67 545.8
1438.6 753.2
1442.59 762.46
1445.0 1065.5
1447.0 75.0
1449.5 901.5
1451.67 346.67
1451.5 765.5
1456.91 463.91
1459.5 203.29
1462.0 738.5
1463.29 609.0
1470.65 669.47
1472.09 109.64
1475.33 832.67
1479.0 57.5
1480.0 219.5
1481.17 1054.17
1486.5 967.5
1485.33 1047.67
1495.52 481.57
1492.17 110.5
1494.5 80.5
1498.67 660.33
1499.6 953.2
1500.0 843.5
1501.5 5.0
1501.8 466.4
1504.5 55.0
1503.67 361.33
1512.6 77.8
1515.0 362.5
1516.5 1047.0
1520.67 559.67
1522.5 56.0
1523.12 279.88
1526.98 593.59
1526.82 220.82
1525.5 925.0
1526.5 990.0
1536.76 789.45
1537.0 1053.73
1540.5 52.5
1545.0 17.5
1556.33 614.67
1563.5 475.0
1568.2 569.6
1569.0 367.5
1572.5 492.5
1572.0 879.5
1585.33 562.67
1585.71 672.0
1589.5 46.5
1594.75 779.67
1596.0 491.5
1597.5 476.29
1604.62 442.24
1609.41 234.72
1615.33 913.67
1616.5 695.0
1619.0 71.8
1621.12 421.12
1624.0 549.0
1626.5 1039.0
1627.0 1061.5
1630.0 360.71
1641.5 49.0
1646.62 828.38
1650.5 380.0
1655.67 994.56
1654.0 627.5
1655.4 42.8
1655.8 963.6
1661.25 539.0
1662.5 815.0
1663.6 635.2
1672.4 322.07
1670.04 370.6
1670.33 384.33
1681.33 46.33
1681.5 444.5
1687.0 13.18
1689.0 981.0
1698.38 464.62
1704.0 780.71
1707.6 67.2
1711.19 583.14
1717.25 940.0
1722.6 1051.8
1724.83 323.83
1726.5 928.78
1729.31 839.12
1731.5 485.0
1734.5 1007.0
1738.5 603.5
1743.0 335.25
1744.0 366.5
1744.89 584.67
1749.5 201.0
1756.33 101.67
1760.75 289.67
1765.0 811.0
1769.88 217.12
1774.0 713.0
1784.5 289.0
1791.88 916.12
1803.83 9.17
1805.0 740.0
1805.0 302.5
1809.0 525.0
1810.0 61.5
1810.67 364.83
1812.0 474.0
1814.5 484.5
1814.67 388.67
1817.5 611.0
1822.0 938.8
1825.67 421.33
1826.5 1072.5
1835.0 588.0
1841.38 143.0
1838.4 542.6
1839.4 562.2
1840.88 512.12
1848.54 1048.85
1852.21 689.0
1853.78 489.5
1855.5 99.83
1859.0 192.0
1859.0 507.0
1864.0 546.21
1870.5 600.0
1871.5 1064.5
1872.5 107.5
1876.8 229.4
1880.5 230.0
1880.5 295.5
1882.67 955.33
1884.0 1025.5
1890.0 802.29
1891.0 745.25
1899.5 257.5
1906.0 97.5
1906.5 877.0
1907.88 262.88
1909.67 653.67
1912.0 161.25
1914.12 195.88
1914.5 954.5
1916.5 1079.0
!