2.5 410.0
5.5 653.5
12.5 436.29
13.5 646.5
14.0 199.5
16.29 207.5
16.5 764.0
17.0 555.5
21.0 298.5
21.5 794.0
22.5 666.0
24.5 125.0
27.5 123.0
30.6 802.8
32.0 618.29
33.5 201.0
37.0 522.5
39.09 642.09
38.0 293.5
41.16 222.16
39.75 820.0
44.33 20.0
54.5 723.5
65.12 109.12
70.33 847.67
73.25 593.0
75.67 48.33
80.33 398.67
83.5 22.0
84.0 207.5
84.33 510.33
90.5 43.0
95.5 383.5
98.5 742.5
104.5 78.0
108.33 43.33
111.29 541.0
114.5 757.0
117.0 411.5
118.5 859.5
120.0 133.5
121.0 194.0
120.67 445.33
122.4 302.8
122.5 505.5
122.67 670.33
125.5 4.29
125.71 544.0
127.0 549.5
133.18 679.82
137.0 587.25
137.8 841.4
140.0 129.5
140.0 377.5
143.12 467.88
155.67 759.33
159.92 54.92
170.12 668.88
174.5 448.0
182.56 543.6
182.0 655.8
182.5 345.0
186.5 570.5
187.5 457.5
190.5 6.0
197.89 640.28
199.8 646.5
202.29 44.0
203.0 532.5
203.0 365.5
209.67 67.67
215.88 496.88
217.5 222.0
217.5 557.5
219.0 368.5
220.5 329.5
221.5 829.5
222.5 144.0
223.0 425.5
226.5 421.0
226.0 779.5
231.5 238.0
233.67 196.33
238.5 138.5
240.83 559.83
245.33 227.67
246.0 79.5
246.5 481.0
249.5 433.0
252.0 293.0
252.0 449.5
257.0 136.5
258.0 159.0
260.5 240.5
265.72 727.11
267.0 265.5
271.5 71.5
271.5 380.5
274.0 67.5
274.67 30.67
277.5 739.5
281.5 444.5
300.5 95.5
304.5 328.0
308.33 354.67
311.5 858.0
315.28 714.59
313.5 777.0
314.33 747.67
321.0 242.5
323.5 287.0
324.0 656.0
327.12 547.88
327.5 278.5
328.5 219.5
331.67 747.33
335.19 697.07
336.0 255.0
345.5 5.29
344.5 386.71
349.59 499.88
349.5 568.0
351.92 373.92
355.8 635.6
356.0 314.5
357.5 330.71
357.67 63.67
357.5 145.0
357.25 448.0
358.5 509.5
362.29 206.0
363.67 657.67
366.5 370.5
365.67 578.67
374.19 280.72
372.0 329.5
372.0 490.5
374.5 658.0
377.25 417.0
380.0 726.5
386.5 786.0
388.0 383.5
398.0 452.5
398.0 833.5
409.2 38.5
417.5 110.0
417.33 527.33
430.5 722.14
429.62 760.38
434.5 62.5
437.5 334.0
442.0 327.29
443.5 859.5
448.5 241.5
452.0 595.5
454.05 796.9
453.5 600.5
460.5 293.5
463.0 213.5
464.5 814.0
466.17 238.83
468.0 11.5
469.5 94.5
469.5 307.5
473.5 642.5
476.0 710.71
476.0 517.5
478.0 72.0
478.5 360.0
486.0 665.5
487.0 141.5
488.0 482.0
488.5 170.5
488.5 766.5
497.5 195.0
497.33 240.67
499.5 849.5
500.71 836.0
510.5 68.5
512.5 245.5
517.5 863.0
518.5 310.5
519.0 45.5
525.55 560.76
525.0 574.0
524.5 687.0
526.0 274.5
532.92 320.64
530.0 438.29
531.5 752.0
533.5 393.0
533.5 658.5
543.5 654.0
546.0 312.5
559.0 495.0
564.0 335.5
564.5 406.5
565.5 222.5
570.5 772.0
572.71 508.0
577.5 609.5
578.5 669.5
582.5 854.5
589.5 552.0
597.0 525.5
597.67 833.67
600.5 92.0
600.5 301.5
601.0 96.5
602.33 340.67
603.0 392.5
605.0 646.0
607.67 247.33
616.5 202.0
623.67 370.67
625.5 836.0
626.0 782.5
635.5 328.0
638.71 221.5
650.5 321.0
655.16 101.41
655.5 574.0
658.0 605.0
660.5 80.5
663.0 795.5
665.0 143.71
666.67 377.33
667.38 699.38
676.5 22.0
684.5 414.5
685.5 182.5
686.0 288.5
691.56 407.89
695.33 521.33
695.5 855.5
696.5 472.5
703.0 98.33
708.0 738.5
715.5 136.0
720.0 312.5
720.0 423.5
721.8 583.4
723.0 248.5
726.0 785.25
728.75 57.38
734.0 132.5
736.0 490.29
737.5 238.5
738.5 724.0
741.5 165.0
742.0 306.71
744.0 817.0
744.0 531.5
755.36 138.09
756.62 724.38
766.0 325.0
770.5 582.0
774.5 483.5
777.5 775.0
781.5 104.5
788.0 254.5
790.0 324.0
787.5 769.5
789.83 360.17
790.0 470.0
789.5 850.5
790.5 436.0
792.5 144.5
802.33 794.67
804.5 556.5
806.0 709.0
809.0 829.0
812.0 227.5
814.0 862.75
815.5 146.0
816.5 704.0
820.0 235.25
820.5 331.0
820.5 509.5
824.0 17.5
828.5 714.0
833.89 433.67
834.5 412.0
835.83 222.17
837.5 211.5
837.75 785.0
842.67 317.33
843.17 635.17
846.5 484.0
847.0 17.5
848.5 435.0
853.5 666.0
853.5 744.0
854.5 391.0
854.5 518.5
858.0 401.5
862.63 500.63
864.0 530.5
865.5 26.5
866.0 43.5
871.11 107.27
870.0 850.5
873.0 79.5
878.5 124.5
878.0 351.5
879.5 476.0
889.0 161.0
888.0 288.0
889.0 345.5
889.33 590.67
890.5 618.5
896.0 551.5
906.0 80.5
906.0 791.5
912.0 714.0
920.0 226.0
920.0 466.5
924.5 256.5
927.5 348.0
928.0 618.5
933.0 713.5
942.0 542.5
952.0 195.25
954.71 224.0
955.5 493.29
955.5 399.0
959.5 406.5
959.5 777.0
962.4 640.8
964.0 373.5
965.0 215.5
968.33 191.67
974.5 589.5
975.5 76.5
977.5 361.0
981.5 469.5
991.33 257.33
997.03 569.21
1001.2 272.4
1003.5 234.0
1003.67 440.67
1003.5 827.0
1005.0 431.0
1008.12 20.12
1008.5 370.5
1011.33 164.33
1012.0 472.5
1017.92 364.67
1018.5 856.0
1019.71 530.0
1019.5 672.5
1022.75 779.33
1021.5 833.5
1024.37 650.21
1025.33 238.33
1026.0 11.5
1026.71 520.0
1029.5 678.0
1031.0 602.5
1033.5 84.0
1037.75 510.33
1037.5 533.0
1045.08 586.78
1045.0 62.0
1052.67 304.33
1056.5 409.5
1062.09 669.78
1062.0 639.5
1064.4 34.47
1064.0 648.5
1067.33 222.33
1068.5 787.5
1071.14 330.81
1070.5 436.0
1075.0 398.5
1076.83 688.83
1076.0 693.5
1078.0 112.0
1082.5 249.0
1084.33 822.33
1092.29 218.0
1100.33 46.67
1100.33 201.33
1100.5 229.5
1101.5 665.0
1108.0 125.5
1111.5 663.0
1118.2 265.24
1115.65 741.65
1114.0 387.5
1114.5 520.5
1128.5 760.5
1127.0 724.29
1131.5 802.5
1135.5 441.5
1139.5 445.0
1139.5 821.0
1140.67 844.33
1142.0 787.5
1145.0 771.5
1147.67 457.67
1148.8 715.5
1151.5 522.0
1152.88 769.88
1160.0 389.29
1161.0 69.5
1162.5 481.5
1165.0 86.5
1166.0 207.5
1169.66 598.38
1168.0 300.5
1169.25 203.0
1176.5 377.5
1183.67 269.33
1183.5 378.0
1185.0 20.5
1187.5 195.5
1189.33 703.33
1190.67 16.33
1192.0 516.5
1192.0 580.5
1195.5 62.5
1196.0 238.29
1196.67 618.67
1197.0 11.5
1197.0 488.5
1197.88 634.12
1200.0 14.5
1208.0 714.0
1211.67 496.33
1215.5 761.0
1217.17 237.83
1219.0 552.2
1219.0 616.5
1219.0 403.5
1220.67 494.33
1224.67 376.0
1225.0 17.5
1231.5 152.0
1237.5 418.5
1238.0 314.5
1242.5 181.0
1244.5 806.0
1248.33 101.67
1249.33 533.67
1250.5 714.5
1254.5 848.5
1253.5 704.0
1255.5 734.2
1260.5 598.0
1260.5 793.0
1265.0 383.0
1270.0 443.17
1268.5 672.5
1270.5 623.5
1271.33 705.33
1283.9 618.28
1282.5 520.0
1284.0 272.5
1285.5 17.5
1288.0 697.0
1288.0 112.5
1293.0 52.5
1295.33 135.67
1297.67 167.33
1300.0 71.5
1300.67 111.33
1301.67 129.33
1308.0 109.5
1319.17 630.17
1319.71 281.0
1320.0 478.5
1324.0 38.75
1323.5 405.5
1323.67 675.67
1324.67 18.33
1324.5 456.0
1326.67 511.33
1329.67 154.67
1333.0 146.5
1334.33 135.33
1336.0 56.5
1336.33 61.33
1336.67 497.67
1340.33 6.33
1340.0 231.5
1340.0 425.5
1342.17 540.83
1345.5 508.0
1345.5 587.5
1346.5 272.0
1346.0 836.5
1347.5 249.5
1348.0 75.5
1354.5 822.5
1358.67 671.67
1361.0 645.71
1366.0 399.5
1366.5 682.0
1367.5 860.5
1368.0 746.5
1377.0 219.5
1379.4 94.8
1381.0 216.5
1383.5 57.0
1384.0 437.5
1389.5 457.5
1390.0 506.5
1390.5 795.0
1393.0 150.75
1392.75 317.0
1396.0 54.5
1396.0 246.5
1398.63 380.21
1399.5 653.5
1403.5 690.5
1405.0 487.71
1405.33 658.67
1409.0 276.29
1410.5 760.0
1412.0 608.5
1413.0 50.5
1414.0 280.25
1426.0 790.5
1434.29 398.29
1434.0 696.5
1435.5 589.0
1437.5 128.5
1439.5 252.0
1442.71 264.0
1443.5 833.5
1445.5 541.0
1450.0 28.5
1452.33 187.33
1453.5 10.5
1456.0 849.5
1459.5 465.0
1459.0 639.5
1463.0 122.5
1465.5 663.5
1466.0 795.5
1468.71 602.0
1470.0 282.5
1478.0 616.5
1481.5 568.0
1485.0 634.5
1488.5 296.0
1495.0 575.5
1503.67 195.33
1503.0 450.5
1503.5 618.5
1508.33 264.67
1511.0 8.5
1511.5 188.5
1511.0 492.5
1514.5 99.5
1516.33 248.67
1520.5 148.5
1522.5 534.5
1522.0 851.5
1523.0 749.5
1523.6 801.8
1529.0 155.5
1530.5 193.5
1530.33 112.33
!