1.0 330.0
6.17 123.83
12.34 1003.0
13.0 739.75
15.0 1072.0
17.5 928.71
17.67 151.67
21.25 313.0
22.29 1077.0
32.5 719.21
32.5 330.0
39.0 941.5
45.0 862.5
47.5 582.5
48.67 638.67
51.5 150.0
52.67 649.67
57.5 253.5
58.5 841.5
64.5 845.0
66.11 607.33
70.8 451.4
75.5 10.8
75.0 198.5
76.0 389.25
86.06 576.58
83.75 862.0
84.33 228.67
84.5 849.0
88.67 459.25
89.0 274.0
91.0 625.68
90.8 27.6
97.5 815.0
99.0 264.0
100.0 627.5
105.8 778.0
105.67 371.33
106.29 1076.5
108.06 768.88
108.0 756.0
111.0 417.5
113.79 78.43
115.0 413.0
118.0 111.5
118.6 787.2
123.29 1065.0
123.6 348.2
127.0 45.75
130.0 925.5
135.4 653.2
143.67 233.67
145.15 301.46
146.5 420.0
147.17 537.83
148.36 1044.91
150.0 977.5
150.0 1011.5
155.34 89.0
155.4 489.8
160.0 795.0
161.0 990.0
161.5 279.0
162.76 529.76
169.67 411.33
169.5 880.5
173.0 590.59
171.5 628.0
173.2 95.4
175.88 232.12
176.5 78.5
177.5 421.78
176.4 937.2
185.0 122.5
189.5 368.5
189.5 415.5
196.4 57.2
200.5 393.0
203.17 576.83
204.67 311.75
206.0 413.29
209.29 243.0
213.0 1058.5
221.0 34.5
220.0 56.5
221.17 867.83
222.5 684.5
229.76 955.76
227.5 551.0
227.5 754.0
228.5 269.0
230.88 1014.88
231.5 851.5
236.0 4.29
236.5 1071.29
237.0 680.8
236.67 958.33
242.33 125.67
247.32 895.1
246.33 658.67
246.5 848.0
256.8 296.0
262.0 764.5
266.83 172.17
267.67 657.67
269.5 317.5
272.5 667.0
274.4 327.6
274.82 340.18
276.0 675.0
276.5 735.0
282.5 71.5
282.5 663.5
283.67 1038.67
286.0 467.5
287.5 849.0
288.67 531.33
290.88 656.88
295.29 493.0
297.0 215.0
301.33 679.33
304.0 780.0
307.5 766.0
315.4 1065.96
314.0 967.5
315.5 252.5
315.0 656.5
315.33 837.67
321.6 117.44
323.8 672.6
328.25 299.75
329.0 376.0
335.5 44.0
335.0 93.0
338.17 428.17
361.13 376.47
360.0 447.5
360.33 452.67
360.0 759.5
369.5 751.5
372.5 124.0
374.83 295.17
389.5 989.0
391.5 219.5
394.29 757.0
394.5 734.0
394.0 1066.5
395.0 86.5
400.0 235.0
404.5 270.5
409.0 174.5
411.8 636.4
413.0 760.5
413.5 79.0
413.67 955.33
417.67 925.33
421.5 477.5
426.6 692.8
427.5 740.5
429.0 879.17
434.64 890.45
438.67 786.33
442.67 676.33
446.5 1004.0
447.5 805.0
447.5 1006.5
448.62 1024.38
448.5 124.0
449.38 791.62
453.33 972.67
454.83 576.17
458.5 607.86
457.2 430.4
465.88 736.54
464.75 567.0
465.88 579.12
467.29 258.0
469.47 1048.87
470.72 470.11
469.0 847.5
472.0 400.5
472.5 59.0
476.0 514.5
476.0 618.0
475.0 870.5
476.0 21.5
478.89 252.28
483.33 814.17
488.2 199.4
487.67 236.33
492.67 396.33
493.5 157.5
514.0 68.29
513.5 620.0
516.0 928.29
516.5 843.5
522.5 729.0
525.33 96.33
529.07 975.19
528.0 56.5
531.59 815.12
531.71 81.0
533.5 822.71
536.5 860.14
534.0 96.0
535.36 970.09
536.2 1010.4
538.33 759.83
539.33 100.33
540.0 202.5
548.36 905.2
543.6 747.2
552.5 779.71
547.5 787.5
548.5 400.0
550.15 510.46
549.0 651.5
551.33 604.33
554.64 968.55
554.4 957.2
555.0 717.5
555.88 1043.12
560.33 762.67
562.29 546.0
563.29 1016.0
564.5 677.0
566.5 295.0
566.33 822.67
567.67 36.33
568.29 776.5
568.67 848.67
571.5 334.0
576.0 658.71
575.5 1068.5
577.0 370.2
582.15 294.46
583.5 460.0
582.5 763.5
584.0 124.0
586.0 437.5
592.5 540.0
594.76 570.24
597.5 237.5
600.0 83.5
602.5 129.0
606.0 820.5
607.5 494.5
610.66 430.62
615.88 707.88
620.8 518.6
620.5 837.5
625.33 648.67
630.5 388.5
635.0 578.5
639.33 405.33
641.5 511.5
645.68 762.68
650.0 822.5
651.5 69.0
657.0 453.0
656.88 799.88
657.88 245.88
660.8 675.4
662.5 596.5
670.0 507.5
678.46 884.6
675.36 80.91
674.0 536.5
674.67 830.67
676.8 816.4
681.0 363.0
680.5 430.0
681.5 906.0
684.62 982.38
686.0 542.5
690.33 596.33
690.33 678.67
691.0 985.71
704.67 343.11
706.0 244.29
710.0 835.0
709.67 883.67
709.5 943.5
710.0 156.5
714.21 942.37
716.5 146.0
715.78 164.33
716.5 784.0
719.0 334.0
720.0 840.71
720.8 811.4
722.5 875.0
725.36 110.91
726.5 658.0
730.4 517.8
731.0 761.5
733.0 407.5
736.5 571.0
736.5 995.0
739.4 950.8
742.5 909.5
746.5 294.0
747.29 919.5
750.0 883.5
752.6 215.8
756.33 381.33
757.0 717.5
756.5 960.0
759.17 468.83
759.0 701.5
760.71 689.0
763.0 236.71
764.0 467.29
765.88 826.88
771.5 354.5
781.33 270.33
781.5 845.0
783.0 137.0
795.4 137.2
795.0 836.5
797.5 335.5
798.0 343.29
799.0 772.5
802.29 712.0
804.38 934.62
805.91 685.36
806.33 338.33
809.25 431.0
824.0 227.5
831.5 167.0
836.0 897.5
837.85 840.46
837.67 82.67
840.5 130.0
850.5 844.0
850.33 850.33
851.33 487.67
854.0 102.5
857.29 980.0
857.5 594.5
862.5 532.5
863.0 377.5
865.0 298.5
867.0 630.71
871.0 138.29
870.88 264.88
870.6 500.0
875.71 924.0
877.71 691.5
879.0 241.5
884.14 440.44
885.33 914.33
886.62 922.62
886.5 505.0
891.5 1035.0
894.12 620.88
894.0 796.5
901.5 204.69
899.67 985.33
902.0 69.2
904.8 990.0
906.33 506.33
907.0 534.5
912.33 719.11
913.0 184.0
912.5 914.0
922.0 506.0
932.5 907.5
935.0 565.5
943.08 135.16
939.5 865.33
940.0 831.5
941.88 1019.12
943.5 218.0
947.07 747.35
944.67 1059.33
946.67 194.17
948.2 832.6
950.0 685.5
951.5 950.5
953.4 273.4
956.5 246.5
957.5 304.71
959.0 959.5
970.0 1072.5
972.2 507.6
973.5 226.0
976.38 552.62
978.0 816.0
978.0 1074.5
978.5 417.0
979.2 485.4
982.5 995.5
983.0 67.75
982.5 418.0
985.0 127.5
985.0 637.5
986.33 649.67
993.67 1014.33
994.0 862.5
996.5 36.5
999.67 13.67
1000.0 626.29
1000.0 476.5
1001.0 999.29
1007.5 801.5
1009.0 773.29
1009.5 1068.0
1014.5 950.5
1015.0 373.5
1019.5 557.5
1026.5 843.5
1028.53 581.87
1029.0 587.5
1035.5 639.0
1038.2 140.4
1038.5 510.0
1038.5 979.0
1039.83 832.17
1044.0 359.0
1045.36 556.91
1044.0 948.5
1048.0 143.0
1048.5 337.5
1051.5 821.5
1053.0 264.25
1055.4 817.2
1059.17 294.17
1062.0 978.5
1065.88 883.12
1067.79 982.5
1072.0 918.2
1071.5 927.5
1074.91 778.91
1078.55 950.0
1079.12 827.12
1080.5 342.0
1080.2 986.5
1081.0 572.0
1081.0 818.0
1081.0 840.5
1086.0 312.0
1085.33 736.33
1086.5 629.0
1087.5 441.0
1089.0 320.25
1089.78 596.5
1089.5 408.5
1089.0 931.5
1094.0 757.0
1097.67 826.33
1099.8 801.0
1102.0 743.75
1102.5 715.0
1102.67 996.33
1110.0 950.5
1110.33 1077.67
1114.5 854.0
1122.5 607.24
1123.0 201.25
1128.2 453.6
1134.75 857.0
1136.0 29.71
1135.0 332.5
1140.71 823.0
1142.12 982.12
1144.0 870.71
1147.5 858.0
1155.29 700.0
1157.0 1001.5
1158.75 569.0
1161.04 377.67
1164.0 827.5
1162.5 1050.0
1168.2 903.6
1169.0 916.83
1171.4 127.04
1171.0 299.75
1174.0 457.0
1188.5 260.0
1192.0 394.0
1193.12 740.88
1193.12 945.88
1197.12 862.12
1201.5 44.0
1202.5 139.0
1205.0 1015.25
1209.5 212.0
1210.33 509.33
1216.35 796.43
1214.0 876.5
1218.0 166.71
1220.5 588.0
1222.5 1034.0
1227.33 844.67
1229.0 831.5
1231.5 351.5
1244.0 337.0
1244.0 315.5
1244.5 988.5
1250.4 896.2
1253.0 103.29
1253.2 273.6
1254.5 119.0
1256.33 215.33
1256.5 894.0
1257.0 1063.75
1259.0 1053.75
1261.4 853.2
1263.0 657.29
1273.0 1051.0
1275.91 42.91
1281.0 577.29
1280.0 726.5
1282.8 22.0
1283.0 964.75
1289.29 324.0
1290.62 225.38
1292.5 126.5
1294.0 108.5
1296.5 516.5
1300.33 1010.33
1303.25 398.25
1305.17 850.17
1305.0 671.5
1308.0 66.29
1310.0 657.5
1316.0 503.15
1318.14 772.5
1317.0 617.5
1320.0 342.0
1324.0 573.5
1326.5 922.0
1329.6 463.2
1330.84 573.84
1330.0 1011.25
1334.0 74.5
1333.67 248.33
1338.5 85.29
1339.0 515.25
1341.5 797.5
1344.81 721.81
1343.67 907.67
1349.4 796.2
1350.25 160.0
1352.89 489.72
1351.5 536.5
1351.5 686.5
1352.5 75.0
1357.0 1008.5
1371.25 873.25
1374.43 318.55
1372.5 397.29
1381.0 721.71
1384.0 635.0
1384.0 881.0
1385.33 640.33
1388.2 897.6
1392.0 660.0
1397.0 384.0
1402.0 74.25
1404.17 711.17
1405.0 329.5
1405.0 432.5
1408.0 334.79
1408.33 1070.17
1409.0 155.5
1412.6 239.2
1413.0 278.0
1412.5 656.5
1413.6 1059.8
1417.75 250.75
1424.5 489.33
1420.88 701.88
1421.83 746.17
1425.0 106.5
1425.0 867.5
1425.0 985.5
1426.5 1002.5
1429.5 1016.0
1442.5 880.0
1444.0 860.5
1450.11 539.28
1448.0 1061.5
1464.0 512.0
1466.33 610.33
1474.12 1041.88
1476.0 353.5
1482.0 990.0
1485.35 835.65
1483.5 899.0
1487.5 259.0
1487.5 872.5
1488.5 971.5
1489.67 725.33
1498.38 748.38
1502.0 494.29
1501.5 609.0
1506.5 839.0
1509.0 265.5
1507.75 918.0
1509.0 679.5
1510.5 759.5
1513.5 822.5
1515.0 172.5
1516.5 1034.0
1520.33 81.89
1528.36 258.09
1527.5 443.5
1528.33 769.89
1528.0 1029.5
1530.38 96.62
1532.2 1044.9
1532.5 669.5
1534.5 794.5
1535.0 71.5
1540.29 417.5
1540.5 1048.5
1546.0 1031.5
1547.5 736.5
1553.0 39.5
1555.0 246.5
1562.5 894.5
1563.0 541.5
1564.0 756.5
1568.29 948.0
1573.0 53.75
1576.5 984.0
1578.0 96.5
1584.33 400.75
1583.75 494.0
1588.0 921.25
1594.5 488.0
1597.5 784.5
1606.17 211.1
1604.33 901.33
1609.62 883.38
1611.5 1074.0
1613.2 684.4
1616.17 1041.74
1616.2 785.4
1616.38 858.38
1617.0 528.5
1622.5 750.0
1627.81 176.94
1627.5 665.5
1630.18 949.82
1632.5 920.0
1635.0 516.5
1638.78 1059.11
1639.6 196.8
1641.25 573.38
1645.71 133.5
1650.5 674.5
1650.0 1000.5
1664.71 615.0
1678.5 611.5
1682.0 236.0
1681.33 501.33
1681.33 742.67
1683.5 910.0
1686.5 440.0
1688.67 122.67
1689.83 885.67
1692.0 313.0
1700.5 806.0
1700.5 848.0
1700.0 976.5
1701.5 971.5
1702.88 662.88
1705.02 824.41
1706.0 500.0
1709.0 754.24
1713.33 875.14
1711.5 1041.5
1717.5 991.0
1718.67 957.67
1726.33 899.33
1732.86 80.57
1728.12 857.88
1731.5 230.0
1732.5 551.71
1739.4 260.2
1741.43 715.14
1740.8 886.4
1747.0 607.0
1749.5 209.5
1749.5 296.0
1752.5 109.5
1753.0 744.0
1754.0 833.5
1756.5 625.0
1774.0 726.5
1779.09 1010.24
1782.12 55.12
1782.67 810.33
1783.75 636.0
1783.33 831.33
1785.0 678.29
1784.0 974.5
1787.2 988.0
1788.5 3.5
1796.5 661.5
1797.5 803.5
1802.86 420.76
1803.67 329.33
1814.0 740.5
1817.0 750.0
1816.0 778.5
1819.09 991.36
1823.6 436.8
1831.5 649.5
1832.5 722.0
1832.67 21.33
1834.5 309.0
1834.5 1040.5
1839.0 1012.5
1840.67 574.33
1842.0 512.5
1841.8 625.4
1842.5 874.5
1844.5 1042.0
1862.2 218.6
1865.53 162.87
1870.0 759.29
1871.12 1033.12
1875.78 356.5
1890.0 135.5
1890.5 736.5
1893.62 818.62
1893.0 973.0
1894.33 18.67
1898.0 156.25
1897.8 415.4
1897.5 586.5
1915.0 80.0
!