0.25 245.0
0.5 400.0
3.5 792.0
4.0 862.5
4.5 138.0
5.5 647.0
6.0 509.5
8.67 705.67
12.33 530.33
13.83 751.17
23.5 623.0
24.5 100.0
24.67 806.67
26.33 735.33
27.5 281.5
27.67 366.33
29.5 442.5
29.5 777.5
29.33 822.67
32.0 391.5
35.61 220.82
33.67 464.33
34.0 180.5
37.33 671.33
43.13 106.13
43.5 587.0
45.0 640.5
47.5 768.5
48.5 454.0
49.67 760.33
52.5 140.0
52.0 637.5
59.29 41.0
59.67 829.33
69.5 748.5
70.5 783.0
71.5 343.5
71.33 770.67
73.0 208.5
74.18 235.18
74.0 523.5
76.5 126.0
77.5 554.0
91.45 351.94
88.5 787.5
94.0 816.71
95.5 481.5
98.5 375.0
99.17 395.17
98.0 692.5
98.0 795.5
99.5 276.5
100.5 126.0
100.33 443.33
105.0 273.5
108.5 140.0
113.25 401.25
113.0 463.5
114.0 772.71
116.0 862.0
117.5 372.0
118.5 522.0
118.4 845.2
122.5 374.0
128.91 547.81
123.0 783.5
123.5 861.0
126.2 285.6
129.0 465.5
133.5 366.0
133.0 779.5
141.5 320.0
142.5 472.0
144.5 188.5
144.0 431.5
145.67 144.33
147.5 784.5
149.33 656.33
152.5 207.0
153.5 93.0
154.5 836.0
156.5 387.0
157.5 321.0
160.0 746.0
161.5 257.0
162.17 598.83
161.0 699.5
163.5 463.0
164.5 253.5
166.5 419.0
172.59 309.98
173.0 201.5
173.0 647.5
175.0 161.5
175.5 464.5
176.0 256.5
176.5 571.0
181.5 351.0
181.0 658.5
182.5 93.5
183.5 159.0
183.5 733.5
186.67 566.33
187.0 3.5
187.67 668.33
188.83 80.17
188.0 742.5
189.67 584.33
191.0 22.5
191.0 502.5
192.25 655.0
193.33 194.67
195.5 124.0
195.5 234.0
196.0 336.5
199.5 500.0
197.5 673.0
198.5 387.0
202.33 196.33
203.5 629.0
205.0 811.5
208.0 729.5
209.62 860.62
209.5 65.0
210.5 564.0
212.75 387.0
212.0 786.5
213.5 39.0
215.2 331.8
217.94 481.43
219.0 699.5
219.0 742.5
220.0 545.5
221.67 134.67
222.5 665.5
222.0 678.5
223.0 15.5
225.0 776.33
226.0 126.5
225.5 302.5
226.5 808.0
229.5 20.0
230.5 164.71
229.5 188.0
230.5 85.0
230.0 579.5
232.71 127.5
232.88 18.12
233.5 526.0
233.0 792.5
234.0 76.5
236.5 502.5
238.0 573.5
243.57 771.77
244.0 598.5
246.5 617.5
246.0 686.5
247.5 490.5
248.33 495.33
250.5 19.5
253.0 104.5
253.29 133.0
253.0 296.5
253.67 689.67
254.0 768.71
255.0 393.0
254.67 605.67
257.5 410.5
257.5 613.5
258.5 609.5
259.0 59.5
261.0 682.0
262.91 255.78
262.33 770.33
264.5 58.0
264.0 587.5
268.27 344.53
265.5 615.0
266.71 792.0
269.5 444.0
272.0 371.5
272.67 815.67
276.29 540.0
276.0 37.5
277.12 76.12
277.5 206.5
277.5 413.0
278.0 330.5
282.5 510.5
285.5 339.0
289.72 149.41
292.59 551.47
287.67 824.67
288.5 440.5
294.67 153.89
295.5 673.0
301.0 393.5
302.8 459.0
301.33 539.67
302.5 318.0
307.0 592.09
306.0 420.5
310.0 254.5
313.5 500.0
315.0 482.25
314.0 772.5
315.0 276.5
318.5 760.0
319.5 446.0
320.5 525.5
321.5 779.5
324.5 244.5
324.33 813.33
328.0 205.5
329.0 770.5
332.5 510.0
333.29 540.5
336.0 36.29
336.0 323.5
336.5 447.5
336.67 853.33
337.5 656.0
339.5 435.5
343.78 173.04
344.17 571.83
344.0 28.5
345.0 536.5
354.67 705.5
351.5 194.5
351.33 450.67
351.5 584.0
354.9 684.26
353.0 111.5
353.0 405.5
354.0 447.71
354.5 604.0
355.0 755.5
357.0 233.71
357.09 343.36
356.67 655.33
357.5 274.0
362.0 435.75
362.5 657.0
362.0 811.5
364.5 100.0
364.5 304.5
364.5 515.0
366.5 202.0
367.5 139.5
370.5 366.0
373.5 539.0
373.5 752.0
377.25 139.62
377.0 611.5
377.5 664.5
379.33 144.67
382.62 140.12
381.5 825.5
383.0 149.0
389.24 619.09
387.5 234.0
387.0 456.5
387.4 746.2
388.5 123.0
389.38 342.62
390.49 562.74
389.0 808.5
391.0 174.75
390.8 408.4
390.33 599.67
390.5 749.5
391.0 711.5
393.5 57.0
395.0 500.71
395.5 622.0
396.5 115.5
397.67 258.67
398.0 509.5
399.0 520.5
401.0 437.5
404.06 140.58
402.0 442.5
403.5 205.5
404.0 502.5
405.67 560.33
405.5 617.5
406.5 490.5
407.88 133.12
407.0 641.5
408.0 97.5
409.67 814.33
410.5 798.5
412.67 358.33
412.5 403.5
414.5 824.5
415.5 644.0
415.5 772.0
419.5 441.5
418.0 609.5
419.29 329.5
420.28 487.11
424.5 676.83
423.5 62.0
423.5 496.0
423.5 586.0
423.5 792.0
424.0 234.5
425.0 284.5
425.83 589.17
427.5 623.71
427.0 294.5
428.5 156.5
429.0 86.5
433.67 534.25
432.5 717.0
436.5 196.0
436.0 332.5
436.0 387.5
437.8 683.6
439.5 118.0
440.5 132.5
443.5 84.5
443.0 237.5
446.71 157.0
446.0 560.5
448.5 382.0
449.5 257.0
449.5 332.5
450.0 11.5
451.5 247.5
455.0 22.71
455.5 724.0
456.5 306.5
458.71 467.29
459.67 422.33
459.5 497.0
462.33 549.33
463.5 48.0
463.0 663.5
466.33 315.67
466.5 419.5
468.0 692.5
471.0 774.24
469.5 85.5
469.5 291.5
472.5 266.71
471.5 479.0
472.0 190.5
475.0 393.5
477.33 459.89
477.5 123.5
477.0 484.5
478.5 181.5
482.8 276.6
483.17 613.17
482.5 761.0
484.25 106.67
483.5 285.5
484.8 468.33
483.4 701.8
486.0 792.5
486.5 150.5
486.67 383.67
486.5 622.0
488.0 46.5
488.4 492.2
488.5 672.5
489.47 702.87
489.0 807.71
489.67 326.67
492.5 201.5
491.0 385.5
495.88 310.12
497.0 425.0
497.33 393.33
499.67 188.33
499.5 284.5
500.0 610.5
501.6 248.2
502.5 549.5
504.5 604.0
507.5 439.0
507.88 460.12
508.5 261.5
510.5 221.0
510.5 798.0
511.0 356.5
514.5 204.5
514.5 802.0
516.5 263.0
522.46 706.8
519.59 309.28
518.33 404.67
520.5 366.5
521.5 688.5
523.0 804.0
524.24 128.76
524.53 649.65
526.0 742.0
527.5 579.0
528.33 536.33
528.5 750.5
528.5 807.0
533.5 818.5
533.5 510.0
533.0 723.5
534.33 371.67
537.12 807.59
536.5 486.0
538.0 456.5
541.0 207.17
541.5 573.5
540.67 812.33
541.5 373.5
541.33 426.67
542.5 662.5
544.2 250.6
545.0 615.0
545.5 238.5
545.5 833.0
547.5 604.5
549.0 318.0
549.0 216.5
550.5 425.0
552.0 109.5
559.95 536.54
556.5 828.0
557.5 37.5
557.67 560.33
558.5 69.0
560.31 521.59
560.0 113.5
561.0 435.75
560.5 483.0
562.0 599.83
561.5 118.0
561.0 146.5
561.5 398.0
562.67 101.33
563.0 92.5
563.33 693.33
566.5 392.0
569.89 174.72
569.5 391.5
570.33 133.33
571.0 76.5
571.5 607.5
571.67 762.33
572.5 727.0
573.5 199.5
576.5 472.67
574.67 822.33
577.0 492.5
577.33 543.67
578.67 697.33
579.33 136.67
579.5 694.0
580.0 394.5
580.33 676.67
581.5 350.0
583.5 648.83
584.29 489.0
583.0 720.5
585.0 765.29
585.5 742.0
588.5 632.0
588.5 849.0
589.0 417.5
589.5 451.5
590.67 344.33
591.5 747.5
592.5 809.5
594.82 6.18
593.0 305.5
593.5 479.0
597.05 605.47
594.5 458.0
597.0 615.5
598.11 756.72
597.33 548.67
598.0 19.5
599.67 486.33
601.34 589.0
599.5 690.0
601.0 456.29
604.0 447.0
603.0 579.5
603.5 659.0
604.5 755.5
606.5 829.0
608.0 627.5
609.29 743.0
609.33 506.67
610.5 793.0
611.0 285.5
611.5 771.5
612.67 36.33
612.0 76.5
612.0 329.5
616.5 241.0
617.33 377.75
616.5 767.0
617.5 18.0
618.5 572.5
618.6 631.8
621.5 413.5
621.33 626.33
622.0 0.5
622.0 268.5
623.5 27.0
624.5 806.0
626.0 761.0
626.67 97.33
626.5 177.0
627.5 354.0
627.0 641.5
627.5 722.0
628.67 287.67
629.29 293.0
631.64 198.29
629.33 312.67
631.5 160.0
636.5 632.0
637.0 703.5
637.5 783.0
639.38 544.62
638.5 754.0
639.5 68.5
640.0 28.5
640.33 273.33
640.5 680.5
642.0 646.5
643.5 31.5
644.0 18.5
644.5 289.5
646.0 498.75
651.96 589.09
647.5 376.5
648.0 177.5
648.0 559.5
649.0 631.5
652.5 42.5
652.5 675.0
652.5 841.0
656.13 6.6
656.5 354.0
656.5 641.5
657.6 49.2
658.62 490.62
658.5 783.5
659.5 706.0
663.88 533.88
663.0 565.5
664.0 599.0
664.33 420.33
665.5 710.0
666.33 65.33
666.0 104.5
667.0 474.5
669.5 523.0
670.0 46.5
675.67 15.33
675.88 753.12
676.0 38.5
676.5 350.5
677.0 398.5
678.5 374.5
680.12 420.88
681.5 45.0
681.5 616.0
686.0 174.18
683.5 76.5
684.5 391.0
685.0 786.5
687.33 802.67
688.5 805.0
690.0 2.5
690.0 757.5
696.58 489.52
691.5 537.5
692.5 188.5
695.5 215.5
698.5 518.5
702.5 6.5
703.5 251.5
704.33 476.67
710.11 647.45
707.0 469.5
708.25 476.5
707.5 599.5
711.33 620.33
713.0 417.5
714.38 542.62
713.5 571.0
714.67 164.67
714.33 320.67
714.5 638.0
715.5 434.0
715.5 515.0
717.0 367.0
716.0 752.5
717.0 159.5
717.0 576.5
719.12 668.88
719.5 334.5
720.0 423.5
719.0 443.5
720.12 861.12
721.0 348.29
722.0 150.5
722.67 457.67
723.5 753.0
724.43 770.43
726.0 403.71
725.5 730.0
727.0 461.5
727.33 665.33
728.33 645.67
728.0 715.5
729.5 861.5
736.88 687.19
732.5 591.0
734.0 365.5
734.5 832.5
735.5 190.0
735.6 491.2
736.38 550.38
736.5 765.5
738.0 256.5
740.5 617.5
741.5 755.5
744.82 519.82
744.12 631.88
744.0 222.5
744.5 382.0
744.5 463.5
747.5 426.5
748.5 230.5
749.0 320.29
756.81 228.43
753.5 443.5
757.0 112.29
760.24 455.05
759.5 333.0
761.76 347.0
759.5 554.0
759.71 796.0
759.5 846.0
761.5 426.0
762.5 420.5
765.5 176.5
765.5 689.5
767.0 357.5
768.5 144.0
769.0 116.5
774.94 502.74
775.03 34.76
771.5 217.0
771.0 261.5
772.5 796.5
774.4 492.8
774.0 750.5
775.0 96.5
777.0 516.29
777.0 431.5
778.67 4.67
778.67 79.33
780.5 350.5
779.5 670.5
782.5 303.18
781.5 522.0
784.5 609.5
787.33 39.33
787.33 577.33
788.33 196.33
788.0 387.5
794.0 80.5
795.5 2.5
795.0 430.5
796.5 488.0
796.5 593.0
797.0 811.5
802.5 304.0
803.0 705.5
803.5 776.5
804.5 377.0
805.29 564.0
805.5 792.71
805.5 121.0
805.5 374.0
809.69 824.05
810.25 229.67
809.33 624.33
810.83 237.83
813.5 56.0
813.0 127.5
814.0 500.0
814.5 675.0
815.5 687.5
818.33 575.33
819.0 717.25
821.5 59.5
821.5 658.0
823.5 155.0
822.33 465.33
824.5 196.0
829.33 66.33
830.0 89.5
830.0 235.5
832.5 764.0
835.5 246.5
838.88 381.12
840.5 710.5
842.0 41.5
843.76 127.38
843.0 373.5
844.8 337.6
844.0 681.5
846.0 764.17
845.0 289.5
846.5 797.0
846.5 131.5
858.3 216.11
847.5 366.0
848.0 372.0
851.48 141.67
850.17 750.17
849.0 791.5
850.5 375.5
850.5 383.0
851.5 369.0
852.0 475.8
853.33 233.67
854.12 625.12
854.62 769.0
857.4 275.8
857.5 822.0
860.0 287.5
860.5 306.0
862.0 329.5
862.5 436.5
862.5 635.0
863.8 555.6
867.5 698.5
867.5 833.0
868.0 664.5
872.0 190.5
872.0 409.5
872.5 414.5
872.0 792.5
876.0 437.0
877.0 182.5
878.33 467.33
879.67 99.67
879.0 178.5
880.5 637.0
881.5 437.0
882.67 753.33
883.5 836.0
885.33 352.67
887.5 158.5
887.67 189.33
889.0 355.25
890.0 661.5
890.0 840.5
894.62 746.62
900.5 41.5
903.0 486.0
904.67 239.33
908.25 819.75
914.72 117.81
912.5 644.0
913.33 273.67
914.0 481.5
914.5 36.0
914.0 815.5
917.5 199.5
918.7 223.3
919.0 679.5
919.5 802.5
923.64 276.08
926.5 229.0
926.5 684.5
927.5 130.0
928.0 431.5
928.5 596.0
928.5 638.0
933.67 315.5
930.0 444.71
930.88 73.12
932.33 531.67
933.71 835.5
933.5 503.0
935.5 733.5
937.29 292.5
936.5 325.0
939.0 86.2
939.0 569.5
941.0 425.71
943.95 458.93
942.5 716.0
943.67 816.67
944.67 194.33
948.0 190.5
949.33 11.33
949.5 366.5
950.85 809.46
951.5 589.0
957.5 630.5
959.83 842.17
961.0 380.71
961.0 350.5
961.5 704.5
971.71 477.29
969.0 384.5
974.0 645.2
974.5 185.0
974.0 777.5
977.83 399.83
979.0 4.0
978.5 271.0
981.5 171.0
983.0 824.2
986.61 832.61
984.0 435.5
990.91 51.91
990.5 58.5
990.5 99.0
990.5 266.0
992.71 316.0
994.0 228.5
994.5 446.5
996.2 151.4
996.5 817.0
997.88 81.12
999.29 40.0
999.5 181.0
1001.33 231.33
1002.0 50.5
1008.2 573.0
1009.54 249.15
1009.5 339.0
1010.0 16.5
1012.5 429.0
1013.5 583.0
1013.5 722.5
1015.5 9.0
1016.5 78.0
1016.0 326.5
1018.0 363.5
1021.5 863.0
1022.33 82.67
1022.5 166.0
1023.29 687.0
1025.0 166.5
1026.5 321.5
1026.0 354.5
1028.88 804.12
1029.0 630.5
1030.5 216.5
1030.0 385.5
1031.88 139.12
1031.5 729.5
1031.0 771.5
1032.83 597.17
1032.0 706.5
1037.38 563.62
1039.5 595.0
1040.5 855.0
1046.0 160.5
1047.67 524.67
1049.5 703.0
1050.5 340.5
1050.0 591.5
1051.0 86.5
1051.5 202.5
1051.5 761.0
1052.5 595.0
1057.5 738.81
1053.5 723.5
1054.0 310.5
1056.88 76.12
1057.0 212.5
1063.47 270.38
1059.0 158.29
1058.0 280.5
1060.81 20.86
1063.5 149.5
1067.5 516.0
1068.5 223.0
1071.0 490.5
1071.0 620.5
1073.29 182.0
1075.5 777.0
1078.0 226.5
1079.33 542.67
1081.67 233.67
1082.71 432.0
1082.33 544.67
1087.32 31.91
1089.0 429.5
1091.18 386.82
1091.8 619.6
1092.0 255.5
1095.0 731.0
1095.0 523.5
1096.5 118.5
1100.25 350.38
1099.5 509.5
1100.5 773.0
1104.0 457.0
1105.0 159.0
1104.5 443.5
1105.5 152.0
1106.5 320.5
1107.5 724.5
1111.96 228.6
1115.5 298.5
1116.17 717.17
1122.5 361.0
1123.5 164.0
1124.0 681.5
1127.0 222.0
1127.5 363.5
1126.0 703.5
1127.5 238.0
1128.2 653.4
1130.18 294.18
1129.5 811.0
1131.0 44.0
1130.71 503.0
1136.74 109.59
1137.0 335.5
1138.5 589.0
1139.33 557.67
1141.33 628.33
1144.0 39.29
1143.5 736.0
1145.0 606.0
1148.62 632.62
1154.5 175.5
1155.29 268.0
1157.0 615.71
1163.83 285.17
1166.0 800.5
1167.67 107.67
1168.88 463.88
1171.5 438.5
1173.5 192.5
1175.5 376.0
1177.28 450.89
1175.5 567.0
1177.82 736.82
1177.5 68.0
1183.46 831.85
1185.33 164.67
1186.0 284.29
1185.0 298.5
1187.5 695.0
1189.0 549.25
1192.87 146.53
1192.0 457.5
1196.37 478.95
1194.33 495.67
1195.5 672.0
1198.21 325.63
1197.0 428.5
1198.0 126.5
1199.33 93.67
1200.2 521.6
1203.5 198.5
1209.5 135.0
1212.0 13.25
1214.79 604.5
1215.5 223.5
1215.0 238.5
1220.5 649.5
1224.1 162.28
1222.5 647.0
1223.5 213.0
1224.25 50.0
1224.5 838.0
1227.0 15.0
1226.5 46.0
1227.5 486.0
1230.72 223.41
1228.5 281.0
1229.0 430.5
1230.67 96.67
1231.0 720.5
1235.8 572.5
1237.5 117.0
1238.0 131.5
1241.5 128.0
1244.5 130.5
1246.0 831.29
1246.33 115.33
1247.0 718.5
1248.0 207.5
1248.5 306.0
1252.5 808.5
1254.5 402.0
1255.2 814.6
1259.12 147.88
1261.0 418.5
1262.67 222.33
1264.5 191.0
1265.5 752.0
1273.33 424.67
1280.6 723.6
1281.5 201.0
1285.12 86.88
1285.12 491.12
1288.0 626.75
1288.67 341.67
1289.5 476.8
1294.5 85.0
1294.83 289.83
1294.5 425.0
1296.5 410.5
1297.5 432.5
1298.2 737.6
1302.5 186.5
1305.5 140.0
1307.0 859.75
1308.0 7.5
1309.0 614.5
1310.0 785.5
1309.5 857.0
1313.0 601.25
1318.23 139.15
1316.0 192.5
1317.0 207.5
1317.0 356.5
1318.0 99.5
1318.33 573.33
1322.5 354.5
1324.5 99.0
1326.5 26.0
1331.88 484.88
1332.5 202.0
1332.5 504.0
1333.76 855.62
1336.0 92.5
1341.61 405.11
1338.5 223.5
1341.73 46.93
1340.5 333.5
1341.5 139.5
1343.0 346.5
1344.0 711.29
1343.5 831.5
1345.8 488.0
1344.33 721.33
1346.5 275.0
1349.0 652.5
1353.0 547.5
1354.0 157.5
1355.33 195.33
1363.5 454.0
1367.0 349.5
1374.5 44.5
1374.5 195.0
1375.12 790.88
1375.5 518.0
1381.62 157.25
1380.5 498.5
1382.5 526.0
1382.0 824.5
1389.5 680.0
1391.5 151.5
1391.33 760.67
1396.88 473.05
1393.5 798.0
1396.5 114.0
1397.0 442.0
1398.5 228.0
1398.33 244.33
1399.33 189.33
1405.72 172.88
1407.0 382.71
1406.0 628.5
1407.5 428.5
1407.6 434.2
1410.33 93.33
1411.5 817.5
1413.5 215.0
1414.0 392.5
1416.0 3.71
1415.5 365.0
1417.38 472.62
1417.5 91.0
1418.67 311.33
1423.68 724.14
1421.5 734.0
1423.5 24.0
1424.29 322.5
1428.83 666.17
1429.67 527.67
1429.0 845.5
1432.0 693.0
1432.5 442.0
1432.0 485.5
1435.0 94.5
1435.0 647.5
1437.0 727.0
1439.0 283.5
1441.33 393.33
1445.0 291.5
1448.0 252.5
1449.0 399.75
1449.5 352.0
1449.6 774.8
1450.33 209.33
1452.0 557.5
1454.0 79.5
1454.5 198.5
1457.0 611.5
1458.5 105.0
1459.67 51.67
1463.33 11.67
1464.0 78.5
1465.88 298.88
1473.5 269.0
1475.0 76.5
1475.5 263.0
1477.5 35.5
1481.5 4.5
1483.5 600.5
1484.0 5.5
1488.5 791.5
1489.5 430.0
1495.5 851.5
1503.5 223.0
1507.5 342.5
1511.5 62.0
1511.0 220.25
1517.67 121.33
1521.5 12.0
1526.81 305.24
1525.87 426.53
1525.67 655.67
1527.5 563.0
1528.67 618.33
1529.0 501.5
1534.5 246.5
!