0.0 322.5
3.33 597.67
3.67 747.67
17.17 168.83
18.0 414.0
19.38 34.62
22.5 604.0
25.29 1057.0
26.88 470.88
32.5 142.0
35.0 318.5
36.5 505.5
38.0 880.25
39.0 235.25
41.71 700.5
43.0 1024.29
44.25 1038.0
46.0 227.0
47.0 737.5
47.0 979.5
50.0 864.83
49.2 962.6
48.67 998.67
58.6 916.8
61.5 530.0
68.21 937.63
66.0 612.0
67.5 1067.5
72.5 283.29
80.13 218.53
79.0 992.8
79.0 645.5
80.0 113.5
80.0 981.5
87.0 698.5
87.67 973.67
92.6 603.2
98.67 691.33
99.2 780.4
101.6 547.6
101.71 448.0
104.5 592.5
110.5 604.5
113.0 15.29
112.5 501.0
123.5 126.0
124.0 465.0
124.89 849.67
132.5 393.0
135.18 805.18
137.67 506.33
139.4 253.2
142.38 55.62
145.5 531.5
148.29 435.5
150.64 729.5
147.5 908.5
154.67 191.33
157.0 558.5
156.89 609.33
162.8 95.4
164.5 778.5
165.33 721.33
168.77 1041.62
170.0 410.25
175.0 347.5
182.5 512.8
181.88 663.12
181.5 1011.5
184.0 195.8
187.12 531.88
194.5 218.5
199.0 742.0
201.5 874.0
207.0 793.0
211.5 1050.71
211.8 638.6
213.29 404.0
215.88 84.88
216.8 821.4
222.57 702.0
226.33 497.67
231.4 133.2
232.5 989.5
233.2 229.4
233.63 280.21
234.5 107.5
235.5 466.5
235.0 1078.5
239.42 47.94
238.0 847.0
238.5 421.5
244.15 800.38
248.55 37.64
251.67 707.89
252.0 470.71
258.0 288.75
259.5 939.0
261.5 657.0
262.67 745.33
264.53 275.87
266.0 919.0
267.5 416.5
271.5 169.5
276.28 305.1
275.5 894.5
277.5 429.5
279.8 848.0
284.5 156.22
285.5 646.29
294.29 12.5
292.0 692.0
292.5 1036.5
296.0 114.71
298.71 1028.0
303.67 197.67
308.67 543.67
310.5 812.5
312.5 170.5
320.38 681.24
321.79 518.0
324.5 422.5
324.0 451.5
327.2 274.5
328.62 1066.38
329.33 246.89
331.88 403.12
334.0 451.0
337.6 555.8
338.5 662.5
340.0 1036.5
347.5 918.5
352.5 26.0
356.0 156.5
361.33 302.67
364.5 587.5
368.0 427.29
368.0 919.8
372.62 119.62
375.0 460.0
385.33 1043.67
392.0 280.65
394.96 344.4
400.0 261.5
401.5 698.5
404.5 444.0
405.5 146.5
405.0 447.5
411.5 78.5
411.5 769.0
412.5 141.5
412.5 661.0
412.5 1003.5
414.0 858.5
417.71 330.86
420.0 692.5
421.4 717.2
425.0 82.0
424.5 642.0
425.5 1018.0
432.0 57.5
432.83 924.83
446.09 20.09
445.5 585.0
449.53 589.13
451.0 1047.5
454.0 1048.0
455.5 307.0
455.88 783.12
457.5 207.5
459.21 1051.5
459.73 1064.5
460.0 662.5
461.33 52.33
464.75 835.58
465.17 314.17
465.71 526.5
474.6 311.8
478.5 672.5
480.0 263.5
485.37 806.21
485.0 353.75
487.0 678.0
488.0 874.29
492.67 168.67
495.62 490.62
499.26 34.59
499.0 124.0
497.67 659.33
497.5 1025.0
498.0 1059.71
502.0 547.5
504.0 80.5
508.0 180.5
512.8 530.0
512.67 117.33
512.5 592.0
519.67 162.11
520.71 576.0
525.5 306.5
528.0 891.25
530.33 1003.67
531.5 1063.5
533.0 288.71
535.0 276.5
536.5 939.0
537.5 0.0
543.43 1059.1
542.5 968.0
550.12 112.5
554.62 645.1
558.0 805.5
560.0 879.5
562.5 712.5
565.0 198.0
567.5 359.5
567.5 969.5
575.0 642.0
574.88 1058.12
581.5 569.0
583.67 480.33
584.0 547.5
586.5 519.5
591.5 435.5
593.5 739.5
597.0 602.71
598.5 509.0
599.0 944.0
604.5 639.5
605.64 963.55
606.44 61.56
608.67 524.43
609.2 193.6
613.0 869.0
614.0 311.5
622.5 256.5
631.33 628.67
634.33 60.33
639.5 312.5
638.5 324.5
640.0 405.5
641.0 667.75
646.0 376.5
655.37 33.61
651.12 1047.88
653.11 764.33
654.29 989.0
654.0 1073.5
663.0 411.0
664.91 701.89
664.5 436.5
683.0 373.0
684.5 756.5
686.0 909.5
699.02 928.85
694.33 518.25
698.06 94.85
697.25 430.33
696.5 986.5
698.83 796.17
700.5 480.5
703.2 486.4
702.5 998.5
708.0 700.0
711.41 643.84
709.5 937.5
718.0 175.88
716.0 397.0
715.5 745.5
720.71 441.0
720.5 649.0
720.33 872.67
721.33 1075.33
730.82 359.93
725.5 561.0
728.63 755.37
730.5 82.5
732.0 991.0
732.67 243.67
732.5 831.0
735.0 322.0
739.5 66.5
739.0 152.5
740.5 737.0
749.0 479.5
750.5 580.0
751.5 382.0
752.29 627.5
755.25 684.0
757.5 419.5
765.5 138.5
772.92 384.53
773.22 950.57
784.75 131.0
788.0 374.71
795.5 344.0
799.5 446.0
801.33 889.33
805.9 221.3
805.0 583.5
806.4 316.2
811.5 393.17
811.0 549.0
812.0 460.25
814.0 519.5
817.5 847.5
819.33 1078.67
821.5 755.0
821.62 1031.38
823.88 533.41
825.0 692.5
826.5 656.0
830.88 846.88
834.17 169.17
834.0 263.29
838.0 604.29
845.25 260.33
845.4 995.2
847.0 495.29
848.5 441.5
857.12 607.88
856.5 880.5
857.5 1047.5
862.5 740.0
864.0 1004.5
867.5 789.0
868.5 520.5
869.0 622.5
881.17 1068.83
882.75 821.0
884.38 624.38
885.0 992.5
887.0 597.0
891.5 665.0
891.0 396.5
895.11 12.52
900.49 1040.09
903.5 237.5
904.5 739.0
910.0 914.25
915.41 307.72
915.11 991.72
917.67 119.33
920.8 158.6
924.5 531.5
928.2 885.5
929.5 10.0
932.67 88.67
941.42 150.73
942.12 328.12
942.5 94.5
951.02 831.31
944.5 841.5
945.0 649.5
946.0 675.5
951.8 250.4
956.0 195.0
960.17 268.83
960.33 600.33
964.5 594.5
965.0 928.5
972.25 364.33
978.17 149.0
978.5 326.5
979.0 777.75
984.0 983.5
986.0 217.0
989.92 722.71
990.17 310.83
996.59 974.12
997.5 259.0
998.29 418.0
998.6 725.8
1001.5 811.5
1014.71 397.5
1012.5 282.5
1024.0 223.0
1037.89 464.39
1032.0 29.0
1035.5 922.21
1035.8 820.0
1039.0 170.8
1040.25 699.75
1045.0 191.0
1046.5 610.0
1051.29 724.5
1054.5 1034.5
1061.5 666.5
1063.5 350.0
1065.5 591.5
1070.0 481.5
1074.67 684.11
1075.5 341.5
1076.29 787.0
1077.12 742.88
1078.6 730.8
1085.33 716.33
1091.5 432.5
1095.0 90.25
1095.5 644.0
1096.5 668.0
1101.71 648.5
1101.5 300.5
1102.67 438.67
1106.0 1.0
1110.64 653.09
1111.0 563.29
1112.2 826.4
1120.65 942.7
1121.59 405.88
1125.0 730.5
1128.12 35.88
1129.8 1050.0
1138.91 865.5
1134.5 260.0
1135.33 419.33
1138.0 439.0
1138.5 640.8
1140.5 673.0
1142.5 200.5
1145.2 465.08
1145.0 298.5
1147.0 384.0
1151.5 141.5
1151.71 742.0
1162.6 17.17
1167.0 1032.5
1163.6 102.8
1164.0 858.0
1169.89 536.28
1169.67 435.33
1169.33 868.67
1173.12 1015.12
1176.4 547.8
1177.2 837.6
1182.0 973.29
1184.5 986.5
1185.0 462.5
1193.6 517.4
1192.5 847.0
1193.63 956.79
1195.33 254.67
1206.5 500.5
1206.25 718.0
1208.5 880.71
1209.5 944.5
1214.09 48.09
1214.0 663.5
1214.0 792.5
1215.0 958.5
1227.83 133.33
1233.67 1047.67
1240.4 767.2
1244.83 229.83
1248.0 743.0
1247.5 848.0
1261.5 289.0
1269.33 180.33
1269.71 831.0
1272.5 448.0
1278.0 382.29
1289.0 15.5
1289.88 725.88
1297.83 27.0
1300.33 566.67
1300.33 610.33
1300.4 783.2
1302.09 714.64
1309.0 761.0
1314.28 635.76
1312.67 808.0
1310.25 1015.0
1311.5 712.5
1313.5 545.0
1325.33 336.33
1330.0 44.0
1331.4 400.8
1334.0 393.75
1335.0 302.5
1338.67 933.11
1344.0 691.5
1348.6 352.2
1352.5 974.0
1356.0 1020.0
1356.33 0.33
1357.75 487.0
1363.33 258.83
1362.5 1033.5
1364.5 769.0
1367.09 278.64
1371.0 584.0
1372.5 865.0
1373.5 514.5
1380.5 199.5
1382.67 371.33
1389.5 385.0
1389.0 827.5
1390.0 1054.5
1391.0 648.5
1392.5 1072.0
1396.8 17.6
1398.27 1049.5
1398.82 837.82
1401.31 171.9
1401.5 796.5
1402.0 938.0
1405.0 41.5
1410.68 440.62
1408.0 247.5
1415.0 946.71
1425.4 816.2
1438.5 1029.5
1444.0 93.5
1448.6 1021.2
1452.0 462.75
1459.0 320.0
1459.64 360.45
1462.0 398.0
1465.0 79.5
1466.0 514.71
1467.0 603.71
1467.6 325.8
1473.67 536.33
1475.0 972.5
1476.5 605.5
1478.0 260.5
1480.64 797.55
1486.29 204.0
1487.0 603.29
1488.0 858.75
1488.8 524.4
1488.75 573.0
1491.0 944.5
1492.0 476.5
1492.0 838.5
1495.0 588.5
1496.0 748.29
1504.5 910.0
1507.5 644.0
1512.43 51.23
1511.0 638.29
1512.0 253.5
1513.33 304.89
1513.0 491.0
1515.5 141.5
1514.5 171.0
1521.93 342.81
1519.5 836.5
1522.0 525.0
1524.13 105.47
1523.0 1073.0
1529.5 481.5
1532.15 915.46
1533.2 151.4
1538.82 168.18
1547.0 402.0
1555.5 86.5
1557.81 223.86
1558.67 624.33
1560.36 1066.45
1561.0 398.29
1561.91 1027.36
1565.0 608.29
1565.8 1058.5
1569.0 544.0
1568.29 789.0
1567.6 915.8
1569.5 312.5
1578.0 630.71
1579.33 1070.33
1580.5 594.0
1585.33 1027.67
1590.33 850.33
1593.0 790.29
1596.5 25.0
1610.4 363.2
1612.17 41.83
1618.43 543.94
1615.95 729.9
1614.0 876.5
1615.25 1009.0
1617.0 1052.5
1625.71 757.5
1630.0 406.5
1633.5 561.5
1635.0 448.5
1635.5 738.5
1638.4 661.6
1641.5 525.0
1642.5 315.5
1643.75 1024.25
1650.0 413.5
1654.53 283.35
1654.6 887.2
1656.0 554.0
1657.0 202.5
1660.92 700.2
1659.33 391.33
1666.5 633.0
1675.0 441.0
1684.0 57.5
1688.79 496.37
1688.0 1068.0
1692.5 415.5
1695.5 1054.5
1694.33 635.33
1696.8 1021.4
1715.29 773.0
1718.32 411.82
1726.87 241.13
1732.29 412.0
1732.0 937.5
1732.5 349.0
1738.64 139.64
1736.33 631.67
1737.53 1034.65
1741.5 916.0
1740.0 273.5
1740.5 286.5
1741.5 425.0
1742.5 379.5
1744.64 538.09
1745.17 289.83
1754.59 141.8
1752.88 759.12
1766.33 988.67
1767.5 259.0
1776.86 969.0
1781.0 433.5
1783.88 75.31
1787.0 728.75
1790.0 519.5
1797.0 960.29
1803.75 881.0
1806.0 255.0
1805.5 375.0
1806.5 935.5
1807.5 245.0
1808.5 997.5
1809.0 262.5
1812.0 960.8
1811.5 998.5
1816.33 729.67
1818.5 82.0
1821.0 956.5
1822.5 334.0
1826.4 1049.2
1828.2 329.6
1828.0 400.25
1830.88 372.41
1831.82 56.82
1833.29 194.0
1841.8 119.4
1845.09 391.91
1843.33 598.33
1849.0 750.41
1853.67 420.33
1853.5 767.0
1856.5 779.0
1866.04 1046.44
1868.0 706.0
1872.0 55.0
1871.0 676.5
1873.5 682.0
1876.0 1071.5
1882.38 84.38
1883.0 708.5
1883.88 798.12
1892.71 997.5
1894.12 883.12
1898.67 523.22
1899.88 514.12
1901.5 565.5
1903.5 954.0
1906.5 974.5
1907.5 1019.5
1909.5 1026.5
1910.5 138.0
1916.0 482.0
!