0.5 637.0
3.6 698.2
7.0 243.5
6.5 431.5
6.5 842.5
8.38 493.38
9.29 640.0
8.0 927.71
13.75 446.0
17.5 676.5
21.8 406.4
22.5 453.0
25.0 509.5
24.4 457.8
26.33 151.33
26.5 767.5
27.5 64.5
28.6 458.2
30.0 272.5
35.5 359.0
35.5 922.5
38.29 548.0
38.71 222.0
41.29 1033.5
44.0 483.5
43.83 679.17
45.29 78.0
47.36 662.09
47.5 1034.0
49.25 700.25
50.0 175.71
53.5 380.0
64.0 510.5
67.88 690.88
68.83 485.83
68.88 973.12
71.0 364.5
73.2 28.92
72.12 666.88
72.2 1053.6
73.5 20.0
73.75 473.0
75.5 467.5
81.33 117.67
82.36 243.09
84.0 249.0
91.1 300.95
93.2 808.5
95.67 400.89
102.5 782.0
102.5 35.0
105.0 614.35
106.5 190.0
110.0 89.0
108.5 224.0
112.0 620.0
115.57 408.67
116.5 772.5
119.0 230.0
120.0 515.5
120.67 984.33
123.38 38.76
122.67 394.33
123.5 336.5
124.67 166.33
127.12 586.88
127.0 955.0
127.5 396.0
131.5 484.0
134.5 608.5
135.19 305.19
134.0 579.5
139.0 206.0
142.0 671.5
142.5 384.0
144.0 5.0
146.83 135.0
145.88 462.88
146.2 892.0
150.5 227.5
151.5 96.5
154.0 442.0
156.2 218.6
160.0 956.5
161.33 503.67
163.89 776.33
168.12 498.12
167.5 849.5
171.75 925.75
171.33 1023.67
179.89 606.28
181.0 935.5
180.0 1042.5
183.5 472.5
183.5 145.0
184.0 51.5
187.0 85.0
196.0 76.5
199.29 679.0
200.33 20.33
200.0 364.5
200.88 738.12
201.5 710.5
202.5 41.0
204.5 156.0
205.12 313.12
205.5 251.5
208.0 131.5
212.0 393.5
212.5 17.5
212.5 245.5
214.0 112.0
215.4 115.8
215.5 127.5
216.0 422.0
215.33 692.67
218.6 1022.2
221.5 646.5
223.0 243.75
224.5 46.5
224.0 942.0
225.0 238.5
229.0 606.29
229.0 116.5
232.5 522.5
234.0 416.5
236.33 253.67
241.12 431.88
242.5 97.5
243.67 72.67
246.71 245.5
246.5 218.5
253.0 336.0
252.5 966.5
255.11 384.28
254.0 1019.0
258.67 171.33
263.38 930.62
263.5 83.5
263.6 367.2
264.88 342.12
267.2 1017.6
270.0 224.29
272.25 208.75
276.5 309.0
277.88 230.88
279.0 886.8
286.0 981.5
289.5 34.0
289.0 386.5
292.0 336.5
292.67 644.67
295.67 742.33
301.17 581.17
301.33 1058.67
313.5 426.71
313.0 680.71
315.0 79.5
316.0 89.0
316.5 967.5
318.67 259.67
321.32 449.82
326.88 189.12
328.12 1033.12
329.0 127.0
330.5 460.0
332.17 889.83
333.38 878.62
332.5 1015.0
333.5 455.0
334.2 537.6
336.33 78.33
337.0 526.2
339.0 66.5
345.55 561.57
341.5 611.5
342.5 333.5
343.6 653.2
344.5 200.0
344.5 309.0
354.03 617.45
352.0 191.0
352.88 626.88
355.78 771.3
354.5 1035.0
355.0 526.5
360.25 469.0
363.0 870.0
365.33 437.67
365.5 618.0
370.5 59.83
371.5 562.29
372.5 216.5
372.5 245.5
377.87 825.87
378.5 855.0
379.71 705.0
380.0 251.5
382.5 626.5
384.17 66.83
386.0 476.0
385.5 750.0
392.3 464.3
388.5 857.5
392.0 646.5
394.38 309.62
397.0 594.29
403.0 630.5
405.5 811.5
407.0 215.0
410.18 189.82
410.5 538.71
409.33 986.33
412.67 174.67
413.67 1028.67
415.71 341.0
417.12 589.88
417.0 977.29
417.67 1.33
419.0 42.0
423.1 267.68
424.5 131.4
424.0 677.5
425.71 460.0
427.3 488.4
428.2 829.6
429.33 675.33
433.0 501.5
433.0 778.0
434.5 164.0
436.33 445.33
436.5 745.0
440.8 30.4
443.67 16.33
445.0 1.0
448.25 653.75
450.5 282.0
451.0 975.71
456.12 745.12
457.8 235.4
458.0 1062.5
460.0 477.71
459.6 561.8
461.5 516.5
464.5 721.5
465.0 39.5
465.88 1011.88
468.22 893.91
467.5 534.0
467.5 874.0
469.67 76.33
470.71 186.0
471.0 127.5
472.6 327.2
473.2 536.4
474.5 999.5
480.06 347.65
479.0 171.5
481.0 537.5
487.5 374.0
487.5 841.5
493.5 1073.0
496.88 1037.12
497.5 9.5
502.5 186.5
502.6 720.8
506.0 123.0
506.7 705.1
506.5 604.5
507.5 491.0
508.67 224.67
509.0 1058.0
514.38 604.62
513.5 661.5
514.0 33.5
515.0 242.5
517.79 722.0
518.0 102.5
518.5 582.5
521.5 655.0
532.5 129.5
537.0 557.2
540.8 375.4
542.29 965.0
544.6 757.2
546.5 157.5
546.0 339.5
549.0 541.8
550.0 167.29
552.18 558.18
552.5 148.5
552.5 775.0
553.67 265.33
554.67 815.33
556.5 398.71
556.33 73.67
559.71 387.29
559.0 213.0
563.0 394.0
563.33 742.67
565.4 373.2
565.4 973.2
566.5 633.5
568.33 714.83
573.0 49.0
573.29 119.0
576.85 370.37
574.0 66.5
578.5 590.0
581.0 495.0
581.5 111.0
582.0 845.0
583.2 16.4
587.0 754.0
587.62 1036.38
587.5 873.5
590.5 861.5
593.5 283.0
594.0 83.5
596.5 639.5
599.5 291.5
599.0 300.5
600.84 645.16
602.5 979.0
603.33 831.33
609.71 549.0
610.0 892.5
611.33 100.33
613.0 470.71
612.5 795.0
616.68 167.32
616.29 296.5
620.97 357.44
624.0 367.0
624.5 750.0
626.8 598.0
629.2 735.4
632.12 430.88
631.33 696.33
635.8 378.6
638.0 909.5
639.12 292.12
642.0 509.66
642.0 220.25
643.12 525.88
643.0 762.5
644.5 331.5
644.0 633.5
648.29 349.0
648.67 975.33
654.0 484.5
656.5 181.0
658.29 368.0
658.0 763.75
663.11 891.33
666.5 691.5
670.5 713.41
669.0 9.0
668.83 324.83
671.5 628.0
672.5 1062.0
678.6 282.2
679.0 603.2
684.0 196.5
682.5 369.0
685.5 622.5
690.87 334.15
689.0 558.0
689.5 840.0
696.8 863.6
697.0 565.8
697.5 1044.0
698.33 438.67
699.33 637.67
704.0 1011.38
705.5 642.0
706.0 385.5
706.33 1021.33
713.5 976.22
712.67 1030.33
713.6 297.2
714.0 683.5
714.0 176.5
717.71 753.0
718.0 341.5
720.8 766.4
723.0 8.71
725.0 20.5
725.0 152.0
730.0 82.0
730.5 6.0
732.0 1063.5
733.5 621.0
734.0 815.0
732.5 910.0
736.5 710.0
737.6 307.2
738.5 128.5
740.5 406.5
739.0 471.5
739.5 902.0
740.5 228.0
742.5 211.0
742.0 825.8
743.5 660.0
750.12 355.88
750.0 821.5
753.84 601.16
757.0 1.18
758.33 770.17
760.0 369.5
763.13 672.5
767.29 514.0
771.5 676.5
774.0 740.0
775.25 24.0
776.2 505.4
775.67 810.67
778.5 909.0
781.0 325.0
780.0 932.5
781.63 963.79
781.4 26.8
782.5 707.0
783.6 310.8
786.0 801.5
788.12 407.88
793.33 33.83
798.5 197.5
798.75 866.0
798.6 1050.8
800.4 267.2
800.5 915.0
801.5 235.0
802.71 313.5
801.0 448.5
802.8 245.4
802.5 346.0
804.5 911.5
806.0 25.25
806.4 16.2
808.0 368.5
810.71 299.0
815.71 368.0
818.19 615.14
817.64 877.55
819.5 109.0
822.8 57.33
821.0 533.2
824.79 130.64
824.0 250.71
825.72 864.89
825.8 605.4
830.67 749.5
831.5 338.0
832.5 182.0
832.5 485.0
833.8 947.0
833.2 964.6
837.5 115.0
837.5 170.0
838.0 245.25
840.5 617.0
842.71 109.0
843.71 207.0
844.5 543.5
845.4 183.2
845.71 378.0
846.0 476.0
848.5 225.5
849.3 1023.4
851.76 828.64
850.0 278.0
850.88 488.12
852.89 763.72
853.67 164.67
858.0 621.5
862.5 594.5
867.21 630.41
866.0 958.5
865.71 807.0
865.91 970.0
866.5 775.5
866.5 951.0
868.0 116.25
868.0 901.71
869.0 34.71
869.86 158.07
871.0 886.91
870.33 141.33
870.0 345.5
870.88 969.12
871.5 732.5
875.71 264.0
881.0 274.5
882.0 629.0
884.75 161.75
883.67 892.33
884.6 611.8
884.0 785.5
886.0 294.0
887.62 586.62
889.5 555.0
888.5 868.5
891.08 1054.67
892.5 373.5
892.5 575.5
894.29 703.0
897.29 947.0
897.71 1058.5
897.5 664.5
901.0 16.76
898.67 1000.33
903.16 275.25
900.5 873.5
904.43 859.43
911.0 134.0
913.0 347.8
914.0 588.29
917.5 803.0
919.0 53.0
919.33 596.33
921.5 14.0
922.5 412.5
926.0 801.0
928.67 519.67
929.5 1066.0
931.0 541.5
934.29 26.0
936.62 852.14
935.5 60.5
942.5 153.5
949.19 337.92
947.5 879.0
949.5 309.0
950.0 589.5
954.93 688.4
955.0 178.5
958.42 383.25
957.67 794.33
963.22 464.0
960.36 233.09
960.5 560.0
962.0 1052.0
964.0 143.29
963.33 1041.33
966.5 277.5
967.5 304.5
969.0 11.5
970.33 211.33
971.33 287.67
971.5 423.0
975.33 274.33
976.5 639.5
976.5 278.5
977.5 255.0
980.0 35.5
981.0 948.5
983.38 850.62
984.0 365.5
984.67 557.67
986.67 857.67
989.0 158.0
989.88 164.5
991.0 967.0
991.5 1000.0
995.4 331.8
997.0 290.0
1003.0 377.0
1002.33 557.67
1007.7 241.94
1003.0 741.5
1006.0 409.0
1007.0 58.0
1008.5 94.0
1008.5 292.5
1009.0 271.5
1014.8 578.6
1015.25 1066.0
1017.69 911.12
1024.0 407.5
1026.0 10.8
1026.25 113.0
1030.18 1005.18
1030.4 45.8
1031.5 302.5
1030.0 657.5
1032.2 259.4
1031.5 436.5
1034.91 520.09
1033.5 738.5
1034.5 389.5
1035.0 808.0
1035.5 209.0
1035.0 252.5
1037.0 543.5
1039.0 125.5
1042.5 474.0
1044.0 220.0
1048.6 46.8
1052.6 545.8
1052.5 973.0
1054.0 285.5
1059.91 3.69
1055.25 358.0
1059.5 392.5
1059.0 112.5
1059.67 120.33
1060.0 63.5
1060.0 334.5
1061.5 735.0
1064.5 300.0
1066.71 949.5
1074.0 329.5
1075.33 79.67
1075.0 204.5
1076.0 225.25
1075.4 887.2
1076.5 87.5
1082.08 11.8
1080.5 278.0
1080.5 589.5
1081.5 193.5
1081.5 231.0
1081.33 380.33
1083.5 97.5
1084.5 648.0
1087.5 655.0
1089.71 374.0
1091.17 653.33
1095.81 949.27
1092.5 378.5
1092.5 510.0
1096.0 693.5
1094.0 796.5
1094.0 894.5
1095.88 48.12
1095.5 379.0
1096.5 228.5
1098.21 571.5
1097.5 849.5
1100.33 123.33
1100.71 338.0
1105.18 306.82
1103.5 350.5
1104.67 455.33
1106.5 814.0
1111.5 851.76
1109.0 489.5
1111.8 393.6
1112.0 412.0
1111.0 1027.5
1113.67 993.67
1114.5 486.5
1118.67 448.67
1121.75 33.42
1125.0 183.5
1125.5 87.5
1126.5 663.5
1129.2 418.6
1128.71 688.0
1131.0 355.8
1131.0 191.5
1134.29 167.0
1133.88 446.88
1133.0 702.5
1135.4 850.8
1135.5 914.5
1135.0 952.5
1136.5 256.5
1140.0 598.0
1139.0 657.5
1139.83 679.83
1140.33 56.33
1141.5 554.0
1145.8 330.4
1146.4 1020.8
1147.8 103.6
1148.5 260.5
1149.6 50.8
1153.2 628.6
1156.18 430.82
1160.0 1071.29
1164.38 576.62
1166.87 587.02
1164.5 2.5
1166.46 502.85
1167.76 200.62
1167.0 354.0
1167.29 479.0
1167.67 1075.33
1169.5 359.0
1170.0 94.5
1170.0 623.5
1175.25 139.0
1181.5 937.5
1185.8 619.5
1187.2 266.4
1187.0 607.5
1194.78 603.91
1192.5 849.0
1197.27 12.5
1195.0 858.0
1196.5 386.5
1204.4 693.2
1205.8 762.6
1211.88 30.88
1212.0 143.71
1212.0 178.0
1213.67 314.33
1216.5 213.0
1216.5 651.5
1217.5 628.5
1218.5 755.0
1222.0 50.0
1223.2 87.6
1223.89 139.33
1225.67 402.89
1226.0 105.0
1227.67 491.33
1227.67 702.67
1232.0 978.71
1233.6 866.8
1235.88 504.12
1235.0 852.5
1236.5 625.0
1242.67 668.67
1243.5 745.0
1244.0 406.5
1247.0 423.75
1246.67 460.33
1247.67 669.33
1253.5 474.5
1256.0 199.8
1257.5 115.0
1257.5 481.5
1257.67 582.67
1262.67 608.67
1264.0 879.5
1267.0 179.0
1268.0 409.29
1269.0 669.5
1272.5 359.0
1275.0 365.5
1276.5 305.5
1277.67 62.67
1283.29 346.0
1286.0 224.0
1286.5 54.0
1294.17 101.17
1295.0 215.8
1297.5 603.5
1297.5 744.0
1300.0 294.0
1303.67 361.5
1300.5 140.0
1302.5 60.0
1304.12 1013.88
1304.0 706.5
1307.29 83.5
1307.67 206.33
1307.5 1071.5
1310.17 629.17
1310.25 58.0
1315.0 879.0
1316.0 533.75
1315.0 991.5
1316.5 679.5
1317.88 210.88
1319.5 126.5
1321.2 872.8
1326.5 264.5
1323.67 360.33
1323.67 1012.67
1326.0 604.75
1327.29 281.0
1327.5 842.71
1329.0 315.25
1331.38 762.38
1331.33 620.33
1333.2 143.6
1334.4 342.4
1335.5 90.0
1336.0 120.2
1335.0 758.5
1338.0 204.0
1340.0 477.8
1340.88 247.88
1343.67 356.33
1345.0 151.5
1350.0 665.2
1351.5 899.0
1353.0 335.5
1357.12 868.12
1357.29 883.5
1359.5 362.0
1361.5 101.5
1361.5 250.0
1361.8 440.4
1361.33 645.33
1364.5 264.5
1364.0 1073.5
1365.67 327.83
1367.13 528.47
1367.5 20.5
1371.33 44.33
1371.67 136.33
1373.15 984.54
1374.33 380.33
1375.5 281.5
1377.0 455.0
1377.5 290.5
1380.12 229.69
1380.0 930.0
1380.0 390.5
1384.5 41.29
1387.5 690.5
1388.5 504.5
1391.5 754.21
1391.5 684.0
1393.69 180.88
1396.0 217.0
1396.33 590.11
1399.84 162.84
1397.5 335.0
1398.44 757.25
1399.0 201.0
1402.67 647.0
1401.36 1017.09
1407.09 311.09
1407.67 894.88
1408.12 769.31
1408.0 1.5
1410.8 832.6
1412.6 143.2
1415.47 573.87
1415.0 37.0
1415.5 912.5
1416.5 454.0
1417.67 643.67
1420.67 392.83
1421.79 539.0
1420.5 721.5
1425.6 160.4
1426.5 384.5
1425.5 929.0
1429.0 167.0
1429.88 376.88
1430.33 381.33
1432.67 160.33
1437.68 525.31
1433.12 829.88
1437.0 281.5
1438.6 750.8
1440.88 1029.31
1440.0 89.5
1441.0 313.5
1441.38 511.62
1442.5 384.0
1443.29 619.0
1447.0 25.5
1446.5 490.5
1449.0 706.5
1453.89 781.8
1454.0 836.71
1454.0 243.5
1456.17 1069.17
1457.5 379.0
1460.0 4.5
1459.4 215.8
1459.0 681.5
1466.05 357.08
1467.24 472.24
1467.0 478.0
1469.33 492.67
1471.0 85.0
1471.2 275.2
1470.5 504.0
1471.33 407.67
1472.17 523.83
1474.0 145.25
1474.11 554.67
1475.12 140.88
1474.0 860.5
1476.33 330.11
1477.6 683.2
1479.83 468.83
1480.33 826.33
1483.2 90.8
1483.5 662.0
1484.5 475.0
1485.17 550.17
1485.5 176.0
1485.5 756.0
1489.29 870.29
1487.6 353.2
1488.5 1031.5
1489.5 579.0
1491.5 324.0
1491.33 365.67
1491.5 776.0
1493.67 53.67
1493.83 317.83
1494.0 1067.5
1495.4 165.8
1496.67 62.67
1498.71 322.0
1499.71 457.0
1500.5 869.0
1501.5 691.5
1506.33 488.67
1507.5 432.5
1508.0 15.5
1508.6 717.2
1508.67 790.33
1515.67 277.67
1517.22 311.5
1516.0 380.0
1516.0 600.0
1516.4 283.2
1516.5 570.0
1519.0 90.5
1519.5 325.5
1519.33 628.67
1520.5 147.0
1524.5 93.0
1528.5 212.0
1528.0 774.5
1529.5 218.0
1532.5 449.0
1532.33 891.33
1536.81 99.14
1535.0 437.5
1538.6 559.8
1538.5 647.5
1545.33 994.67
1546.5 749.0
1549.33 340.33
1549.5 431.0
1551.5 1078.5
1555.33 111.33
1556.5 977.5
1558.0 6.5
1558.5 437.0
1560.5 1012.5
1565.5 378.2
1568.67 253.67
1573.22 926.91
1571.5 49.0
1572.33 307.67
1575.0 906.5
1576.5 936.0
1579.5 732.5
1581.5 744.0
1581.5 778.5
1582.5 188.5
1583.0 1011.71
1587.19 578.07
1586.63 99.21
1585.0 192.0
1589.0 487.5
1590.8 810.4
1591.33 194.33
1592.0 704.0
1592.5 946.22
1593.67 143.67
1595.0 987.5
1597.67 894.67
1600.0 430.5
1600.33 523.67
1602.07 843.0
1602.62 559.62
1602.25 757.67
1602.67 927.67
1605.33 908.89
1608.67 273.67
1608.89 905.67
1610.36 382.21
1609.0 488.0
1609.5 491.5
1610.46 637.15
1614.38 719.62
1615.25 509.0
1616.5 474.0
1617.67 319.67
1621.0 915.25
1621.5 480.0
1622.5 149.0
1623.25 656.33
1627.12 782.88
1626.5 836.5
1628.0 398.29
1628.67 480.11
1630.62 238.62
1632.5 490.0
1632.5 537.5
1633.83 829.17
1634.0 349.5
1634.0 571.0
1635.0 665.0
1635.5 453.5
1641.72 374.92
1636.5 560.0
1639.0 857.0
1640.8 394.6
1641.5 17.0
1641.88 485.88
1645.84 796.71
1642.67 354.67
1642.5 473.5
1646.0 806.0
1647.5 365.5
1655.33 705.33
1658.75 548.0
1659.5 405.5
1662.5 395.0
1666.5 222.22
1665.8 470.4
1667.0 506.5
1669.29 348.0
1674.5 187.6
1675.0 20.71
1676.15 406.46
1675.33 519.33
1675.8 797.6
1678.25 204.75
1678.0 566.5
1679.75 311.0
1685.26 856.79
1681.5 432.5
1681.4 696.8
1682.5 633.0
1687.81 1017.37
1686.0 749.0
1685.75 944.75
1686.0 897.5
1688.5 395.0
1691.5 112.5
1694.33 836.33
1698.67 365.56
1695.0 868.0
1697.38 452.08
1696.5 478.0
1697.5 209.0
1698.0 1039.5
1701.22 277.5
1704.92 549.94
1701.5 826.5
1703.75 413.0
1706.68 434.32
1707.2 158.6
1709.0 1026.5
1710.0 357.5
1714.0 922.5
1714.5 103.71
1715.46 72.15
1715.29 502.5
1714.33 802.67
1716.5 129.5
1716.0 255.29
1715.5 512.0
1716.33 92.67
1717.5 564.0
1719.88 159.88
1720.5 285.0
1720.0 415.5
1721.5 356.0
1722.5 376.0
1723.2 406.4
1724.0 424.0
1725.0 1015.5
1728.29 530.0
1728.29 962.0
1729.0 185.0
1729.0 2.5
1729.0 977.5
1730.0 1039.0
1732.41 360.74
1731.86 243.29
1731.33 307.67
1731.4 810.8
1734.0 486.5
1736.4 376.2
1739.0 216.2
1738.75 314.0
1739.5 551.0
1739.0 967.5
1740.25 908.0
1741.0 933.5
1742.2 494.6
1744.0 658.17
1743.75 818.0
1747.0 522.5
1748.0 1066.25
1752.76 805.0
1751.33 96.33
1751.5 219.0
1753.91 508.34
1753.83 409.83
1753.5 491.5
1754.88 529.12
1759.17 180.17
1759.5 414.5
1762.0 319.29
1762.6 481.6
1761.33 586.33
1762.5 336.0
1762.5 983.0
1764.0 838.0
1770.0 151.5
1774.5 613.5
1774.0 383.5
1775.0 466.5
1776.0 506.5
1778.83 530.17
1780.6 48.7
1779.4 700.8
1779.0 716.5
1780.8 466.4
1782.5 926.0
1783.5 80.0
1786.41 460.86
1785.45 756.64
1787.0 552.5
1787.71 629.5
1790.09 320.09
1789.5 799.71
1791.41 186.28
1789.83 579.17
1790.0 532.5
1790.25 603.0
1791.5 96.5
1792.0 381.5
1798.23 498.86
1792.8 679.4
1792.5 730.0
1793.5 767.5
1794.88 553.12
1795.88 584.12
1796.5 657.5
1798.0 714.2
1801.33 638.67
1804.0 968.5
1808.5 404.71
1810.61 663.4
1805.0 689.5
1806.0 1068.5
1807.5 45.5
1808.2 248.6
1808.2 593.6
1809.0 351.5
1809.0 846.5
1809.0 1029.5
1810.0 46.0
1810.25 57.0
1811.0 33.5
1811.0 872.5
1811.5 961.5
1816.33 708.67
1818.38 94.38
1819.12 783.12
1820.64 378.55
1823.0 435.0
1822.67 748.33
1824.5 336.8
1826.5 594.0
1825.33 637.67
1825.0 891.5
1827.5 737.0
1830.93 505.81
1830.2 426.0
1834.5 62.71
1834.0 383.29
1839.2 700.4
1839.6 163.2
1839.5 191.0
1839.0 874.5
1841.24 922.76
1840.0 612.5
1841.4 60.8
1842.88 678.12
1844.0 659.5
1848.0 380.71
1851.5 587.5
1856.4 555.8
1856.5 769.0
1857.5 8.0
1857.5 26.0
1859.5 810.0
1859.5 1037.5
1861.67 281.89
1860.0 959.5
1861.5 171.0
1861.33 189.67
1863.0 301.5
1867.5 286.5
1867.5 400.0
1870.0 183.0
1869.25 219.0
1884.34 422.96
1878.0 611.5
1879.67 730.33
1881.5 576.5
1882.5 594.0
1883.67 979.67
1884.0 337.5
1884.0 892.5
1885.33 142.67
1885.0 192.5
1887.0 653.75
1889.0 733.5
1890.0 947.0
1891.11 177.33
1891.0 854.5
1895.06 206.54
1894.89 398.33
1901.5 90.0
1904.0 26.5
1904.71 257.0
1905.0 707.0
1908.94 215.16
1908.5 801.5
1911.0 329.0
1912.0 197.0
1913.5 576.0
1914.0 897.5
1917.5 309.0
1919.0 751.5
!