1.0 337.5
1.5 151.0
13.17 371.09
10.0 451.0
18.12 1070.88
20.12 4.69
19.0 422.5
21.5 900.0
24.71 142.0
27.2 47.0
32.3 159.9
30.71 671.0
31.5 301.5
40.5 341.5
44.0 332.5
48.12 512.88
48.12 778.12
54.5 841.5
55.5 290.0
56.5 689.5
55.88 1036.88
64.0 852.5
68.16 193.84
66.5 981.0
68.0 935.5
76.25 180.25
75.8 359.6
85.0 463.0
88.2 223.6
88.5 279.0
95.88 729.88
101.4 566.8
103.67 581.33
104.0 841.5
106.33 650.33
109.67 606.33
115.25 581.0
117.0 139.0
119.0 63.5
124.5 648.71
131.0 1053.0
132.29 278.0
134.02 577.17
134.6 1022.2
146.5 321.0
151.0 664.75
153.0 349.5
160.71 1075.5
160.8 798.5
162.0 681.5
162.5 403.0
167.5 142.5
169.5 137.5
172.33 15.81
173.0 146.0
177.0 631.0
177.67 1063.67
182.5 607.0
184.0 362.5
187.5 341.5
193.33 12.67
193.6 535.8
197.12 362.12
208.5 601.0
211.0 976.5
212.0 863.5
212.5 287.5
212.5 519.0
221.0 274.71
231.17 69.17
234.5 112.5
237.5 144.0
239.5 117.5
242.88 506.88
252.5 785.0
255.33 1077.67
256.5 111.5
261.0 763.29
262.2 1062.6
263.5 381.0
270.5 234.0
272.5 615.5
274.0 755.0
279.0 311.5
281.5 807.0
284.0 111.0
288.0 1051.5
298.75 988.0
301.5 46.5
309.0 166.5
309.5 506.0
310.5 809.5
312.5 598.5
317.08 284.2
315.33 707.67
317.0 321.0
317.5 600.5
319.67 313.67
320.5 557.5
326.4 1078.2
328.0 497.5
330.88 227.12
330.88 1058.12
335.0 88.5
336.5 904.0
345.25 210.0
346.33 746.33
348.0 1.29
349.5 908.5
356.5 811.5
359.0 642.5
360.5 315.0
365.5 96.29
372.38 782.0
370.71 806.0
371.33 558.67
376.5 128.5
376.5 917.0
377.5 687.5
388.67 527.67
389.67 613.11
391.4 183.2
393.0 834.0
395.5 870.5
399.37 212.79
401.0 840.0
402.5 200.0
403.38 889.62
405.33 78.67
413.0 154.71
417.2 857.6
425.0 483.5
427.2 0.9
426.5 79.0
432.5 672.5
443.6 501.2
446.7 869.0
447.29 441.0
448.88 937.12
454.0 266.5
459.5 1034.5
460.0 398.5
462.5 248.5
465.5 1034.5
467.67 690.33
467.5 1029.0
469.25 218.0
471.0 932.5
477.33 806.33
479.33 83.67
481.0 714.29
485.76 1026.47
491.5 251.5
494.67 85.33
496.0 514.75
495.0 574.5
496.88 661.12
511.5 471.0
511.0 839.5
513.5 80.5
517.71 885.5
521.5 961.5
531.87 737.27
534.33 374.33
534.67 534.67
537.0 584.5
537.67 260.33
542.72 135.41
541.0 232.71
542.12 1056.88
550.0 490.71
554.8 98.6
558.67 740.33
562.8 132.0
563.5 333.0
565.0 609.5
569.0 227.0
573.71 71.0
579.0 609.5
598.6 587.2
602.5 136.5
603.0 592.29
605.5 571.5
612.5 270.0
620.0 323.5
622.5 437.5
622.0 457.57
623.0 782.5
624.88 183.12
624.5 679.0
624.0 869.5
626.6 164.6
629.5 608.0
634.0 621.5
640.67 34.83
642.2 866.0
644.2 131.0
646.5 145.0
651.5 636.71
654.5 89.0
658.5 597.79
657.5 757.29
661.5 563.5
660.0 653.5
663.12 166.12
662.8 784.4
667.0 904.63
665.0 305.5
669.08 147.69
671.67 265.75
679.0 666.5
680.0 766.71
682.0 404.0
682.5 513.0
683.5 652.5
685.33 1052.67
696.5 90.0
702.0 128.29
701.0 402.5
704.0 522.75
703.0 931.5
705.0 816.5
706.5 637.5
709.17 40.67
709.0 642.5
709.0 698.5
722.33 383.67
730.33 133.33
732.5 578.0
734.5 604.5
736.5 1025.0
739.0 207.5
742.2 176.4
745.12 52.88
747.17 246.17
754.5 607.5
760.5 2.19
761.5 560.38
757.5 839.0
761.33 325.33
766.5 328.5
772.91 979.09
774.17 85.83
773.67 518.67
775.8 288.6
779.5 80.5
779.67 720.33
780.0 307.5
786.5 621.0
791.4 351.8
792.0 931.71
793.53 863.87
796.3 1041.37
806.5 87.5
814.6 370.74
812.2 939.4
812.67 168.33
815.5 8.0
815.5 441.5
819.5 807.0
823.6 281.2
826.8 210.4
832.83 604.83
838.17 695.17
845.5 44.5
847.5 662.0
858.5 970.0
860.5 791.0
861.78 571.5
863.5 489.5
864.5 191.5
864.5 708.5
868.5 267.5
869.5 280.0
871.5 26.0
875.5 299.0
876.5 282.5
877.5 459.5
880.5 122.0
883.0 726.5
895.1 978.05
899.12 84.88
900.8 240.5
900.0 810.5
903.0 59.5
909.0 412.0
910.0 1062.5
913.5 258.5
917.5 119.0
920.29 680.5
919.33 818.67
920.5 641.5
922.5 618.0
927.5 103.5
927.67 1020.33
931.73 76.88
932.55 328.43
945.0 419.0
949.0 482.5
957.24 1048.18
953.5 91.5
960.86 921.71
966.0 762.5
970.0 695.5
977.5 709.0
980.0 143.75
981.5 439.0
986.38 367.62
985.83 691.17
987.6 653.2
989.5 204.0
995.56 347.33
999.0 335.5
1001.8 60.4
1006.33 469.33
1008.5 315.0
1010.0 130.25
1012.5 770.5
1028.5 64.0
1031.51 447.43
1031.5 340.0
1034.0 932.5
1041.5 54.5
1041.5 1075.0
1042.83 231.17
1044.2 170.4
1045.0 346.5
1051.0 816.71
1052.88 428.41
1060.64 80.45
1069.6 640.8
1075.2 497.6
1077.5 354.5
1079.47 928.13
1080.5 1047.5
1086.8 1028.6
1090.71 545.0
1094.67 620.33
1101.2 294.6
1101.0 465.71
1104.67 645.33
1114.75 23.25
1120.0 73.5
1127.5 641.5
1128.67 374.33
1133.0 568.75
1140.0 898.5
1154.63 923.37
1150.0 826.0
1151.0 299.5
1158.0 261.5
1160.0 725.0
1177.0 136.5
1177.54 394.85
1183.44 153.51
1180.4 537.2
1182.29 178.0
1189.0 1072.0
1191.5 621.5
1195.0 849.5
1197.6 1021.2
1205.88 652.88
1205.0 864.5
1211.15 870.46
1211.88 851.88
1215.0 396.0
1215.8 612.6
1217.71 332.5
1229.6 502.2
1233.23 208.43
1241.5 159.5
1241.5 719.0
1244.62 643.62
1256.33 3.67
1262.0 1030.0
1268.19 781.44
1270.6 215.0
1276.33 763.67
1281.0 1030.0
1284.0 870.71
1286.0 99.0
1292.09 757.17
1289.5 526.0
1294.12 955.88
1296.0 547.0
1296.5 265.5
1300.5 770.0
1305.67 875.17
1306.0 912.0
1311.5 251.5
1312.67 138.67
1315.64 255.45
1319.2 751.4
1319.5 513.5
1321.86 461.29
1322.5 584.0
1326.2 428.6
1331.5 978.5
1334.0 1011.5
1339.62 112.38
1339.33 471.33
1351.5 945.0
1352.67 546.33
1354.11 234.33
1358.09 9.09
1371.0 559.5
1373.0 1074.29
1374.0 872.29
1382.5 316.0
1385.5 285.5
1385.0 212.5
1387.67 1018.11
1388.6 170.8
1397.33 1032.33
1399.0 1021.5
1401.5 274.0
1404.65 25.0
1403.67 241.33
1406.62 152.62
1405.0 457.5
1408.5 344.5
1426.73 221.5
1427.5 1015.0
1431.5 556.5
1432.12 741.88
1436.12 612.12
1436.5 328.5
1442.5 749.95
1442.96 15.4
1442.0 320.0
1446.38 287.32
1446.8 759.4
1452.0 241.25
1455.63 485.21
1460.0 816.5
1463.6 531.8
1463.83 709.83
1465.8 180.5
1469.91 507.55
1465.0 643.5
1466.5 210.5
1472.12 1055.88
1474.5 603.5
1476.33 270.33
1476.71 349.0
1476.5 1040.0
1487.08 2.55
1487.5 368.0
1502.67 266.33
1505.0 227.5
1509.75 883.0
1513.0 417.0
1515.0 386.0
1516.0 239.5
1522.5 403.5
1525.5 1034.79
1529.0 265.5
1532.5 35.5
1535.88 893.12
1537.0 915.43
1544.6 693.2
1549.0 450.5
1558.5 176.5
1568.12 278.12
1570.0 617.29
1570.0 34.5
1595.0 347.5
1599.2 923.0
1599.83 144.17
1600.0 975.25
1602.5 688.5
1615.0 1057.5
1618.12 644.12
1619.71 809.0
1628.2 617.5
1635.33 673.67
1644.86 899.96
1642.6 20.8
1642.5 180.5
1651.0 26.0
1651.0 536.71
1651.5 652.0
1672.5 190.5
1676.33 324.33
1680.91 17.64
1697.5 520.0
1732.0 605.79
1740.5 236.5
1740.8 662.6
1745.25 730.0
1747.5 879.5
1751.5 285.5
1751.5 541.5
1755.8 35.4
1755.0 162.0
1759.4 948.2
1761.5 787.5
1765.0 21.5
1767.5 161.71
1768.0 662.5
1772.5 771.0
1773.0 955.71
1788.0 969.25
1805.5 162.5
1811.0 664.0
1812.71 212.5
1812.0 717.0
1813.5 261.0
1818.0 1030.5
1824.0 76.5
1829.0 995.5
1839.77 606.57
1843.0 223.0
1846.0 637.29
1849.0 294.0
1849.67 693.33
1851.2 348.6
1852.2 171.4
1852.67 298.67
1859.75 440.58
1864.82 805.18
1870.8 60.4
1897.5 594.0
1901.33 984.33
!