1.6 999.4
5.5 47.71
5.0 905.71
5.0 266.5
5.0 488.5
10.33 918.67
11.5 487.5
14.6 21.8
14.0 399.5
17.41 314.12
20.4 713.8
21.5 933.0
23.5 303.5
23.2 888.6
27.36 832.44
27.5 196.0
29.5 512.5
29.0 738.5
31.12 321.88
31.0 526.5
32.5 822.0
36.5 972.5
43.5 452.5
46.43 942.77
46.0 643.5
46.8 675.4
48.0 316.5
49.25 443.0
50.38 830.38
52.0 562.0
59.38 834.2
57.12 235.12
60.5 814.0
61.4 487.2
70.12 293.12
69.0 509.5
71.0 586.25
74.5 852.5
75.0 836.5
77.0 505.0
79.0 787.29
78.0 987.5
80.0 154.29
81.12 534.12
87.0 799.29
88.6 235.8
91.5 816.0
93.2 218.6
94.67 666.33
103.11 1024.33
104.0 177.0
104.33 470.33
105.71 650.5
105.75 970.25
111.0 919.0
117.76 728.38
117.5 570.0
119.09 153.36
125.25 197.25
128.71 739.5
127.5 927.5
133.2 750.4
132.5 850.5
134.6 721.4
135.24 846.24
139.38 630.38
139.0 890.0
140.0 141.5
140.0 920.5
143.5 115.0
145.45 393.36
153.0 775.0
154.0 482.5
157.17 942.0
156.25 828.0
156.5 966.5
158.0 241.5
161.71 290.86
162.67 714.67
163.75 738.0
165.29 966.5
169.5 567.0
167.5 668.5
174.0 290.5
175.0 823.5
177.0 377.5
178.53 389.87
179.33 13.67
182.67 275.44
179.0 697.5
180.88 954.88
186.5 966.5
188.5 1025.0
191.71 762.0
193.6 572.2
196.89 384.67
198.5 1033.5
201.43 558.02
201.5 409.5
204.37 398.79
204.29 300.0
211.05 411.1
223.31 218.22
217.71 314.5
219.5 254.0
220.29 813.0
222.67 757.67
226.33 574.33
226.5 845.0
228.88 434.41
227.88 803.12
232.0 395.0
232.5 646.5
233.5 975.0
234.0 689.5
239.0 107.5
241.28 567.89
240.0 682.5
241.0 125.5
247.29 101.5
248.0 631.5
248.0 955.5
251.17 423.83
255.33 121.33
257.8 229.4
260.0 642.5
265.5 183.0
263.5 449.5
280.75 1021.33
281.0 950.0
283.0 107.29
284.0 754.25
286.33 116.33
289.9 520.57
292.78 618.56
297.57 774.67
302.5 209.0
302.67 915.33
305.8 4.4
308.0 27.0
309.0 174.29
312.5 221.5
313.2 833.5
313.5 899.0
325.0 508.66
325.33 645.33
334.67 328.67
337.0 1036.71
339.5 274.0
341.33 533.67
342.83 334.83
344.5 713.0
344.88 1068.12
348.5 92.5
349.0 588.0
349.5 752.5
351.71 903.0
354.0 283.5
354.0 336.5
358.15 630.85
357.5 487.0
360.88 723.12
363.0 141.5
364.4 671.8
368.0 183.0
367.5 239.0
368.2 704.6
373.88 461.88
375.0 516.5
378.67 811.33
379.0 6.5
379.0 171.0
382.5 38.5
386.0 755.0
387.0 940.0
387.29 1075.5
388.5 166.0
390.0 753.0
391.88 498.12
391.33 1058.67
394.0 32.83
397.12 402.12
398.0 922.0
400.33 681.33
402.5 790.0
405.5 7.5
408.33 954.67
415.18 849.55
410.0 372.5
411.0 455.0
410.0 896.5
412.29 716.0
411.5 1035.0
418.2 384.4
421.8 217.6
422.5 740.5
423.5 531.0
424.0 955.5
425.0 172.5
429.33 389.33
430.67 827.67
432.67 508.67
434.67 674.33
435.0 573.5
436.5 353.5
439.0 1074.5
447.13 801.47
449.5 616.5
449.0 854.5
453.38 736.62
453.5 952.5
458.12 164.88
468.0 236.8
467.5 672.5
468.6 975.8
469.5 373.5
473.2 136.4
473.75 314.0
474.33 466.33
475.25 410.0
478.2 415.4
478.12 625.88
477.8 668.6
478.67 13.67
480.88 422.12
481.5 472.0
483.0 442.29
486.07 639.56
483.6 753.2
483.5 1059.5
484.0 524.5
486.0 830.71
488.71 78.0
488.5 980.5
488.67 1063.67
492.0 111.5
493.0 134.71
497.14 482.71
496.12 753.88
501.12 155.88
505.0 43.29
505.0 248.5
506.15 476.46
512.5 207.5
520.4 916.8
523.0 973.2
523.5 594.0
525.4 425.8
528.6 772.2
532.0 348.29
534.0 45.5
535.0 937.0
536.33 769.67
538.2 863.6
539.0 456.5
541.5 851.0
543.67 96.33
543.75 158.0
546.8 190.4
552.0 306.5
552.75 36.0
556.17 823.83
558.0 424.5
558.5 439.0
558.67 446.33
560.0 602.5
561.4 718.2
563.0 107.0
562.5 200.0
563.33 852.83
566.22 482.5
567.0 507.0
571.5 822.0
578.24 544.41
576.5 815.0
577.5 901.5
582.2 154.6
582.0 694.5
582.0 1040.25
583.67 415.33
586.0 605.71
585.5 734.0
590.0 608.75
592.67 348.67
595.38 960.38
597.5 349.0
599.33 607.67
602.8 92.0
604.5 785.5
606.5 230.0
607.62 740.62
607.5 5.0
616.12 740.59
621.0 601.0
623.67 547.67
624.12 1065.88
625.5 877.5
636.15 193.04
631.8 621.4
632.5 236.5
633.67 303.67
638.0 850.5
641.0 800.5
643.2 850.4
642.5 875.0
644.4 208.6
645.83 147.83
650.71 144.0
649.88 281.88
650.71 477.5
650.33 774.33
650.0 1016.0
657.5 471.0
658.0 736.8
661.0 463.5
662.5 450.0
663.0 1062.0
664.2 576.0
665.0 124.0
665.0 39.5
666.5 860.0
673.5 120.0
676.5 810.5
680.0 777.5
680.33 915.33
682.88 448.88
685.0 186.71
690.0 151.5
692.5 606.5
693.2 842.5
693.5 693.5
697.5 137.5
700.0 1.5
703.87 986.5
708.38 843.38
707.5 892.0
708.75 297.0
710.0 326.5
716.9 243.68
715.0 756.5
715.5 527.0
716.0 579.75
721.5 479.5
725.0 102.5
726.75 128.25
727.0 781.5
727.41 1029.88
730.0 999.5
731.5 559.5
733.67 1009.33
736.17 931.17
738.67 694.11
750.0 535.25
753.51 335.79
754.13 397.5
752.5 1066.5
753.5 1030.5
755.0 969.5
757.5 393.0
759.5 550.0
760.0 795.5
760.0 910.5
761.88 580.88
762.0 951.0
771.5 793.0
775.25 809.0
777.36 884.55
780.71 1075.0
789.21 426.62
784.5 764.0
785.0 939.0
786.88 644.88
791.5 361.5
795.88 926.12
797.67 357.67
799.0 504.5
800.5 365.0
800.5 597.5
801.0 828.5
807.5 134.0
808.6 887.2
811.0 303.5
811.12 117.88
812.5 26.5
814.5 969.0
814.33 200.33
817.5 177.5
819.5 65.5
821.5 2.5
825.0 187.5
828.0 584.0
831.5 899.0
832.5 332.5
834.0 97.2
834.83 374.17
836.0 725.0
836.5 299.0
836.33 457.67
838.75 416.0
838.6 916.8
838.5 979.0
843.0 366.17
844.5 137.5
845.67 225.33
849.83 879.17
847.5 522.5
848.0 772.5
852.6 398.2
854.71 326.0
856.3 1055.3
859.0 454.5
865.11 52.28
864.0 242.5
865.0 110.5
866.5 351.5
866.5 762.5
870.33 1006.33
877.67 821.33
882.0 473.5
880.0 592.5
880.8 1039.4
885.0 194.5
885.0 267.5
887.43 458.86
888.0 559.29
888.67 760.33
890.25 287.0
894.12 419.88
895.0 989.5
900.5 286.5
903.0 656.5
904.0 252.5
904.5 853.5
906.67 773.67
909.17 125.67
909.4 520.8
911.73 799.5
914.61 288.61
912.0 731.5
917.5 194.5
917.6 1040.8
920.5 1024.5
920.8 1046.4
927.0 643.0
930.4 332.8
931.33 414.67
934.0 624.29
940.5 287.5
941.5 806.0
941.33 204.67
944.0 263.8
944.0 131.5
947.5 496.5
949.0 433.0
949.5 451.5
949.25 1031.0
949.0 1037.5
951.5 712.5
951.25 962.0
954.79 780.5
957.67 26.33
959.0 50.0
960.33 63.33
963.29 408.0
969.0 950.0
969.25 965.62
973.9 1030.44
974.5 880.0
981.0 552.83
980.5 455.0
983.71 160.0
981.33 382.67
984.5 751.0
985.0 1050.5
989.0 518.8
990.88 321.88
995.0 529.91
994.5 36.5
994.0 685.5
996.5 610.5
996.5 1044.0
997.5 1008.0
998.0 1066.0
998.5 533.0
1000.71 702.5
1001.6 263.4
1002.38 637.75
1005.0 799.0
1004.0 969.5
1005.0 948.5
1007.5 667.5
1014.0 937.5
1016.4 785.8
1020.5 56.0
1026.5 413.5
1027.0 796.5
1027.0 860.5
1028.5 1040.0
1031.63 737.63
1030.8 998.4
1034.29 541.0
1039.5 549.0
1048.0 683.0
1048.6 427.2
1050.0 834.71
1049.0 31.5
1049.0 816.5
1050.0 901.5
1052.88 26.88
1054.0 871.5
1055.71 490.0
1057.5 1055.0
1062.5 25.0
1072.0 281.5
1072.0 694.0
1071.5 1066.5
1072.5 24.0
1072.5 1015.0
1075.0 773.0
1078.0 299.0
1080.91 9.36
1082.0 267.5
1085.0 133.0
1086.67 298.11
1087.5 773.31
1087.41 675.12
1088.84 414.16
1088.15 577.54
1088.75 792.0
1092.0 177.29
1092.7 1008.9
1093.75 693.0
1095.0 1074.5
1095.5 980.0
1100.0 73.5
1101.0 238.0
1102.0 963.2
1106.25 237.67
1107.5 675.0
1110.0 973.0
1110.0 836.5
1113.2 250.4
1117.88 568.41
1118.6 258.2
1122.0 293.75
1124.88 154.12
1126.88 49.69
1126.8 940.4
1128.5 184.0
1130.63 394.79
1129.0 485.5
1133.12 975.88
1132.8 1069.4
1134.82 629.82
1134.12 886.88
1134.67 971.33
1147.6 270.8
1152.0 798.75
1153.6 125.8
1156.0 753.0
1156.5 705.5
1166.5 525.5
1169.3 446.3
1169.0 171.5
1172.87 743.84
1174.5 985.0
1175.5 588.5
1178.67 249.33
1181.29 122.0
1180.0 403.5
1180.5 598.5
1191.33 313.25
1194.05 1068.32
1196.5 691.5
1199.62 985.38
1199.5 916.5
1200.88 675.12
1202.5 546.5
1202.6 1043.2
1208.5 40.0
1210.16 583.41
1207.67 1064.67
1208.5 605.0
1214.0 1029.0
1215.5 176.0
1215.5 183.0
1219.0 312.0
1219.0 417.5
1222.04 194.4
1221.5 431.5
1226.29 134.0
1225.5 729.0
1226.29 838.0
1228.8 602.0
1229.33 580.78
1229.5 904.0
1230.67 54.33
1233.0 682.0
1235.0 158.5
1236.88 911.88
1238.0 37.71
1238.5 1016.5
1240.0 313.5
1243.75 265.0
1247.29 573.0
1251.0 134.25
1260.0 898.75
1261.5 230.5
1265.92 95.0
1261.0 696.5
1267.6 942.2
1268.67 64.67
1272.17 1029.83
1275.67 557.89
1277.67 110.33
1279.85 187.62
1277.5 950.0
1282.0 149.71
1282.0 773.5
1286.0 302.5
1290.73 774.5
1292.09 834.79
1292.5 149.0
1292.6 462.2
1295.5 425.0
1295.0 662.5
1296.5 909.0
1298.0 1076.5
1299.0 878.5
1302.5 264.5
1303.0 865.2
1305.0 453.5
1306.0 913.0
1307.67 587.67
1310.8 693.6
1312.18 902.18
1312.6 358.2
1313.0 1066.29
1315.71 872.0
1316.88 291.88
1316.5 550.0
1316.71 977.0
1317.5 1063.5
1332.6 386.8
1333.53 578.65
1339.17 879.17
1341.5 874.5
1343.5 751.29
1344.0 14.29
1343.0 52.5
1345.11 130.72
1347.5 995.71
1348.5 346.5
1349.36 449.91
1349.5 234.0
1350.67 597.25
1351.0 73.75
1350.0 863.5
1351.4 430.8
1353.0 209.0
1352.89 260.67
1355.83 51.83
1357.29 451.0
1361.33 616.67
1361.5 1070.0
1364.33 608.67
1366.43 544.0
1366.5 59.0
1376.38 189.38
1378.0 382.0
1376.33 621.33
1377.5 826.5
1379.0 338.29
1381.5 84.0
1381.33 740.33
1384.5 264.0
1385.4 122.8
1385.5 461.0
1386.4 855.8
1389.0 731.0
1387.6 928.2
1389.5 835.5
1391.5 736.5
1397.2 214.0
1396.33 390.33
1397.5 196.0
1397.8 593.6
1400.0 473.5
1401.5 1074.0
1403.2 165.4
1405.4 223.75
1404.5 44.0
1404.0 202.5
1406.0 841.71
1406.88 767.12
1408.67 357.67
1409.0 731.5
1413.0 998.5
1417.38 594.62
1417.85 1004.54
1417.5 515.5
1422.67 563.67
1426.79 392.0
1435.0 802.75
1441.5 565.5
1444.0 829.71
1446.0 434.0
1448.67 731.33
1449.0 620.5
1450.0 107.5
1451.5 407.0
1455.09 775.79
1454.0 1027.5
1461.0 366.29
1461.5 700.0
1463.17 303.17
1464.0 962.0
1464.71 1066.0
1467.5 791.0
1472.5 773.5
1482.5 520.13
1481.67 596.33
1482.6 421.2
1482.4 855.8
1484.5 614.0
1485.5 501.0
1487.0 761.0
1485.5 995.0
1487.8 441.0
1486.0 866.5
1491.38 980.0
1491.62 364.38
1491.4 827.8
1493.0 391.29
1493.0 947.8
1499.5 666.0
1500.0 138.5
1500.0 783.0
1500.0 917.0
1501.5 280.0
1501.33 1020.33
1503.25 459.5
1504.0 1057.5
1505.0 997.5
1512.35 1070.86
1507.0 969.0
1510.0 801.71
1509.67 856.33
1511.33 625.33
1511.5 1037.5
1515.5 245.0
1516.5 172.0
1517.67 121.33
1519.5 202.5
1519.0 991.5
1523.2 69.11
1522.67 574.67
1522.6 833.2
1525.0 216.71
1524.5 777.5
1527.0 514.0
1528.33 508.83
1529.0 826.8
1528.67 1040.33
1533.0 31.0
1532.36 113.55
1533.0 583.75
1536.0 759.0
1535.0 437.5
1539.5 773.0
1541.0 364.5
1543.2 850.4
1543.0 978.0
1542.5 1050.0
1544.5 609.0
1546.08 938.08
1553.5 531.5
1555.0 901.5
1559.0 62.5
1559.5 503.0
1564.91 777.81
1559.5 919.0
1559.5 927.5
1562.5 507.5
1565.5 22.5
1568.62 609.38
1569.6 230.8
1572.73 294.05
1573.28 509.59
1574.5 214.0
1573.0 321.5
1574.5 756.5
1576.0 524.0
1575.88 651.88
1576.29 1069.0
1577.5 604.5
1580.0 268.5
1581.0 488.0
1581.0 628.5
1582.2 841.4
1583.2 149.4
1586.0 711.0
1585.0 796.5
1587.0 197.5
1593.2 396.4
1593.4 718.4
1595.21 305.37
1596.5 295.0
1600.0 837.5
1601.5 1012.78
1602.0 923.5
1604.0 215.5
1604.88 294.88
1604.5 1075.0
1605.0 661.5
1607.2 783.6
1607.5 177.5
1608.11 639.33
1608.88 272.12
1613.29 14.0
1612.33 1049.67
1613.67 812.67
1614.0 46.5
1615.17 98.33
1616.0 647.5
1621.31 163.67
1619.25 1038.75
1620.33 489.33
1622.25 904.75
1621.5 781.5
1624.0 611.5
1624.5 676.5
1624.8 1008.6
1626.12 1013.12
1630.16 10.84
1629.5 94.0
1633.0 601.5
1633.5 1035.5
1636.33 552.67
1640.5 149.5
1642.5 740.22
1643.5 483.0
1644.0 62.5
1644.5 146.5
1644.0 285.5
1646.5 89.5
1646.5 636.0
1649.0 201.0
1650.6 395.3
1651.5 312.78
1653.2 760.0
1654.0 151.5
1655.5 285.5
1657.5 717.5
1661.4 606.6
1662.5 350.0
1664.29 725.0
1666.1 898.68
1667.5 730.0
1669.33 882.67
1669.5 1023.0
1670.8 327.6
1672.5 661.5
1672.5 937.5
1675.4 858.2
1677.0 752.0
1677.5 998.0
1681.0 684.71
1681.33 334.67
1682.5 342.0
1684.67 9.25
1687.36 1071.45
1689.0 264.5
1690.0 890.5
1694.23 1024.5
1692.29 87.5
1692.0 763.2
1693.33 517.67
1694.75 433.0
1702.14 321.35
1701.0 891.5
1704.0 307.5
1706.22 672.5
1711.8 453.6
1713.36 517.45
1715.5 825.0
1719.65 972.71
1716.5 538.0
1717.5 212.5
1719.0 780.0
1719.67 145.67
1719.5 596.5
1720.71 674.0
1720.0 758.5
1722.5 317.0
1729.16 896.72
1725.91 910.64
1729.5 550.0
1731.33 396.33
1734.33 256.67
1735.0 351.0
1737.79 910.5
1737.0 323.29
1736.5 972.5
1739.5 345.5
1741.0 918.75
1743.67 149.67
1748.93 135.87
1747.0 980.0
1752.5 574.0
1752.6 580.8
1754.5 499.0
1756.3 803.4
1755.0 1003.5
1756.67 14.33
1757.0 257.75
1759.0 60.0
1762.37 1025.63
1762.5 697.5
1763.67 1049.33
1764.0 831.5
1770.71 629.5
1772.67 13.67
1775.5 91.5
1777.5 557.5
1781.5 160.0
1781.88 613.88
1785.0 638.0
1787.0 644.5
1787.12 995.88
1787.5 229.0
1789.0 790.0
1794.88 581.59
1800.33 41.33
1800.0 826.5
1803.0 337.29
1803.0 796.5
1802.88 870.12
1804.0 701.5
1805.29 820.0
1805.4 436.8
1806.88 1001.12
1808.0 1072.29
1809.67 929.67
1811.5 423.5
1812.6 293.2
1817.67 1051.33
1820.17 226.83
1823.12 1006.12
1828.64 486.91
1828.67 711.33
1829.0 909.0
1829.0 543.5
1829.5 892.5
1833.5 990.5
1836.0 394.0
1838.75 291.0
1840.5 625.0
1841.11 775.22
1843.12 304.12
1842.67 375.67
1844.0 290.0
1848.0 972.5
1850.5 914.0
1852.5 845.0
1856.5 349.0
1856.5 900.0
1857.5 876.5
1862.67 706.33
1867.5 1013.0
1870.3 308.4
1869.5 698.0
1871.5 586.5
1871.88 831.12
1872.5 80.0
1872.5 725.5
1873.5 316.5
1877.74 447.16
1876.5 973.0
1877.83 1003.17
1879.5 669.5
1881.0 62.5
1880.5 186.5
1882.0 1056.71
1886.5 128.5
1888.5 412.0
1889.0 577.0
1890.2 878.0
1890.33 561.33
1890.33 729.33
1890.5 1020.0
1897.5 874.0
1899.0 554.5
1900.0 1027.29
1904.5 356.5
1905.33 971.33
1906.5 766.5
1909.17 177.83
1910.8 304.4
1912.0 996.0
1915.5 434.0
1916.0 535.5
!