2.5 86.67
2.0 925.25
6.12 452.88
6.5 56.5
6.5 623.5
9.0 450.25
10.5 657.0
11.0 1019.0
13.0 686.5
11.88 1039.88
13.2 1074.6
13.67 155.33
13.5 834.0
16.07 303.9
16.5 96.5
17.12 413.12
19.0 364.0
18.5 559.0
20.33 351.33
21.17 769.83
24.0 142.0
25.0 237.5
30.5 548.0
27.6 207.2
33.06 384.62
30.0 731.21
29.5 879.0
30.0 103.0
31.88 182.12
33.58 341.5
32.0 690.5
34.0 174.0
34.33 26.33
36.0 562.0
35.33 1000.33
39.11 23.72
39.0 308.5
40.25 618.0
42.5 757.5
44.5 1077.5
47.16 4.16
46.0 315.71
46.0 1064.75
46.5 81.0
46.5 320.5
47.5 129.0
47.67 1006.33
48.67 408.67
48.6 605.8
49.5 69.0
49.0 107.5
50.0 432.5
52.5 105.0
52.67 248.33
53.67 939.5
54.0 432.5
55.0 157.5
57.67 727.67
59.12 359.12
60.4 276.8
60.0 650.5
63.5 564.5
64.2 1052.0
65.0 782.5
67.6 932.2
70.25 350.0
71.5 524.5
74.5 510.0
75.0 821.5
79.23 1044.37
79.35 509.06
77.8 771.4
80.0 557.5
80.88 937.12
83.6 363.2
85.76 468.71
84.5 728.5
85.67 633.67
86.5 119.0
87.5 609.5
88.0 302.5
89.75 563.0
90.0 274.5
91.5 315.8
99.31 72.29
95.0 242.0
96.33 193.67
98.6 535.8
106.29 696.0
108.0 57.29
107.5 162.5
107.5 176.5
109.0 87.5
109.5 269.5
110.5 841.0
113.78 507.5
113.29 542.5
112.33 1047.67
115.33 117.67
120.2 84.5
121.0 837.5
122.12 536.88
124.5 738.5
128.7 554.3
127.5 662.5
130.0 43.5
131.5 209.0
133.5 18.5
134.5 485.5
135.0 91.5
137.96 28.24
137.5 237.71
136.5 530.0
138.5 479.0
139.0 770.25
139.0 667.5
140.5 655.5
141.5 69.5
143.83 543.17
143.5 885.5
145.62 350.62
147.0 50.71
146.5 73.0
147.38 833.62
153.09 302.09
149.4 729.8
151.0 255.0
151.62 485.62
150.5 551.5
152.5 772.5
154.88 240.88
154.0 609.5
155.5 25.0
155.0 36.0
155.5 130.0
158.31 254.78
157.5 21.5
157.5 351.0
161.12 482.12
163.67 500.33
164.5 517.0
166.17 350.17
166.0 1072.0
166.8 41.4
166.33 68.67
166.5 370.0
168.0 429.5
168.5 30.5
168.5 820.5
169.0 3.5
171.5 971.0
171.5 1035.0
172.5 299.0
172.75 383.0
174.25 963.0
176.5 1050.5
177.5 1073.5
178.67 153.67
179.5 335.0
182.41 413.88
183.0 20.71
183.88 123.12
184.0 291.5
188.29 79.0
189.29 231.0
188.5 694.5
193.0 623.5
189.5 892.5
190.33 461.33
190.4 736.8
191.0 162.5
192.4 385.4
192.5 1054.0
196.45 55.64
199.42 295.42
198.38 404.62
200.5 1022.27
202.67 786.11
203.0 664.29
203.5 18.0
203.5 24.5
205.0 510.25
206.15 498.54
206.5 415.0
206.5 900.5
207.5 33.0
208.67 80.33
208.5 517.5
212.2 905.0
213.12 815.88
214.0 1024.5
214.33 96.83
216.0 430.65
218.07 670.47
216.12 128.12
215.0 540.5
216.5 794.0
218.0 231.0
218.6 57.2
219.6 253.2
219.71 959.0
220.5 37.5
220.5 265.5
220.8 761.4
220.5 1004.0
222.5 364.0
223.4 868.6
222.5 876.0
225.0 299.0
223.67 832.67
224.0 86.5
225.8 336.0
226.5 162.5
229.33 323.67
229.5 1069.0
230.5 286.5
232.2 121.5
232.33 16.33
233.29 557.0
235.0 539.29
236.78 438.5
237.5 675.0
240.5 265.0
240.33 614.33
242.0 133.75
241.5 629.0
242.12 762.88
243.5 617.0
247.29 400.54
244.33 457.67
248.12 751.88
251.0 586.71
250.0 1008.5
251.5 226.0
252.0 937.0
252.5 1065.5
253.0 319.0
254.33 278.67
255.67 742.67
259.5 0.0
259.5 317.0
262.0 950.0
262.5 954.5
265.0 222.0
266.0 829.0
267.09 449.64
266.88 972.12
267.75 737.0
270.5 328.5
270.25 335.0
271.5 52.0
272.29 403.0
274.5 548.5
274.33 576.33
275.5 954.0
278.0 1054.29
279.12 470.88
279.5 538.5
280.0 1018.29
282.29 506.0
284.0 609.29
284.0 908.0
284.0 87.5
288.46 94.71
285.0 829.5
287.0 1024.5
287.5 1000.0
291.5 45.0
290.5 441.5
295.8 5.4
295.0 363.5
297.0 869.75
298.5 998.17
298.2 718.6
300.0 297.17
302.0 102.0
304.5 506.5
305.88 47.12
307.5 270.0
307.5 300.0
310.0 515.25
310.89 945.33
311.5 218.5
311.4 997.2
314.92 424.31
316.5 275.5
316.5 935.5
319.5 800.33
319.6 91.8
323.56 541.15
321.71 961.0
322.89 118.67
323.4 1040.3
323.5 255.0
324.5 249.0
324.8 768.6
326.5 166.5
328.0 195.25
327.5 869.0
330.0 418.75
334.0 599.0
333.0 17.5
334.5 273.5
333.71 672.0
335.33 112.89
334.33 158.67
337.67 352.67
339.5 349.0
339.5 466.5
341.5 824.5
342.71 448.0
344.5 133.29
345.0 191.5
345.8 241.4
347.12 148.12
347.5 299.0
349.5 232.5
351.0 752.5
353.92 94.31
354.0 988.75
355.0 68.5
360.29 147.0
359.0 856.5
362.11 384.33
363.0 838.29
363.0 656.5
365.4 403.2
366.33 87.67
369.0 805.25
369.5 210.0
370.5 108.0
374.24 170.0
371.33 1011.33
374.0 361.17
373.67 678.67
377.37 5.21
375.33 387.67
382.0 139.0
382.53 209.65
381.71 496.0
381.0 646.5
381.5 789.0
382.67 12.33
384.0 376.5
386.0 57.75
386.5 1031.5
389.17 1008.17
389.71 37.0
390.0 504.8
394.08 75.89
390.0 234.5
390.0 682.5
391.5 908.0
395.43 1041.0
392.5 360.0
395.5 171.0
398.36 266.45
399.5 429.5
401.5 832.5
404.82 150.18
405.0 642.5
407.29 687.0
407.33 218.67
409.0 546.5
411.71 916.0
414.0 247.5
419.25 470.62
420.12 605.88
420.0 107.5
420.71 500.0
434.55 51.41
421.33 565.33
424.17 198.33
426.0 121.25
426.5 633.0
428.0 914.0
429.0 857.5
431.09 873.09
430.0 99.5
432.48 707.86
431.5 64.0
432.12 335.88
435.33 163.67
436.5 76.0
437.62 859.0
438.29 155.0
437.5 214.0
438.5 469.0
439.5 422.5
440.5 747.5
442.0 173.0
445.33 276.33
448.94 599.56
446.25 518.0
448.2 632.33
448.2 937.6
449.0 55.5
451.0 20.8
450.8 992.6
453.33 253.89
455.47 3.87
454.67 781.33
459.67 236.33
459.0 750.5
460.5 56.5
461.5 277.5
462.0 580.0
464.5 476.0
465.6 481.6
467.83 728.0
468.75 354.25
472.0 470.25
473.0 132.75
474.0 50.5
475.0 102.5
476.5 946.0
477.5 374.0
479.0 407.0
481.91 829.64
486.0 171.0
487.0 1029.0
488.67 511.33
489.5 587.5
490.0 179.71
492.2 297.5
491.5 914.0
495.0 886.5
495.3 779.7
495.33 1041.33
497.4 43.6
499.0 220.5
499.5 375.5
499.5 547.0
500.5 184.0
503.37 508.85
500.25 1006.0
505.96 406.6
504.0 1056.5
505.0 166.0
507.2 762.6
510.0 83.75
509.6 221.8
511.33 812.67
512.5 619.5
513.5 1065.5
514.0 802.5
518.88 91.42
516.33 15.33
516.33 421.67
518.0 713.75
519.91 311.91
520.0 697.5
522.5 1022.5
523.6 133.2
524.0 486.5
525.0 32.5
528.0 426.0
531.5 293.5
531.33 51.33
531.5 917.0
533.2 13.0
533.5 1079.0
534.5 460.0
542.59 237.87
536.5 436.5
537.67 293.67
538.75 844.25
539.64 980.45
540.0 585.0
540.0 63.5
540.33 315.67
540.33 670.33
542.11 253.67
546.42 591.42
543.0 31.5
543.6 77.2
546.5 474.5
547.71 297.0
548.67 208.67
549.5 458.0
551.0 572.0
550.59 1008.88
554.0 995.5
555.25 310.0
556.6 566.8
559.58 97.92
558.5 159.0
559.5 10.5
559.71 350.0
559.0 419.5
563.38 129.88
561.71 602.0
563.5 524.0
562.5 995.0
566.5 390.45
564.5 409.0
565.88 26.88
566.6 499.4
565.5 725.5
572.57 181.48
569.5 209.0
572.0 578.0
578.39 333.12
573.5 29.0
573.67 552.67
574.12 880.88
574.0 957.5
579.0 1054.0
579.0 949.0
580.0 42.5
581.5 806.5
582.5 875.0
584.0 129.5
586.5 280.0
587.5 891.5
589.5 26.5
590.5 950.0
594.12 601.59
597.5 719.87
595.0 681.5
596.33 996.33
601.72 92.43
599.5 481.0
599.5 1000.5
601.71 289.43
600.33 965.33
602.8 384.0
604.0 113.4
606.42 491.16
605.75 204.67
604.6 221.8
607.5 297.5
610.5 20.5
610.5 60.0
611.33 598.67
613.5 70.0
612.88 82.12
614.13 142.53
612.5 972.0
614.17 904.83
615.0 604.0
615.33 295.33
615.0 576.5
619.5 705.0
619.5 11.0
620.8 562.0
621.66 949.62
620.0 113.5
621.0 916.25
623.0 418.5
625.0 117.0
625.0 191.5
625.88 865.88
629.5 41.5
633.59 314.76
631.0 816.5
631.5 263.0
631.5 474.0
631.5 530.0
638.54 963.89
633.6 238.2
638.15 509.78
637.5 49.0
640.0 543.75
640.0 307.5
640.33 608.67
642.5 39.0
643.0 142.5
644.83 783.83
647.5 169.5
651.91 818.91
650.0 1035.5
651.5 24.0
651.5 307.5
651.4 862.2
652.0 919.71
652.75 226.0
652.75 681.0
654.0 339.71
657.5 344.0
658.2 486.4
658.2 585.4
658.0 958.0
658.5 454.0
659.33 156.33
661.5 990.0
666.64 1053.91
666.4 168.2
669.0 742.0
670.0 497.5
672.0 674.8
672.5 444.5
672.71 952.0
673.67 61.33
674.67 685.33
674.5 826.5
676.5 630.5
679.0 482.5
679.0 841.5
680.25 275.0
680.0 766.0
682.5 0.0
682.5 188.0
682.5 968.0
683.88 470.88
684.33 879.11
684.0 861.5
687.75 446.0
688.67 730.33
690.88 397.12
690.5 873.5
692.0 48.75
692.0 220.25
692.12 311.88
691.8 836.4
692.5 505.0
693.0 928.5
694.5 1054.0
695.0 371.5
704.0 109.5
702.5 529.5
703.5 761.5
704.71 976.0
705.0 434.5
704.67 259.33
707.5 287.5
712.5 914.0
714.5 274.0
715.0 111.5
718.57 756.86
729.09 640.81
721.36 828.09
721.33 249.67
721.5 305.0
721.5 741.5
723.67 54.5
728.28 316.59
728.0 210.5
729.0 225.5
729.5 729.5
730.33 123.67
731.0 141.29
732.5 172.5
734.0 278.0
737.0 29.0
737.5 515.0
737.75 721.0
740.5 31.0
740.5 425.5
741.0 557.0
742.0 440.71
741.5 575.5
742.67 108.33
743.0 578.75
744.5 712.5
747.12 342.12
747.0 1007.0
748.0 17.5
747.5 686.5
749.0 482.5
749.0 622.0
750.71 719.0
750.0 817.5
751.5 259.0
753.5 407.71
752.67 953.67
755.89 399.48
753.0 736.5
755.0 429.5
756.0 977.71
756.5 39.0
756.5 168.0
759.0 122.5
762.0 133.75
761.5 386.5
764.0 161.5
765.4 689.2
766.88 10.12
766.71 213.0
767.5 762.5
769.0 898.5
773.0 500.0
772.5 174.0
777.1 693.78
779.71 263.0
780.0 396.5
781.0 485.0
782.4 97.4
783.67 618.67
784.6 187.2
784.71 818.0
784.0 883.5
785.5 846.0
786.5 326.5
788.12 347.88
789.0 610.0
788.5 391.5
790.0 769.0
792.33 356.33
793.84 462.37
793.5 139.0
793.5 310.0
794.0 531.5
795.8 369.6
795.8 618.6
798.55 452.36
799.5 235.0
798.6 643.2
799.5 255.5
800.71 900.0
800.5 975.0
801.5 35.0
801.5 140.0
802.2 154.4
801.88 852.12
803.29 351.5
805.0 882.0
806.8 1003.6
808.38 438.38
808.29 918.0
809.33 337.67
812.2 377.6
813.5 206.0
822.74 321.68
814.0 639.29
815.5 82.5
818.0 38.29
822.05 671.31
818.67 70.33
822.0 648.2
822.18 846.18
825.67 276.33
826.5 921.0
832.0 635.5
837.44 385.67
835.25 643.0
837.6 101.2
838.5 403.5
840.4 272.8
842.2 950.4
843.71 171.5
845.0 15.8
846.0 861.71
846.5 943.0
847.5 745.0
848.5 834.29
850.2 644.5
849.0 439.5
850.0 407.5
851.0 326.5
851.5 970.5
852.5 819.5
856.33 449.33
857.5 217.0
858.5 583.2
863.65 436.35
860.33 488.67
862.5 832.0
864.0 742.0
864.0 116.5
866.17 361.17
866.5 286.5
867.0 710.0
870.0 175.0
867.5 956.5
872.0 102.5
871.88 740.88
873.0 222.71
872.67 944.67
874.0 292.5
876.5 433.0
877.12 526.88
876.0 903.5
877.5 444.0
877.67 1017.67
881.83 236.02
879.0 464.5
880.5 538.0
880.8 191.5
880.0 581.0
883.0 113.5
882.0 447.5
886.5 636.8
886.5 447.5
886.33 868.67
888.12 377.12
888.2 681.5
890.5 225.0
890.5 926.5
892.5 1054.0
893.0 374.5
901.71 410.25
893.5 634.0
894.5 296.0
894.5 704.5
896.5 452.5
896.5 694.0
899.5 547.5
899.0 871.5
901.0 237.5
903.0 233.5
901.5 759.0
903.2 245.4
902.8 909.4
906.5 971.5
906.33 62.67
907.5 327.5
907.5 641.0
908.5 266.5
910.89 1033.89
910.0 211.5
910.5 306.0
913.38 339.38
917.56 285.67
914.5 382.5
919.0 516.5
921.8 477.6
924.0 731.8
925.5 100.0
926.8 138.0
925.5 588.0
929.2 18.6
930.48 375.39
931.8 382.6
933.14 161.29
933.75 802.0
942.29 679.07
937.0 317.5
936.5 966.0
937.8 480.4
940.12 700.88
945.0 757.0
942.5 340.0
942.6 816.2
943.0 976.2
945.0 26.5
948.0 1050.25
954.6 764.96
954.0 973.0
954.0 416.5
955.88 669.12
957.24 755.62
959.92 19.17
962.89 759.11
963.41 204.88
964.12 992.88
968.12 276.88
968.67 29.67
972.38 536.38
972.5 290.0
973.0 979.5
975.11 373.28
976.33 707.67
978.5 637.5
981.33 212.67
983.75 1031.0
985.0 129.0
986.33 24.67
990.4 63.2
993.58 721.58
994.5 440.5
995.0 345.71
996.0 553.0
997.0 982.75
998.0 769.0
1002.74 107.0
1000.71 347.0
1003.5 274.78
1002.5 351.0
1007.0 56.71
1005.0 100.5
1006.5 114.5
1008.67 803.2
1008.6 223.2
1010.88 32.12
1013.0 138.29
1014.0 197.5
1017.0 275.0
1017.0 102.0
1018.6 408.2
1018.5 794.0
1024.0 336.0
1019.0 741.5
1020.33 291.5
1021.0 26.5
1021.0 136.5
1026.95 265.43
1026.63 13.79
1026.62 408.38
1026.5 242.5
1027.5 77.5
1030.64 93.09
1029.33 399.67
1030.5 100.5
1034.16 10.11
1034.6 274.8
1034.5 661.5
1035.0 468.5
1036.5 567.0
1037.88 267.12
1038.0 658.0
1039.0 862.0
1040.88 113.88
1041.4 807.2
1047.08 114.76
1046.71 154.79
1046.88 35.12
1046.8 220.8
1046.71 1032.0
1050.62 724.74
1053.14 7.19
1051.88 484.12
1051.0 522.5
1052.17 569.83
1054.86 40.43
1054.5 961.5
1056.2 419.4
1056.0 765.5
1056.71 189.0
1057.5 114.0
1064.05 306.43
1060.0 176.71
1060.33 408.67
1061.0 564.29
1060.0 846.5
1062.5 280.5
1062.5 587.0
1063.5 935.5
1065.0 778.0
1066.0 818.75
1066.0 919.0
1067.0 628.5
1067.5 683.0
1069.0 99.71
1068.5 217.5
1070.17 14.17
1078.57 102.74
1075.0 643.5
1076.5 34.0
1085.14 975.92
1081.0 301.29
1081.0 494.75
1084.0 86.0
1083.6 562.2
1085.5 1013.5
1087.71 101.0
1090.54 505.44
1088.6 406.8
1089.0 368.5
1091.12 58.12
1090.33 280.33
1091.5 294.5
1092.0 405.0
1092.5 598.0
1093.0 288.5
1099.35 180.19
1097.5 452.5
1098.0 1006.0
1098.5 650.0
1099.5 882.5
1100.71 3.0
1100.0 467.5
1101.0 283.5
1102.5 211.5
1108.0 416.5
1110.58 814.58
1110.0 570.25
1111.0 770.71
1113.0 587.0
1114.4 98.2
1117.13 336.87
1116.5 294.0
1116.0 511.5
1119.76 875.0
1119.5 134.0
1120.0 195.5
1120.8 926.4
1121.5 154.0
1122.0 820.5
1124.0 658.5
1128.5 567.5
1129.29 717.0
1129.5 240.0
1133.29 39.0
1133.0 372.0
1134.5 265.5
1137.5 46.5
1137.5 811.5
1140.79 794.5
1141.0 694.5
1142.92 478.15
1141.4 983.2
1143.0 606.5
1146.33 305.33
1148.0 145.0
1148.53 458.13
1150.0 418.0
1149.0 101.5
1152.71 375.29
1150.8 860.0
1150.0 32.5
1151.29 497.5
1152.6 100.8
1152.83 480.17
1155.19 632.07
1159.25 473.0
1160.4 12.2
1161.0 368.5
1162.28 454.81
1160.88 575.88
1164.0 355.0
1169.4 347.86
1167.0 305.0
1165.8 609.6
1166.5 127.5
1168.5 132.5
1172.0 536.29
1179.25 427.21
1182.11 13.1
1177.71 111.5
1176.5 445.0
1176.8 593.6
1177.83 91.83
1177.5 346.5
1178.5 912.5
1183.67 97.15
1181.67 372.25
1183.6 393.2
1183.6 662.2
1185.33 211.33
1186.0 862.5
1190.0 427.5
1192.09 568.91
1190.5 813.0
1191.5 491.5
1193.12 38.12
1194.5 307.5
1199.5 314.0
1200.5 84.5
1201.33 668.67
1203.67 159.67
1204.5 354.0
1206.29 126.0
1210.0 8.65
1208.83 115.17
1209.29 353.0
1209.0 825.71
1209.33 969.67
1211.0 108.5
1212.2 518.5
1212.67 669.33
1215.33 222.67
1216.88 584.88
1220.25 950.0
1221.0 478.5
1224.5 823.0
1226.0 34.0
1229.0 581.5
1231.85 984.85
1230.5 150.5
1230.5 894.0
1231.8 27.6
1232.5 455.0
1232.5 507.5
1235.0 354.5
1236.0 836.71
1235.8 975.4
1236.4 501.8
1236.33 643.67
1237.67 717.67
1239.0 868.17
1240.38 376.38
1246.56 1049.51
1244.67 90.33
1245.0 498.29
1245.5 478.5
1246.0 583.5
1248.5 82.0
1251.91 797.91
1251.5 159.0
1252.5 812.5
1254.5 34.0
1262.71 532.5
1256.5 672.5
1259.81 85.69
1259.5 19.5
1260.25 10.75
1261.5 40.0
1263.5 413.0
1264.5 280.5
1266.81 299.06
1265.5 375.0
1266.8 553.6
1275.39 184.56
1271.5 409.5
1272.0 439.0
1273.2 242.6
1273.2 660.4
1273.75 7.0
1275.16 737.84
1274.0 22.5
1275.0 863.5
1277.14 346.71
1278.0 597.5
1279.0 628.5
1279.0 476.5
1279.0 552.5
1280.0 56.5
1281.33 558.67
1281.88 562.12
1283.67 18.67
1285.91 340.64
1287.0 26.8
1287.5 350.5
1289.0 527.5
1290.67 397.83
1291.5 81.0
1297.75 753.0
1299.5 88.29
1299.0 1066.0
1300.45 826.64
1301.72 99.11
1301.67 656.89
1301.88 384.88
1303.0 514.5
1304.67 671.33
1306.68 737.14
1307.82 85.18
1307.0 288.75
1306.5 324.0
1308.0 44.0
1310.0 1049.5
1311.88 627.88
1311.33 945.33
1318.26 83.5
1316.3 782.81
1314.25 411.0
1314.0 603.5
1318.94 310.58
1319.0 882.0
1318.67 1078.67
1319.5 940.0
1327.59 231.96
1321.5 509.0
1323.2 305.4
1327.27 29.33
1329.5 429.5
1333.0 606.25
1339.85 386.58
1337.5 916.5
1340.0 170.0
1339.4 314.8
1341.5 238.5
1342.0 838.5
1342.5 356.0
1344.5 497.0
1345.31 1068.88
1345.5 161.29
1351.77 228.25
1345.0 390.25
1344.5 445.0
1346.0 271.5
1348.5 620.0
1349.0 757.5
1350.5 381.5
1351.5 281.5
1351.5 456.5
1353.0 100.0
1354.0 898.75
1356.0 884.0
1358.0 713.5
1360.0 1009.0
1357.83 1034.17
1358.67 112.67
1359.5 661.0
1362.0 709.5
1362.5 126.0
1365.48 868.89
1364.0 747.5
1366.22 163.56
1365.71 340.0
1368.28 502.41
1368.5 432.5
1369.4 551.8
1369.5 948.0
1372.67 762.78
1374.26 52.59
1373.62 1074.62
1374.5 619.0
1374.5 1021.0
1377.5 589.0
1380.0 190.71
1386.5 554.5
1384.5 802.0
1385.4 728.2
1386.6 220.8
1388.0 864.5
1391.29 928.18
1390.67 427.67
1390.4 911.2
1396.0 113.0
1398.75 61.0
1403.29 320.37
1405.0 751.19
1403.29 644.5
1410.6 399.0
1410.33 412.67
1410.71 711.0
1412.67 60.67
1412.5 303.0
1415.41 820.0
1413.5 838.0
1415.5 436.0
1421.0 257.71
1424.0 279.5
1429.92 121.32
1426.0 966.0
1426.5 110.0
1427.0 942.0
1429.0 925.5
1434.88 715.88
1437.12 36.88
1439.0 736.24
1437.75 1078.38
1438.18 146.82
1440.0 59.0
1440.96 1037.6
1442.67 783.67
1443.5 370.5
1447.67 132.67
1448.5 189.5
1449.6 843.2
1453.38 279.62
1452.88 342.12
1453.5 409.0
1456.8 930.0
1456.25 758.0
1462.77 273.18
1460.88 466.88
1460.88 630.88
1460.5 995.0
1463.0 280.25
1462.5 315.5
1463.0 1000.0
1470.5 757.5
1472.5 429.0
1474.0 962.5
1475.71 618.0
1478.0 133.0
1480.25 226.0
1483.45 1048.71
1482.0 288.5
1481.5 653.5
1482.5 176.0
1485.0 957.0
1486.5 155.0
1488.6 1017.2
1490.5 1060.8
1496.38 731.38
1498.5 168.5
1498.5 711.0
1499.67 784.33
1500.0 817.5
1501.5 137.5
1504.0 4.0
1505.25 83.0
1506.5 240.29
1505.25 838.0
1506.5 405.0
1511.47 706.55
1508.67 560.33
1509.55 901.95
1510.0 78.5
1510.0 296.0
1512.0 825.0
1514.0 686.62
1514.5 343.0
1515.25 1.0
1517.0 215.0
1518.8 564.0
1518.8 607.0
1520.0 633.5
1520.0 362.5
1521.33 106.67
1523.12 304.12
1522.88 527.12
1526.33 406.33
1526.8 528.6
1528.6 5.8
1530.8 294.4
1534.25 686.0
1534.83 904.17
1537.5 589.5
1537.5 1007.5
1537.5 1044.5
1538.83 416.17
1539.0 33.5
1542.0 99.75
1544.28 795.41
1544.75 413.0
1544.5 536.5
1545.4 371.2
1545.67 433.67
1547.0 1.5
1546.5 730.0
1547.0 762.8
1547.75 782.0
1547.5 879.0
1549.5 1068.5
1553.75 161.0
1555.0 619.5
1558.0 407.0
1560.64 669.73
1556.5 1053.0
1557.67 946.33
1558.0 8.5
1559.54 742.15
1559.0 392.5
1562.0 690.5
1562.67 400.33
1564.0 194.29
1564.71 308.5
1567.93 382.47
1565.6 755.6
1567.16 417.84
1566.0 838.5
1570.12 673.12
1570.0 733.5
1573.91 431.91
1573.71 736.0
1576.0 151.5
1576.67 687.89
1577.67 900.67
1578.5 668.0
1582.2 451.4
1582.0 898.29
1588.82 26.54
1587.75 118.41
1583.5 734.5
1584.0 83.5
1591.0 861.5
1592.38 12.38
1592.67 551.67
1594.17 221.17
1594.5 40.0
1594.0 351.5
1594.0 927.5
1595.5 300.0
1595.5 306.0
1597.5 98.0
1600.0 830.0
1601.0 410.29
1603.33 1042.56
1604.22 810.94
1603.5 120.0
1607.0 596.0
1610.4 152.8
1611.33 5.33
1612.0 736.0
1612.67 999.67
1615.33 713.11
1619.25 274.25
1620.0 424.0
1619.0 1061.5
1622.0 908.5
1623.5 137.5
1624.8 332.0
1627.8 309.0
1628.89 493.72
1629.5 685.5
1629.6 761.8
1630.0 438.0
1630.33 443.67
1635.0 97.0
1632.2 213.6
1631.5 850.0
1641.11 939.33
1642.0 596.5
1641.4 967.2
1642.8 794.6
1645.5 223.5
1647.0 70.5
1647.12 661.88
1649.87 781.47
1648.75 973.0
1650.33 22.67
1651.29 419.5
1653.71 861.29
1651.71 613.0
1656.02 692.06
1652.67 833.11
1653.0 333.75
1652.5 377.5
1652.6 935.8
1656.5 790.0
1661.11 53.33
1660.4 420.8
1661.5 429.0
1665.0 433.29
1664.5 870.0
1670.0 831.17
1671.5 845.0
1671.5 476.5
1673.29 516.0
1673.67 409.67
1673.6 634.2
1676.5 857.5
1677.5 457.5
1678.5 564.0
1680.47 5.87
1679.0 598.0
1680.33 258.67
1681.17 428.83
1680.33 556.33
1682.0 171.8
1688.0 540.83
1687.12 193.12
1687.5 815.5
1690.25 809.0
1692.5 697.5
1695.33 627.67
1702.19 964.46
1703.53 1048.5
1697.5 975.5
1699.0 337.0
1700.88 890.88
1707.0 80.0
1702.5 510.5
1703.36 409.09
1703.5 377.5
1703.5 854.0
1705.0 362.0
1704.0 487.5
1704.0 875.5
1705.5 805.0
1708.29 525.0
1710.22 201.09
1714.56 731.46
1714.29 894.0
1715.33 505.33
1716.33 309.33
1717.87 561.47
1721.0 465.25
1721.5 691.5
1722.5 19.0
1723.67 980.33
1727.0 214.8
1726.88 896.88
1728.5 973.5
1729.5 489.0
1730.0 822.71
1728.5 1059.0
1729.0 162.5
1730.4 320.8
1735.71 921.5
1735.33 130.33
1736.5 283.0
1736.5 589.0
1739.5 225.0
1740.5 121.5
1742.0 211.25
1741.5 927.0
1746.12 157.12
1746.19 604.93
1744.4 872.8
1745.0 1060.0
1745.0 56.5
1746.0 322.71
1745.25 516.0
1749.71 271.5
1751.1 485.69
1759.16 868.69
1759.98 588.31
1760.43 277.0
1760.0 504.71
1761.5 928.5
1763.12 753.12
1763.5 230.0
1763.6 260.8
1767.41 143.12
1769.0 254.0
1770.5 410.0
1771.33 403.67
1773.12 510.12
1773.29 618.0
1774.78 486.89
1774.4 747.2
1775.0 428.5
1776.0 706.0
1776.33 857.67
1779.0 720.0
1780.0 155.71
1779.33 835.33
1782.5 632.5
1786.5 742.0
1787.67 809.67
1792.0 8.0
1795.0 593.75
1794.83 815.67
1796.0 879.25
1795.25 1031.0
1797.5 818.5
1799.0 919.5
1801.12 722.88
1801.33 545.33
1804.5 126.79
1804.33 446.33
1807.88 781.41
1807.5 502.5
1810.5 890.5
1811.4 374.4
1811.5 858.29
1811.8 869.4
1813.0 913.71
1812.5 996.5
1815.5 424.5
1816.91 676.64
1818.0 622.0
1820.0 229.5
1820.5 515.0
1821.4 3.2
1821.5 55.0
1822.29 633.0
1825.0 979.5
1827.67 775.33
1829.2 710.4
1830.0 16.5
1829.0 937.5
1831.5 660.5
1832.75 897.0
1834.0 777.75
1835.67 964.17
1836.4 146.8
1837.2 729.4
1838.96 640.4
1841.5 750.0
1843.0 467.71
1843.33 97.67
1843.5 484.0
1844.5 496.5
1848.0 498.5
1850.0 249.5
1850.0 391.5
1851.5 698.5
1852.5 459.0
1856.27 836.6
1856.29 483.0
1857.12 792.12
1859.5 442.5
1865.0 533.5
1866.5 479.0
1867.6 682.2
1869.5 834.0
1869.5 865.0
1872.12 387.12
1873.0 713.29
1877.07 314.27
1876.72 903.89
1876.5 854.0
1878.5 850.0
1879.33 895.33
1882.29 572.0
1882.0 624.0
1883.0 125.0
1882.5 586.0
1882.71 606.0
1885.67 169.17
1886.5 618.71
1885.0 814.5
1889.95 726.1
1894.57 447.0
1895.0 965.5
1898.0 440.25
1899.5 181.5
1899.5 294.0
1902.0 1043.8
1902.67 635.33
1904.11 189.67
1905.88 966.88
1907.0 857.0
1907.5 465.0
1908.0 595.0
1908.2 1022.5
1910.4 800.8
1913.0 938.71
1915.0 406.0
1915.75 1001.33
!