0.0 609.5
1.71 526.0
4.5 661.0
4.4 723.8
6.0 85.71
5.5 967.0
7.0 712.0
10.29 992.5
11.12 287.12
12.0 338.0
11.33 470.33
14.0 383.71
12.67 791.33
13.12 1047.12
14.5 610.0
16.5 802.5
17.67 808.67
18.5 921.5
22.0 833.59
20.5 449.0
20.0 906.5
23.0 22.0
24.12 389.88
24.0 63.5
24.88 431.88
25.5 880.5
25.0 1050.5
29.29 199.0
30.5 300.0
32.0 336.5
31.88 405.88
33.0 850.0
33.67 1063.67
34.33 148.67
35.5 479.29
35.0 531.25
35.0 522.0
35.8 578.6
37.5 418.5
37.5 720.0
40.44 885.19
38.5 64.5
40.5 748.2
43.44 982.03
41.18 402.82
43.12 238.12
43.5 362.0
47.0 793.34
45.88 107.12
46.5 696.5
48.4 20.0
49.38 1033.62
53.65 1014.0
56.24 580.8
58.59 102.0
58.29 949.0
58.75 876.0
63.96 904.58
62.12 78.12
62.0 228.2
61.8 724.4
62.5 15.5
63.57 794.0
64.5 435.0
64.0 164.5
65.33 38.67
65.5 256.0
66.8 883.6
70.0 388.75
69.0 485.5
70.0 373.5
70.0 433.5
73.09 157.09
71.33 378.67
74.0 93.29
73.0 112.5
74.67 427.67
74.0 1037.5
76.5 38.0
77.5 78.5
80.67 32.33
80.0 293.5
81.4 331.2
81.8 441.4
84.5 484.5
87.71 256.0
88.67 375.33
90.5 219.5
93.72 623.59
92.0 829.0
93.6 685.8
95.0 29.5
95.0 194.5
96.8 130.4
96.4 557.2
97.5 135.5
100.13 330.47
99.5 834.5
101.5 752.0
103.0 292.71
103.0 624.0
104.46 91.15
104.0 554.5
107.25 260.25
106.2 533.0
108.67 864.33
112.6 165.8
115.0 231.5
113.67 374.67
115.2 80.4
118.38 97.38
119.0 765.5
122.0 345.0
122.12 446.88
122.5 320.5
123.67 361.33
124.0 793.5
126.4 430.8
127.89 681.72
128.0 336.0
127.5 410.0
127.5 1039.0
130.5 271.0
131.67 141.33
132.5 754.0
135.0 433.0
135.0 532.0
135.0 581.71
136.0 317.75
136.0 355.0
138.0 287.0
140.89 174.33
142.4 211.4
141.5 605.5
144.88 77.12
144.5 127.5
145.0 536.5
146.0 585.5
147.0 228.8
148.33 819.5
148.0 977.2
149.67 609.33
150.0 725.0
154.0 260.0
153.5 808.5
155.62 1030.62
155.0 348.5
158.83 245.0
160.0 325.71
159.67 412.67
165.06 226.84
161.33 1016.33
162.5 720.0
165.25 75.0
165.0 140.5
167.23 151.09
165.0 864.5
168.41 161.72
167.0 240.71
167.29 784.0
171.86 522.93
171.0 52.5
172.88 380.88
172.5 960.0
174.25 683.0
181.48 832.54
177.5 189.0
178.0 408.75
178.0 931.71
178.83 414.17
178.5 785.0
180.17 972.33
182.5 156.5
184.0 292.5
185.0 108.5
186.33 918.67
186.5 1070.0
192.93 47.44
187.5 661.0
189.0 129.5
190.0 630.5
194.48 25.61
192.67 688.67
192.67 991.33
194.5 676.0
194.0 416.0
195.12 717.12
196.5 587.5
195.0 737.5
197.5 742.2
197.5 907.5
198.5 68.0
199.47 548.13
201.0 193.0
201.79 733.5
200.8 704.4
201.4 318.2
202.0 511.71
203.0 411.5
206.0 113.0
207.12 552.12
208.0 130.25
211.5 180.0
213.12 86.88
212.5 579.0
213.0 971.0
214.0 281.0
216.0 821.29
216.4 95.8
217.5 170.71
217.5 749.29
216.33 922.67
221.0 91.5
220.4 274.2
220.5 415.0
227.0 877.0
227.0 926.0
230.1 738.05
229.5 6.5
229.33 325.33
231.0 424.2
232.0 273.0
232.5 819.5
232.5 690.0
232.67 707.67
235.8 113.6
235.86 207.29
235.0 292.0
236.5 728.0
238.0 55.29
239.79 770.79
238.67 535.33
239.5 886.71
239.5 906.5
240.0 753.5
240.0 947.5
243.88 78.12
244.5 374.5
244.0 671.0
244.5 749.0
244.5 863.0
245.5 947.5
248.0 3.0
248.29 848.0
249.0 525.5
250.0 132.5
251.5 651.0
254.0 114.29
255.6 281.6
255.88 443.12
256.5 679.29
256.5 405.0
257.41 742.12
259.92 24.5
258.2 51.4
257.5 526.0
258.5 376.0
259.5 117.5
260.4 862.2
262.2 650.4
261.5 835.5
263.62 1069.62
264.67 895.75
267.5 442.71
266.5 672.5
270.0 12.8
270.8 213.6
272.12 758.12
275.39 206.39
273.5 109.5
273.5 192.0
274.5 255.8
274.5 36.5
278.56 276.33
277.6 1060.8
278.5 405.0
279.0 652.5
280.33 918.67
282.5 337.71
283.5 880.0
284.0 567.5
285.33 203.67
288.11 294.33
287.5 1004.0
289.67 551.11
289.6 743.2
294.38 51.38
294.5 267.2
294.38 685.38
294.0 1043.0
294.0 185.5
295.5 84.5
295.33 516.33
297.0 10.0
297.88 626.88
302.42 298.54
299.17 559.83
301.0 182.5
302.13 290.53
301.62 499.38
301.0 825.0
301.5 754.5
302.67 66.33
304.5 676.0
303.5 924.0
307.0 256.29
308.0 538.75
309.29 283.0
310.59 472.28
308.67 851.33
312.5 378.5
313.0 773.5
315.64 792.55
317.5 475.0
323.0 43.5
326.8 699.89
324.0 1005.5
326.33 16.67
326.33 155.33
326.83 664.17
326.5 840.0
327.71 516.0
327.71 747.0
329.5 102.5
329.0 986.5
331.0 253.29
331.5 295.5
332.12 316.88
332.0 660.5
331.5 687.0
334.12 182.72
334.37 365.21
334.36 63.55
333.6 232.8
336.2 335.4
336.17 495.67
335.0 1042.5
340.0 702.0
340.19 1015.14
340.25 455.0
342.38 666.62
342.0 755.8
342.5 606.0
343.5 832.2
344.0 151.5
345.5 401.5
344.0 571.5
346.21 1052.0
345.8 451.4
349.05 1076.1
351.5 78.5
351.25 998.0
355.0 622.0
356.5 681.5
356.5 582.0
357.5 726.5
358.5 971.5
362.33 282.89
364.0 739.8
365.33 719.67
367.2 336.4
366.5 839.0
368.0 754.0
369.75 836.0
372.5 585.0
372.5 711.0
373.0 1036.0
379.66 46.86
374.17 219.17
375.0 820.0
375.0 373.5
375.0 380.5
378.29 951.0
379.6 657.2
381.0 132.0
381.2 553.0
383.21 811.49
382.0 338.5
381.0 455.5
383.0 613.8
384.5 427.29
386.09 975.09
385.33 262.67
387.12 338.12
387.0 391.5
387.6 689.4
386.5 733.5
386.33 924.33
390.54 457.77
389.0 178.0
389.0 517.5
390.25 978.0
392.78 89.44
391.88 357.88
393.2 101.4
392.75 701.0
393.5 1046.5
394.88 178.12
394.0 946.5
398.2 588.0
399.21 774.0
399.78 287.56
404.2 389.39
401.5 124.79
400.0 490.5
403.29 1064.71
405.5 256.0
407.2 369.5
407.0 583.5
408.0 327.8
410.0 490.5
412.5 322.5
413.0 432.0
412.5 497.5
412.5 704.5
413.0 648.5
418.64 664.24
414.0 850.25
417.41 602.28
417.5 43.5
419.5 86.5
418.45 861.42
417.67 292.67
419.5 158.0
419.62 698.62
420.0 1043.5
421.5 41.0
424.0 287.5
428.76 762.94
425.5 455.0
425.5 508.5
426.0 666.5
428.0 112.5
428.5 815.5
430.0 166.5
430.33 1044.33
432.0 145.0
431.5 790.0
431.0 1026.5
432.5 985.0
433.5 545.5
433.5 1079.0
436.09 290.91
436.5 359.0
441.04 530.94
437.5 817.0
441.0 249.0
438.0 833.5
439.0 591.0
441.5 899.5
440.71 510.0
441.5 585.0
441.71 1031.0
444.0 75.0
444.5 27.5
445.5 550.5
447.33 113.0
444.5 219.0
445.5 209.0
446.0 826.71
448.42 804.58
449.58 963.42
454.0 345.5
454.0 461.5
456.0 701.5
457.5 176.5
457.88 525.88
459.0 447.5
461.2 943.6
462.0 624.0
462.71 216.0
463.17 355.17
465.5 416.5
465.33 692.67
468.4 718.6
472.5 188.2
470.17 303.33
470.0 863.75
470.5 127.5
471.33 315.67
471.5 918.0
475.0 456.5
478.5 906.27
478.76 880.24
479.0 841.5
480.45 816.36
481.0 403.75
481.9 1014.05
482.71 331.57
484.0 176.5
483.67 751.33
486.0 280.25
485.71 765.0
487.0 1034.0
489.5 884.0
489.5 901.5
491.8 326.4
492.0 543.0
492.5 571.5
492.83 879.83
493.5 1040.71
495.33 674.33
499.0 391.24
496.5 434.5
499.0 595.0
500.25 871.0
503.6 1002.2
505.5 124.0
504.5 454.5
504.67 585.33
509.89 623.6
506.5 743.0
508.0 345.0
509.67 136.75
511.8 455.4
513.29 34.5
516.0 1.5
517.2 162.5
516.4 548.2
516.5 615.5
517.5 1079.0
519.38 402.62
518.5 608.5
521.5 240.0
523.5 137.5
523.6 337.2
523.5 847.0
529.0 304.5
531.33 12.33
533.33 246.33
534.0 1049.0
536.5 261.5
544.2 440.67
536.5 527.5
536.5 1001.0
537.5 880.0
538.67 793.67
538.5 1043.5
539.5 69.0
539.4 1007.2
544.67 101.1
540.0 180.5
541.67 3.67
542.5 111.0
542.5 429.5
545.33 145.33
548.59 722.72
547.75 541.0
547.5 653.5
548.5 261.5
549.2 853.6
549.0 929.0
548.67 1067.67
550.8 662.6
550.4 806.2
551.5 271.5
554.29 65.0
560.15 695.09
555.5 904.5
558.2 424.5
560.0 307.0
561.5 661.5
560.5 945.5
561.5 192.5
561.5 825.5
563.67 82.67
563.5 679.0
564.0 181.5
565.0 342.5
565.25 616.0
566.0 807.29
566.5 125.5
566.5 601.0
571.0 510.25
572.0 26.0
571.0 192.5
573.0 366.29
576.18 412.82
575.33 646.33
577.71 228.5
577.6 549.8
579.5 335.0
579.5 1007.5
580.83 434.83
580.0 596.5
581.0 731.5
582.5 330.0
583.5 232.0
586.41 300.16
587.0 9.29
587.5 814.0
587.5 894.0
593.5 470.5
594.67 376.89
597.17 39.0
598.9 710.56
596.09 859.91
595.5 325.0
595.5 704.0
601.74 28.59
599.0 230.5
599.0 773.5
600.0 539.5
601.29 593.0
601.33 480.33
603.67 353.67
607.0 574.75
607.5 334.0
609.17 201.17
613.0 564.71
613.33 1034.17
615.0 393.29
615.33 836.33
617.0 822.29
617.12 867.12
618.5 368.5
620.33 373.67
621.33 1077.67
622.5 929.0
624.0 106.5
625.0 461.0
625.5 653.5
626.5 605.0
627.29 665.86
628.33 159.83
627.5 330.0
628.14 636.71
628.7 644.3
629.12 253.88
628.67 518.67
629.5 627.5
634.0 982.5
636.5 658.0
636.5 770.5
639.3 166.91
637.67 707.67
637.67 1027.67
639.0 752.5
641.27 837.5
643.67 47.67
643.5 72.0
644.33 2.67
644.75 961.0
645.4 587.8
645.0 1076.5
647.18 928.27
647.67 562.67
648.67 112.67
649.83 698.0
650.46 152.15
649.5 204.0
649.5 309.5
650.5 394.5
653.0 510.0
652.83 1030.17
658.5 196.5
660.33 430.67
664.0 114.5
663.0 274.5
664.65 364.35
670.15 12.26
664.33 581.33
665.2 648.6
666.0 550.0
667.29 178.0
667.67 190.33
668.38 748.38
670.0 601.0
670.5 287.0
672.5 56.0
672.6 507.2
673.5 330.0
674.25 778.0
675.0 870.5
678.25 514.33
678.12 711.88
678.88 637.12
680.0 477.0
679.0 506.0
684.44 520.67
683.62 835.38
683.5 663.5
684.0 326.5
684.67 558.67
687.88 165.88
689.5 410.0
688.0 416.5
692.24 600.47
692.5 104.0
693.0 205.0
696.8 310.0
696.5 72.5
698.17 88.83
698.33 414.83
699.25 798.0
701.5 25.0
701.8 985.4
704.0 382.5
706.5 194.0
708.5 182.2
708.0 850.5
708.5 1049.0
711.5 65.0
711.33 106.33
712.5 691.5
711.0 710.5
711.0 897.5
712.5 187.5
719.22 151.48
717.5 29.0
717.67 130.33
719.09 392.91
719.5 274.0
720.0 187.0
720.0 363.5
722.43 376.77
722.0 912.0
723.38 653.38
724.0 367.5
724.33 985.33
726.5 198.22
727.0 342.5
726.33 989.33
726.5 1013.5
730.09 611.78
729.5 75.0
730.33 71.33
730.0 241.5
730.5 637.5
735.5 6.5
734.5 202.5
736.2 108.6
736.33 588.75
735.25 676.0
736.33 146.33
736.0 949.5
737.6 953.2
739.5 737.29
739.5 85.0
741.0 1067.5
742.2 663.6
742.5 702.5
743.75 339.0
743.75 668.0
743.4 957.2
744.0 576.5
746.5 206.5
746.5 633.0
747.12 770.88
748.0 114.75
748.75 847.42
748.67 149.67
749.18 854.82
749.5 504.5
749.0 996.5
750.5 618.0
751.5 135.5
752.2 540.4
752.67 575.33
756.5 416.5
760.32 477.72
755.0 701.5
755.0 1034.5
757.5 713.71
756.5 824.0
758.5 219.0
758.5 367.5
760.5 357.5
760.5 565.0
760.5 797.5
761.8 67.6
763.0 720.0
762.88 861.12
762.5 923.0
764.0 550.71
766.28 429.11
765.47 503.65
764.0 997.0
767.5 155.0
770.12 210.88
770.12 377.12
771.0 523.5
770.25 149.0
773.11 1012.11
772.5 409.0
774.17 213.33
773.5 735.0
774.0 1027.5
777.29 191.0
777.6 268.2
778.79 457.21
780.0 398.0
781.83 138.0
781.0 653.71
781.88 776.88
783.5 980.5
786.38 781.62
787.0 188.0
794.93 535.15
788.29 496.0
790.0 1.0
789.5 45.0
791.12 465.12
790.5 552.5
793.2 260.4
793.5 822.0
796.0 706.5
798.12 203.12
799.76 231.12
800.0 28.5
800.5 842.5
801.33 77.67
804.0 474.71
804.33 90.33
806.4 502.8
808.12 423.12
807.5 627.5
808.0 734.5
808.0 917.5
808.0 1072.5
810.12 508.69
809.5 814.5
811.0 604.0
812.67 365.33
815.0 746.5
816.5 360.5
816.5 590.5
817.5 54.0
818.12 891.12
818.5 271.0
818.67 1042.67
820.71 311.0
820.0 552.0
822.0 166.0
822.5 583.0
826.33 418.67
826.5 658.0
828.5 145.0
829.0 754.0
832.5 13.0
833.29 186.0
833.5 614.0
836.5 24.0
836.8 1014.4
843.0 27.71
842.0 411.5
843.0 1049.75
844.12 746.88
845.0 312.29
844.0 317.5
845.4 788.2
847.5 17.5
847.5 476.5
851.5 697.0
854.4 1029.47
853.71 517.5
853.5 262.0
856.9 156.0
858.5 530.5
858.67 442.67
860.5 4.0
865.0 971.5
866.5 564.0
867.6 532.8
872.83 874.17
873.5 332.0
874.75 53.0
875.0 312.5
877.8 990.4
881.0 560.0
882.0 905.0
885.03 164.21
883.5 681.5
889.12 1023.12
890.5 89.0
892.12 182.12
891.5 382.5
893.4 412.2
894.0 84.5
894.0 309.5
894.0 632.5
894.0 805.5
895.33 98.67
898.44 130.73
896.64 589.09
895.33 662.67
895.8 980.4
898.29 73.0
898.0 295.25
897.5 614.0
897.67 754.67
898.33 717.67
900.71 550.0
900.0 937.5
900.91 1075.64
901.5 732.5
902.5 370.0
902.67 716.33
904.0 639.43
905.0 844.0
907.68 542.32
905.5 1034.5
906.5 219.0
907.5 953.5
908.5 846.5
913.12 303.88
914.67 1065.33
915.5 184.0
915.5 261.5
915.4 293.2
915.5 1032.5
917.0 926.29
918.6 81.2
921.0 745.5
922.2 976.4
922.5 733.5
924.0 15.0
924.75 298.0
928.0 568.0
927.67 664.67
935.64 635.44
932.12 168.12
931.33 956.33
932.7 962.1
934.16 979.04
931.4 1010.8
933.09 1039.91
932.5 954.0
933.29 1001.0
934.0 91.5
934.5 386.0
934.0 557.0
937.67 11.33
938.12 70.88
937.5 587.0
940.33 93.67
940.5 729.0
944.57 49.21
943.67 242.67
946.8 194.6
947.38 250.62
948.93 353.81
950.67 71.88
948.5 485.0
949.0 432.5
950.6 742.6
956.93 585.93
955.0 33.5
954.0 21.5
955.33 68.67
957.0 1050.0
959.83 251.17
961.0 455.0
960.0 690.5
961.33 984.33
964.4 208.2
965.4 360.8
966.0 437.0
966.17 700.83
967.29 325.0
967.5 879.0
967.67 1038.67
970.0 272.5
969.29 476.5
969.5 142.5
972.07 720.05
971.45 186.64
973.0 411.5
976.47 522.13
977.0 431.2
977.0 604.5
983.5 416.5
985.82 106.18
984.67 798.67
985.89 219.33
988.63 112.79
991.8 669.6
993.69 655.88
996.67 325.0
994.29 411.0
994.5 131.5
994.5 575.0
995.25 894.0
997.38 221.62
1000.47 657.5
999.5 698.0
1005.12 530.59
1005.5 135.8
1004.0 271.0
1005.67 401.33
1005.57 458.57
1005.5 751.5
1006.5 509.5
1008.5 1066.5
1009.5 11.0
1009.5 795.0
1010.0 1061.5
1010.33 509.33
1012.0 190.5
1014.67 253.67
1017.0 494.5
1015.5 134.0
1020.1 730.33
1017.5 1010.0
1020.5 844.0
1022.14 210.21
1020.5 481.5
1021.0 1044.8
1026.12 65.88
1025.5 309.0
1027.0 125.0
1028.56 448.62
1027.5 581.5
1027.5 602.0
1030.88 618.12
1033.5 367.0
1032.5 1060.0
1033.5 315.5
1034.5 1021.5
1034.5 22.5
1034.5 154.0
1034.5 1015.0
1038.0 52.0
1038.5 204.5
1038.5 554.0
1040.0 213.29
1039.5 480.0
1040.91 783.91
1043.0 155.5
1044.24 924.76
1046.88 36.12
1046.5 395.0
1046.5 862.5
1049.0 914.0
1051.75 532.12
1050.6 884.0
1050.5 976.5
1052.5 197.5
1052.0 614.0
1051.33 936.33
1053.29 682.0
1054.0 163.2
1053.6 417.8
1055.62 669.62
1055.8 288.6
1055.25 748.0
1057.29 321.0
1058.0 315.0
1058.0 865.0
1059.0 597.0
1062.0 810.24
1062.0 955.0
1062.88 1032.88
1065.0 195.5
1067.28 491.59
1065.5 997.5
1066.88 71.88
1067.5 519.5
1068.0 915.71
1073.2 32.6
1072.67 375.33
1072.5 393.0
1078.73 419.43
1073.29 731.0
1073.5 791.0
1074.0 28.5
1074.0 628.5
1077.11 713.28
1076.71 1048.0
1078.5 464.0
1079.08 573.69
1077.5 946.0
1079.75 229.25
1081.0 823.29
1082.5 238.0
1082.5 587.5
1083.2 688.6
1087.33 748.62
1085.0 1069.5
1086.5 456.0
1086.5 689.0
1089.53 209.47
1092.67 7.11
1091.0 156.5
1094.89 699.33
1095.29 832.0
1095.0 255.5
1095.0 506.0
1097.0 894.5
1097.5 692.5
1098.5 649.0
1099.5 14.0
1100.62 69.38
1102.5 225.0
1100.5 973.0
1102.5 519.5
1106.79 359.0
1105.0 547.5
1112.38 303.62
1113.2 261.0
1119.0 190.0
1122.33 92.89
1122.67 984.33
1123.5 157.0
1129.0 681.5
1132.5 110.0
1133.79 309.75
1136.0 274.0
1136.0 130.5
1137.5 728.5
1137.67 751.33
1139.0 746.0
1140.5 749.0
1143.25 869.67
1142.83 931.17
1146.0 605.71
1147.5 589.0
1148.38 996.62
1150.0 1042.5
1151.5 208.5
1152.83 1039.17
1154.0 1075.5
1155.5 135.0
1158.38 450.38
1158.0 318.5
1163.5 561.5
1164.5 654.5
1167.0 162.0
1167.5 327.0
1171.0 845.0
1171.5 144.5
1173.27 613.5
1172.0 697.0
1173.0 337.5
1174.33 55.33
1174.0 366.0
1175.63 705.79
1176.5 1071.79
1176.0 518.5
1178.5 142.5
1185.33 819.33
1188.83 271.83
1190.5 1041.5
1193.67 370.43
1191.5 585.0
1192.0 623.5
1196.0 657.0
1195.4 675.8
1201.4 904.39
1198.67 848.75
1200.5 107.0
1200.71 244.0
1202.5 156.0
1205.71 210.5
1206.12 1036.88
1206.0 729.5
1208.0 538.71
1209.18 141.18
1209.12 843.12
1209.0 913.5
1210.0 447.5
1211.5 1067.5
1215.0 366.5
1220.5 231.5
1221.43 498.0
1221.5 745.0
1224.72 598.41
1225.5 373.0
1225.71 617.0
1227.0 3.0
1227.67 959.67
1229.5 706.0
1231.8 953.0
1233.5 381.5
1234.0 762.5
1235.0 237.0
1237.0 333.0
1236.33 407.67
1238.81 556.0
1239.5 566.5
1242.25 933.0
1242.0 658.0
1244.17 292.0
1243.0 907.29
1244.17 391.83
1247.64 286.64
1248.5 240.5
1248.0 299.0
1248.5 730.0
1250.0 136.5
1250.5 419.0
1251.0 555.0
1252.0 721.0
1256.22 371.33
1257.56 405.77
1255.33 87.67
1255.33 174.33
1255.8 855.4
1258.5 136.5
1262.9 386.33
1260.71 490.0
1262.5 674.0
1263.67 645.33
1264.0 641.5
1270.89 1051.07
1270.0 168.5
1271.12 813.12
1271.8 760.4
1279.77 414.23
1275.0 344.5
1275.0 445.5
1275.88 812.88
1276.5 544.5
1277.67 273.67
1277.5 581.5
1281.33 369.57
1279.0 37.5
1279.0 1016.5
1282.0 902.0
1282.5 186.5
1283.0 916.5
1285.12 426.88
1284.5 670.0
1287.71 55.0
1290.25 138.0
1290.33 413.67
1292.0 188.0
1291.5 521.5
1291.5 640.0
1291.5 987.0
1295.86 400.68
1296.88 252.12
1297.75 116.0
1297.5 664.0
1301.5 680.5
1303.33 241.67
1304.33 344.67
1307.5 181.0
1310.14 682.3
1310.12 512.59
1309.5 779.0
1312.12 153.12
1313.87 20.47
1316.16 369.58
1314.5 580.5
1318.5 636.0
1319.12 795.88
1323.67 340.75
1323.62 768.62
1322.67 881.33
1324.0 172.5
1326.12 876.88
1327.0 792.5
1329.0 368.0
1328.2 811.4
1328.67 502.67
1330.67 161.67
1330.91 452.64
1337.12 890.88
1339.5 188.0
1342.0 871.0
1342.0 115.0
1341.5 344.0
1343.5 1020.0
1344.6 67.2
1345.45 155.36
1348.67 32.67
1350.75 157.67
1351.0 850.0
1352.29 68.0
1351.5 1016.5
1353.82 1059.82
1354.33 737.67
1356.18 857.82
1355.0 967.5
1358.5 236.5
1360.0 604.5
1359.0 707.0
1360.5 278.0
1361.5 225.0
1365.4 410.8
1366.5 781.5
1367.5 965.0
1369.5 302.5
1368.5 612.5
1370.0 106.0
1370.0 272.5
1373.0 906.0
1374.5 186.0
1373.67 61.33
1374.0 605.5
1378.09 222.36
1380.5 473.0
1381.5 63.5
1382.5 497.5
1383.0 1027.0
1384.38 897.38
1383.5 969.0
1385.0 565.0
1385.5 224.5
1387.5 128.5
1388.6 485.8
1389.5 38.5
1390.71 311.0
1390.71 443.0
1391.88 477.12
1392.5 531.0
1395.79 996.5
1394.33 648.67
1396.17 944.83
1398.0 689.29
1399.47 917.24
1399.0 76.5
1400.0 231.5
1403.4 150.04
1401.5 449.5
1406.82 81.18
1408.5 58.5
1410.64 943.09
1412.0 896.5
1413.12 418.12
1416.5 570.0
1417.5 891.5
1418.2 950.4
1418.8 28.6
1423.5 1057.5
1424.5 507.5
1427.83 427.95
1426.5 208.0
1426.0 928.5
1429.0 822.29
1431.0 572.29
1431.5 939.0
1431.5 741.5
1433.33 616.33
1433.5 630.5
1434.0 227.5
1437.65 721.35
1441.16 106.16
1436.5 743.5
1442.29 701.5
1442.0 797.0
1444.32 161.1
1444.5 372.5
1449.06 220.0
1445.5 1043.0
1451.5 498.71
1451.4 910.6
1454.8 162.0
1455.0 469.5
1467.5 337.0
1469.4 37.2
1472.2 500.4
1474.0 486.29
1479.39 258.79
1474.0 935.5
1476.0 65.25
1477.0 758.0
1479.0 767.0
1484.5 703.0
1485.5 112.5
1486.5 622.5
1486.5 1037.5
1489.67 360.75
1488.71 827.0
1494.83 902.26
1500.19 273.0
1497.0 945.0
1500.0 750.35
1500.25 386.0
1502.37 443.79
1503.18 528.68
1504.5 605.0
1506.0 172.5
1509.11 369.5
1505.5 480.0
1507.89 838.33
1510.0 1037.8
1518.76 851.3
1514.5 604.0
1515.0 427.0
1517.0 92.5
1518.6 530.8
1518.5 576.5
1519.75 746.38
1522.83 299.17
1524.88 725.88
1528.0 889.71
1528.6 85.8
1530.0 380.25
1530.46 476.15
1529.5 494.0
1530.0 292.5
1530.88 866.88
1534.0 534.0
1536.17 823.83
1542.0 368.71
1544.67 207.67
1550.0 245.5
1550.5 994.0
1553.0 61.0
1553.75 186.0
1557.73 240.27
1557.6 467.8
1562.5 810.0
1564.0 621.5
1566.09 854.3
1565.13 893.53
1565.59 863.12
1565.4 271.2
1565.0 612.5
1566.5 338.5
1569.67 186.33
1569.0 701.5
1570.0 461.0
1571.5 815.0
1574.0 574.5
1576.13 683.29
1574.0 651.5
1576.5 734.0
1579.0 161.2
1581.0 57.71
1580.4 811.7
1580.25 570.0
1581.33 111.33
1584.0 1009.5
1585.88 266.88
1586.5 439.0
1587.2 559.6
1589.21 565.64
1589.64 22.09
1591.0 585.0
1590.5 1072.0
1598.29 128.0
1597.5 957.5
1598.5 265.5
1598.88 895.88
1600.0 273.0
1602.67 14.11
1601.67 477.67
1602.0 970.25
1601.5 999.0
1603.0 959.25
1604.5 409.0
1604.5 874.0
1606.33 402.67
1606.33 1057.33
1610.6 781.6
1611.33 337.67
1612.0 366.5
1620.5 597.5
1623.5 102.0
1623.67 991.33
1624.0 733.5
1627.0 674.5
1629.33 663.67
1630.0 359.5
1637.0 19.0
1640.0 763.5
1641.5 759.0
1642.6 857.8
1644.0 348.0
1648.29 659.0
1648.67 455.33
1651.17 513.83
1651.0 879.5
1654.5 215.0
1656.67 222.44
1657.5 363.0
1659.83 12.83
1660.25 6.0
1663.59 679.32
1664.0 874.83
1663.0 787.5
1664.0 341.0
1669.31 394.88
1672.72 137.89
1671.5 413.0
1673.38 20.62
1674.5 906.83
1677.0 341.5
1676.17 595.17
1679.7 678.48
1678.5 852.0
1677.5 1025.0
1679.0 156.0
1680.22 176.5
1678.5 822.5
1681.5 517.22
1684.0 108.5
1683.5 1032.78
1684.89 736.67
1688.0 123.29
1688.0 752.0
1689.62 731.38
1691.0 883.75
1691.71 805.0
1694.33 250.33
1696.18 658.27
1695.71 271.0
1696.33 446.33
1697.5 961.5
1698.5 199.0
1699.0 1026.5
1700.5 319.5
1706.5 406.5
1708.0 1077.0
1709.29 762.0
1709.4 117.2
1711.4 55.8
1713.0 672.75
1712.5 1006.5
1714.0 89.0
1720.21 770.37
1719.0 989.0
1722.18 65.29
1720.0 466.5
1721.5 23.5
1721.5 377.5
1723.12 26.88
1726.12 262.12
1726.0 976.5
1728.6 960.8
1730.12 181.88
1729.71 320.0
1731.12 127.12
1733.5 240.0
1736.9 447.95
1738.84 459.59
1749.09 958.0
1743.36 61.45
1743.67 262.67
1743.67 303.67
1747.0 658.5
1748.7 35.3
1754.13 258.13
1752.2 494.6
1753.62 780.85
1752.5 380.0
1753.0 596.8
1753.0 715.25
1757.0 678.0
1760.0 58.75
1759.33 352.67
1761.89 608.52
1765.0 936.5
1769.74 711.41
1770.67 659.33
1773.28 839.89
1774.0 210.6
1776.5 633.92
1775.0 663.29
1776.64 1038.55
1776.5 869.5
1780.5 408.5
1777.5 580.5
1778.0 880.0
1780.5 653.71
1779.67 909.67
1780.0 1046.25
1780.33 110.33
1780.33 1061.33
1781.5 84.5
1782.12 400.88
1782.5 107.5
1785.4 580.8
1786.0 0.5
1786.5 470.5
1788.12 102.88
1790.04 161.84
1788.2 973.6
1790.5 175.0
1790.4 529.8
1790.33 791.33
1791.33 624.67
1791.4 1061.8
1792.67 832.67
1794.5 465.0
1795.25 513.0
1796.5 936.5
1800.0 925.5
1801.33 82.67
1803.86 457.11
1805.71 232.0
1807.63 296.37
1805.0 421.5
1806.5 1069.0
1807.88 16.88
1807.5 63.0
1807.5 302.5
1809.9 888.68
1809.0 1073.0
1816.47 359.65
1817.5 315.0
1818.75 979.0
1819.88 372.12
1822.09 439.52
1821.33 514.33
1823.28 901.11
1827.5 107.5
1825.5 996.5
1827.5 715.5
1828.67 373.67
1829.6 238.2
1831.5 501.0
1833.5 782.5
1834.5 769.5
1837.5 1078.12
1836.33 947.67
1838.0 518.8
1838.5 420.0
1839.62 781.62
1839.5 216.0
1841.5 1072.5
1842.67 96.67
1844.0 561.5
1844.33 1032.67
1846.0 50.25
1848.0 818.0
1848.0 1071.29
1848.0 141.5
1849.0 136.0
1851.5 888.71
1852.0 138.29
1854.0 12.0
1854.31 421.12
1852.5 655.0
1853.67 409.67
1855.5 402.5
1857.12 7.88
1856.5 68.5
1856.5 474.0
1856.71 876.0
1859.17 521.17
1859.0 146.5
1860.5 812.5
1865.0 406.5
1866.0 495.25
1866.5 175.0
1868.34 312.62
1868.68 726.24
1871.33 390.98
1868.5 449.0
1868.5 924.5
1869.8 212.6
1877.24 837.5
1869.88 853.12
1869.33 1028.67
1870.5 646.5
1874.0 967.5
1875.0 796.5
1878.25 1044.25
1880.33 357.67
1881.5 1009.0
1882.67 475.33
1884.0 510.5
1884.0 336.5
1887.5 292.5
1895.41 974.13
1891.0 104.0
1890.5 230.0
1896.0 620.0
1896.5 964.0
1901.38 946.87
1898.5 311.0
1901.0 787.5
1903.29 548.0
1904.5 903.2
1906.0 78.0
1905.0 132.5
1907.5 503.0
1907.5 196.0
1907.88 238.12
1908.88 478.12
1911.67 31.78
1911.0 821.5
1910.0 1061.5
1912.5 835.0
1918.75 114.0
!