1.2 580.4
0.0 674.5
3.0 291.29
4.67 21.33
7.0 646.5
6.5 619.5
10.2 154.2
9.0 473.5
12.24 326.24
16.33 54.67
16.67 1011.33
18.29 789.0
17.5 794.0
23.5 694.0
25.5 281.5
26.0 820.5
28.5 783.5
30.4 79.5
34.0 1076.5
38.5 91.5
41.5 485.0
49.0 6.5
52.33 872.67
54.5 546.0
54.0 1019.5
55.5 534.0
59.17 591.17
63.12 157.12
62.5 1032.0
64.0 560.5
66.33 818.67
69.67 489.33
71.2 663.0
73.38 998.38
73.75 225.0
73.5 535.5
75.5 237.5
78.0 398.29
78.0 954.8
78.0 216.5
82.0 509.0
81.4 750.8
82.8 784.6
82.67 880.33
86.0 4.75
87.12 842.88
90.0 602.5
91.8 213.6
91.33 833.33
102.85 727.53
94.5 673.0
95.5 193.5
96.4 432.2
102.0 474.29
104.57 197.77
102.5 566.0
102.5 739.5
103.17 940.17
104.65 450.0
106.88 1032.88
109.0 960.5
111.5 877.5
116.81 719.86
117.0 764.43
117.0 112.0
116.5 599.5
121.5 940.0
123.29 616.0
122.5 808.5
123.5 1079.0
125.33 544.33
131.38 56.38
131.25 233.0
136.5 587.0
138.71 894.5
142.2 316.4
142.25 831.33
143.5 448.0
149.0 55.5
153.0 620.5
153.12 1042.12
154.0 498.0
154.0 83.5
155.0 946.0
158.0 917.75
157.5 1056.0
159.67 770.33
161.5 424.5
161.0 955.5
166.15 588.54
165.5 851.5
167.0 791.8
168.0 178.75
168.5 114.5
169.5 604.0
171.88 365.88
178.75 805.0
180.67 894.17
183.2 1014.5
190.0 894.5
192.5 126.5
193.0 629.75
194.0 261.0
194.0 1012.5
196.33 494.33
198.0 260.25
197.67 689.33
198.5 730.0
200.33 126.33
201.8 140.0
200.78 353.33
201.71 701.0
213.59 125.5
209.5 25.0
209.5 208.5
210.0 695.0
210.29 961.29
215.33 39.67
216.4 8.2
216.5 115.0
217.0 418.75
220.0 417.5
228.0 22.5
234.0 722.5
237.5 80.0
244.7 600.3
244.5 849.0
248.0 71.25
248.75 50.0
251.8 321.4
258.29 34.43
266.5 265.0
268.41 902.28
273.62 97.62
274.17 855.17
276.0 412.29
281.5 986.0
284.29 128.0
283.5 500.0
290.0 276.5
290.0 487.0
291.0 567.5
292.67 754.67
299.44 682.97
297.0 512.5
296.33 526.33
297.5 180.0
298.67 460.33
301.45 1065.64
302.0 302.5
309.6 702.2
316.5 215.0
317.5 730.0
321.0 91.5
323.75 656.0
326.33 493.67
327.36 968.55
328.67 293.67
330.67 573.11
331.0 448.29
331.0 402.5
336.8 281.4
339.0 1008.75
340.71 706.0
342.5 359.0
343.5 793.5
345.25 68.0
346.33 503.33
350.0 125.0
350.0 766.5
355.0 1022.5
359.5 919.0
364.5 94.0
366.5 656.0
367.0 834.5
371.17 440.9
367.5 695.0
370.0 358.5
371.0 835.2
373.0 412.5
376.0 340.5
377.5 972.5
379.5 141.5
382.71 610.29
380.0 937.5
383.75 325.25
386.3 838.7
386.33 166.33
388.5 678.0
391.5 550.0
392.2 768.6
397.0 139.0
400.24 714.0
406.8 308.6
408.0 743.5
412.29 292.0
412.5 162.5
414.0 413.71
415.61 446.18
420.45 219.64
419.5 319.5
425.83 575.83
427.8 496.0
427.67 236.33
430.71 154.5
430.0 413.5
432.5 704.0
438.38 343.62
438.5 354.0
444.0 251.5
448.75 73.0
450.5 145.0
451.5 1031.5
454.83 122.83
454.67 1053.67
458.33 611.33
458.67 673.67
468.5 970.0
470.5 139.0
479.38 792.62
479.67 393.67
480.0 1074.5
481.33 665.33
482.0 815.0
486.18 398.82
486.0 685.25
488.5 305.0
490.71 467.29
491.5 984.5
492.5 1048.0
497.6 973.2
499.89 543.33
499.5 1054.0
500.33 210.33
501.0 345.5
501.38 398.62
502.0 282.0
503.62 1051.62
504.5 709.5
504.0 809.5
506.5 286.0
508.5 623.0
510.75 962.75
516.0 401.5
519.5 757.5
522.0 351.0
521.4 517.2
522.5 1022.5
524.0 1053.5
524.0 57.5
531.0 853.29
533.0 302.5
536.5 215.0
540.8 111.4
540.5 141.5
541.5 505.5
544.5 324.5
548.0 463.5
549.0 360.5
555.59 59.72
554.0 725.5
556.0 853.0
558.5 887.5
559.4 803.2
561.0 76.5
562.5 570.0
564.5 748.0
564.0 1006.5
574.5 775.0
576.11 438.33
581.8 607.6
582.67 263.67
583.29 390.0
583.0 758.5
585.44 323.78
585.33 402.67
585.0 1005.5
587.7 538.4
586.4 733.2
590.5 474.5
594.0 329.5
605.13 383.53
604.0 869.5
610.98 978.26
614.0 363.5
617.5 916.29
631.16 311.63
622.0 1078.0
623.0 709.0
625.33 46.33
625.5 829.0
632.5 1069.5
634.5 144.5
634.5 558.5
636.4 10.8
637.0 187.5
636.33 387.67
636.33 793.33
639.5 524.5
645.4 1026.2
646.4 913.2
647.5 664.0
647.5 860.5
648.5 460.5
649.5 895.5
651.0 638.75
653.5 732.17
651.5 990.0
653.0 303.75
659.5 274.0
661.84 283.16
665.0 421.5
666.0 921.8
667.67 688.67
672.67 367.67
675.5 206.0
678.67 308.67
679.93 398.79
679.0 268.5
679.5 347.0
681.8 424.5
681.4 438.2
687.5 395.5
686.33 606.33
691.5 70.8
690.33 890.33
695.8 827.6
699.29 399.0
698.6 50.8
698.67 539.67
703.2 638.6
702.5 856.5
706.0 971.25
706.5 983.0
707.5 570.0
711.5 461.0
712.0 424.5
712.73 947.0
713.6 814.2
714.5 494.5
714.0 526.5
716.5 104.0
720.88 597.88
720.5 757.5
720.5 940.5
721.5 449.5
724.5 42.2
724.0 644.0
725.88 162.12
726.0 782.0
726.0 1002.29
728.0 987.29
729.4 310.8
729.0 342.5
729.5 445.5
729.5 955.0
730.4 398.2
731.5 200.0
735.5 94.5
739.77 5.77
740.5 194.5
742.79 632.63
742.4 886.6
743.29 251.0
743.89 1012.28
743.5 395.0
743.75 751.0
746.0 25.25
745.0 50.5
745.0 479.5
747.5 719.0
749.67 444.33
751.5 164.5
752.83 999.17
757.0 145.5
757.82 234.82
755.0 527.5
756.33 1054.67
757.5 676.5
761.0 1067.8
768.09 174.21
765.4 481.8
769.12 8.12
769.0 140.0
771.5 810.5
772.67 741.33
774.0 51.5
773.5 568.0
776.5 69.5
776.5 1001.5
779.5 296.5
779.71 751.0
780.5 648.0
782.0 806.5
781.5 245.0
785.0 129.76
782.8 347.6
793.26 21.59
799.0 86.0
799.33 404.33
802.5 725.5
803.67 56.33
811.5 1000.0
814.0 721.5
816.8 980.4
819.5 515.8
819.2 558.6
820.38 815.75
821.5 680.71
824.2 539.2
825.12 950.88
825.0 797.5
829.88 811.88
831.8 694.6
833.5 946.0
836.71 267.0
838.2 822.6
838.5 585.0
839.0 113.0
839.5 386.5
841.5 529.0
844.5 931.5
846.0 722.71
845.0 822.5
846.5 771.5
847.5 436.5
850.0 226.5
851.5 709.0
853.0 78.8
854.5 424.0
855.0 562.5
855.0 942.0
858.5 83.5
859.0 543.29
861.5 166.0
862.5 534.5
863.0 957.5
874.17 129.17
874.33 715.33
875.2 847.0
875.33 808.67
877.88 247.12
879.33 46.33
880.33 618.33
881.5 121.5
881.5 885.0
882.5 714.0
885.33 462.67
896.24 188.76
895.64 1023.21
896.5 630.0
898.0 120.25
899.7 554.3
900.33 286.33
903.5 331.5
904.0 892.5
909.05 1.9
907.5 145.0
910.79 407.5
909.5 1011.0
912.0 994.43
912.5 722.29
914.0 341.5
917.0 66.5
916.33 121.33
917.5 778.5
922.0 558.71
922.0 945.0
924.89 1053.28
926.5 379.0
927.5 1069.0
929.0 689.5
938.55 569.17
935.8 301.5
935.33 791.33
938.38 293.38
943.68 560.68
944.33 1016.33
945.88 403.88
945.67 957.67
947.67 721.89
946.5 758.0
950.0 125.5
950.5 966.5
953.33 900.33
956.81 737.07
954.5 744.0
956.5 965.5
958.0 1078.5
959.83 200.17
961.0 128.71
964.5 818.0
965.0 461.5
966.5 919.5
967.0 1012.0
969.0 446.0
975.0 359.75
976.17 55.83
977.5 193.0
981.5 1069.0
983.65 211.53
982.5 757.0
988.6 995.8
991.67 326.75
992.8 792.6
995.86 1055.18
999.0 686.5
1005.5 592.5
1005.88 1026.88
1007.76 134.24
1006.5 195.0
1008.5 601.0
1009.33 582.67
1011.2 912.6
1013.6 532.2
1019.0 1066.0
1020.0 926.5
1021.5 1017.5
1022.5 341.5
1022.5 366.5
1023.0 480.0
1025.19 786.05
1026.5 316.5
1026.5 754.5
1026.88 1002.12
1030.0 54.5
1029.67 62.67
1030.0 572.0
1031.0 658.0
1031.5 437.5
1034.0 136.5
1032.67 682.67
1032.67 738.67
1033.67 531.33
1034.67 141.33
1038.76 737.24
1039.0 377.0
1040.0 926.5
1048.0 715.71
1049.5 803.79
1047.5 817.5
1049.71 298.0
1050.5 607.5
1050.17 1055.67
1050.4 1036.8
1052.12 330.88
1054.0 983.5
1055.0 686.5
1057.5 17.0
1057.5 546.5
1058.0 522.5
1059.71 69.0
1059.75 693.0
1061.25 577.0
1063.12 960.88
1066.5 924.71
1067.0 460.5
1067.8 788.0
1067.2 808.6
1067.5 656.5
1069.0 543.5
1071.4 15.8
1071.5 364.0
1075.0 396.5
1076.5 506.0
1078.12 218.12
1080.5 310.0
1083.13 385.47
1086.0 204.8
1086.5 869.5
1088.67 682.67
1088.5 750.0
1089.5 270.0
1090.4 372.2
1091.12 1011.12
1091.71 953.0
1093.0 530.25
1093.0 1032.29
1098.64 10.91
1098.67 53.33
1102.0 1034.29
1105.2 914.6
1107.0 712.17
1107.5 511.0
1109.0 921.71
1110.47 99.13
1110.0 495.0
1110.0 542.5
1113.0 153.75
1114.0 443.0
1116.0 690.5
1117.67 147.67
1117.6 618.2
1120.18 172.82
1124.0 281.5
1125.33 220.33
1125.0 391.5
1125.8 658.6
1127.5 672.71
1129.0 401.5
1130.64 625.91
1131.0 245.0
1134.0 597.71
1135.0 834.25
1134.0 979.5
1136.5 246.5
1135.5 817.5
1136.0 73.5
1136.71 810.0
1139.33 744.33
1139.5 1054.5
1140.5 975.5
1144.0 52.0
1145.33 70.33
1149.5 157.5
1150.84 170.16
1150.0 423.75
1152.5 195.0
1155.0 191.5
1156.64 785.91
1157.22 779.67
1158.6 800.8
1159.0 1052.0
1160.0 60.5
1161.5 250.0
1163.2 318.6
1162.83 644.83
1164.29 122.0
1163.5 794.0
1165.0 410.5
1164.71 655.0
1165.4 427.8
1165.57 860.43
1166.5 1048.0
1168.67 704.67
1168.5 1001.5
1171.5 284.5
1174.21 571.37
1174.7 908.7
1175.5 738.5
1176.5 224.0
1179.0 825.5
1180.8 3.6
1181.0 292.0
1181.5 265.5
1186.5 607.5
1187.5 880.5
1189.0 115.5
1189.33 381.33
1191.75 649.33
1194.2 502.0
1193.0 567.5
1193.5 989.0
1196.5 148.0
1199.0 730.25
1200.8 267.6
1200.0 621.5
1201.0 896.0
1202.5 606.5
1202.0 629.0
1201.33 758.67
1207.57 438.65
1204.0 533.0
1206.0 192.5
1208.91 952.3
1208.5 347.5
1208.5 531.5
1212.42 185.25
1217.67 63.33
1219.22 1002.5
1221.0 160.43
1219.5 170.5
1220.5 132.5
1221.0 948.75
1225.25 783.0
1227.8 877.6
1230.33 434.67
1230.67 579.17
1232.88 106.88
1233.2 340.4
1236.5 312.5
1238.0 549.0
1238.67 592.67
1239.67 356.33
1241.0 381.5
1245.5 264.0
1245.5 312.5
1246.0 405.71
1253.5 70.0
1254.5 370.0
1255.33 607.67
1256.5 283.5
1260.91 410.64
1260.0 547.5
1260.0 1078.5
1264.12 733.12
1264.0 1032.5
1266.5 719.5
1269.0 213.75
1269.33 417.67
1270.0 726.5
1272.33 960.5
1272.67 261.11
1271.5 822.5
1272.5 401.0
1274.5 431.0
1278.5 50.5
1282.14 100.64
1278.0 271.71
1279.5 870.5
1281.0 120.0
1281.12 141.88
1280.0 652.5
1281.5 907.5
1283.76 524.76
1282.67 804.33
1283.0 888.29
1289.12 259.88
1291.33 431.67
1291.5 833.0
1292.75 748.0
1295.0 653.5
1298.6 609.2
1305.0 462.5
1308.12 235.88
1308.5 335.0
1308.5 313.0
1311.5 474.5
1310.0 967.5
1312.8 339.4
1313.5 262.5
1314.62 661.62
1314.33 18.67
1315.0 224.5
1317.5 612.0
1318.0 943.75
1319.5 56.5
1319.62 323.62
1318.5 355.0
1319.5 254.0
1319.67 444.67
1320.4 523.2
1321.5 134.0
1322.0 425.2
1322.0 918.75
1324.38 270.38
1326.5 274.0
1328.29 298.0
1328.0 1064.0
1328.67 645.33
1333.91 782.09
1334.0 499.5
1335.5 272.5
1336.0 82.5
1338.5 1061.5
1340.71 344.0
1341.0 726.5
1342.6 690.8
1342.5 954.0
1346.13 95.47
1345.25 648.0
1349.5 507.0
1348.6 763.2
1351.5 465.0
1353.0 205.0
1356.12 322.88
1356.5 136.5
1357.5 245.0
1359.12 685.88
1359.33 397.67
1359.75 678.0
1359.6 768.2
1362.0 416.5
1364.5 220.0
1364.0 336.5
1367.79 602.09
1365.5 872.5
1374.26 215.74
1372.5 952.5
1373.5 1052.5
1373.5 489.5
1374.0 87.0
1375.0 719.5
1377.38 18.38
1377.67 374.67
1381.0 812.0
1380.4 148.2
1382.05 327.95
1383.9 24.32
1381.5 882.0
1383.6 274.2
1386.17 916.0
1385.5 13.0
1386.2 323.6
1386.5 320.0
1387.5 240.5
1388.67 286.33
1389.0 456.0
1391.38 37.38
1390.0 789.5
1393.0 415.5
1399.5 715.0
1401.5 282.0
1402.67 351.33
1402.5 759.0
1403.38 1003.62
1403.5 683.5
1404.88 138.12
1406.0 188.5
1405.0 548.5
1408.2 225.0
1408.5 64.0
1410.33 162.67
1410.0 1066.5
1412.5 707.5
1412.5 880.0
1413.5 964.0
1414.5 355.0
1415.88 47.12
1417.09 427.36
1420.45 865.16
1421.71 541.0
1422.5 573.0
1423.83 80.0
1422.5 930.0
1424.0 579.71
1424.5 619.0
1427.67 308.67
1428.12 460.88
1427.5 580.0
1428.83 278.0
1431.15 762.5
1431.33 110.67
1432.5 770.0
1436.5 313.0
1438.64 415.36
1440.21 533.45
1439.76 559.38
1442.0 744.0
1442.2 748.6
1443.12 508.88
1443.5 887.2
1445.88 526.88
1446.5 615.0
1446.8 755.0
1449.29 582.0
1449.0 361.5
1449.67 880.33
1451.0 42.0
1450.0 442.0
1452.0 706.0
1452.0 905.0
1452.88 38.12
1456.5 444.0
1455.88 510.12
1456.0 723.0
1456.5 37.0
1456.5 56.5
1458.12 682.12
1457.5 765.5
1458.2 959.4
1458.67 131.33
1461.0 226.0
1462.28 589.89
1462.0 479.0
1465.17 35.83
1466.5 326.5
1466.5 796.0
1469.59 1070.72
1468.33 166.33
1470.0 357.5
1470.4 611.2
1472.75 131.0
1473.0 143.8
1478.39 338.83
1474.0 958.5
1477.0 761.5
1477.5 995.5
1478.6 426.2
1483.0 759.29
1484.0 376.5
1487.12 695.88
1486.5 706.5
1488.0 376.5
1490.0 356.0
1491.33 646.33
1500.0 921.0
1499.0 987.0
1501.4 440.8
1502.67 571.33
1506.0 12.0
1505.71 444.0
1507.0 205.0
1506.5 602.5
1509.67 430.33
1509.0 850.5
1510.4 996.8
1511.88 755.88
1512.67 307.67
1512.67 512.67
1513.6 1042.2
1514.5 1035.0
1516.2 196.4
1522.09 902.82
1521.84 680.59
1528.5 937.5
1529.5 38.5
1529.5 588.5
1531.41 974.26
1532.0 609.0
1531.33 717.33
1533.36 135.45
1537.6 342.2
1540.0 804.0
1540.67 366.33
1541.0 852.71
1543.5 564.0
1544.12 1035.88
1545.29 746.0
1545.0 536.5
1547.75 1.0
1550.08 94.2
1549.0 466.5
1551.79 315.0
1551.5 790.0
1553.88 226.12
1555.33 470.33
1560.0 135.5
1563.0 78.29
1563.29 498.0
1563.5 314.5
1564.67 546.33
1565.0 249.5
1568.2 493.6
1569.33 270.75
1568.88 352.12
1568.5 829.5
1569.0 198.5
1570.18 958.82
1572.19 570.14
1572.29 770.5
1572.5 162.5
1572.5 367.0
1572.5 509.0
1573.6 610.8
1578.66 832.69
1574.5 940.0
1576.4 948.2
1577.5 8.0
1581.2 749.4
1582.5 755.0
1583.2 340.4
1582.67 442.67
1587.0 369.25
1588.12 877.12
1590.6 717.4
1589.0 857.5
1591.0 107.5
1591.5 419.0
1593.0 62.0
1596.12 77.12
1598.0 775.25
1599.0 215.25
1598.67 945.33
1598.0 1016.5
1599.88 272.88
1599.83 771.83
1600.0 387.0
1602.5 1026.0
1604.29 661.0
1604.5 75.0
1605.4 20.8
1606.5 881.0
1609.5 334.0
1610.33 209.67
1610.5 237.5
1612.5 845.5
1611.33 1015.33
1613.5 192.0
1614.0 607.5
1614.89 759.67
1621.91 855.36
1621.0 879.5
1623.5 440.5
1631.0 414.5
1631.33 114.33
1631.5 259.0
1633.67 395.67
1634.0 147.5
1637.0 416.0
1638.62 807.62
1639.0 845.5
1640.5 260.0
1642.57 203.43
1642.0 926.5
1645.67 150.78
1647.16 432.84
1647.11 858.67
1646.71 910.0
1647.0 1057.5
1647.6 639.8
1655.0 392.5
1656.33 42.67
1657.0 68.0
1663.12 127.12
1664.71 1059.0
1665.0 405.5
1667.33 477.67
1668.12 830.88
1669.5 54.5
1670.5 447.5
1670.25 543.25
1670.5 699.5
1673.15 738.62
1676.5 591.5
1677.29 896.0
1679.17 815.83
1678.0 881.5
1682.0 1016.5
1688.2 518.6
1691.37 298.79
1692.1 356.7
1691.4 507.2
1692.5 450.0
1696.0 619.29
1699.37 854.37
1702.62 10.38
1704.25 416.0
1705.0 152.5
1710.29 197.0
1710.0 370.0
1711.8 660.4
1717.04 103.94
1722.5 1034.0
1722.0 881.5
1723.83 469.17
1724.0 782.5
1729.5 655.0
1730.33 130.33
1732.0 400.5
1732.2 413.6
1740.17 413.17
1741.0 890.0
1746.0 325.0
1748.97 688.06
1746.0 919.71
1749.67 850.33
1750.33 363.67
1751.71 160.0
1755.13 986.87
1754.12 613.12
1756.15 978.54
1760.0 1046.5
1763.5 521.5
1763.67 185.33
1768.42 462.32
1767.6 760.8
1771.0 592.5
1770.5 640.0
1774.0 490.8
1774.5 827.5
1777.6 15.4
1776.33 1047.67
1779.6 545.8
1781.29 933.0
1782.6 1067.2
1784.62 108.38
1786.5 15.0
1801.88 205.24
1796.5 508.5
1800.0 768.0
1800.5 759.5
1800.25 1000.0
1803.12 3.12
1802.67 16.33
1803.5 970.5
1806.0 276.71
1806.5 300.0
1806.33 635.33
1808.62 57.62
1807.5 570.0
1809.0 175.25
1808.83 935.17
1810.0 73.75
1810.5 502.29
1811.5 734.0
1815.36 398.09
1815.0 596.5
1818.2 0.4
1820.8 105.4
1820.75 810.25
1822.6 258.2
1834.0 260.0
1836.85 461.13
1835.31 965.12
1835.0 208.0
1835.25 1001.0
1836.0 652.5
1843.29 14.0
1845.79 894.5
1857.5 89.5
1859.21 453.36
1859.0 317.5
1859.5 399.0
1861.5 342.29
1868.75 563.0
1870.0 578.5
1874.0 351.5
1875.0 182.0
1878.0 196.71
1884.56 995.59
1879.5 513.5
1879.5 616.5
1880.6 736.4
1880.5 629.5
1881.5 329.0
1881.5 935.5
1885.1 247.7
1883.6 581.8
1885.0 472.5
1887.0 1036.0
1890.4 653.2
1894.5 104.78
1893.0 356.5
1893.0 412.5
1893.5 1004.0
1894.0 33.5
1894.5 39.0
1901.5 869.0
1904.6 492.6
1909.7 744.7
1909.0 475.5
1915.33 254.33
!