4.2 299.4
3.5 765.0
4.5 627.5
11.5 710.0
17.0 491.25
16.33 547.67
18.12 522.12
22.0 336.62
21.0 464.8
23.75 708.0
26.5 351.5
31.33 963.67
34.29 418.0
40.88 308.12
44.5 886.5
48.8 269.0
51.0 623.5
58.0 722.17
59.5 266.5
65.0 543.29
66.0 926.5
71.5 136.0
78.0 36.0
81.5 516.5
86.33 1071.33
94.83 187.83
96.5 461.5
106.0 541.25
106.0 682.0
118.0 932.5
122.5 205.0
123.0 749.71
130.5 622.5
131.0 901.5
134.0 771.5
141.8 118.6
147.5 106.0
150.0 277.5
160.71 655.0
169.5 183.5
170.0 203.75
169.5 360.0
173.67 363.67
176.5 959.0
179.33 50.33
180.8 810.4
181.5 398.0
182.0 975.8
186.33 583.67
189.5 800.5
190.5 132.5
191.25 657.0
191.5 703.0
193.33 668.33
194.17 450.67
197.5 510.0
199.5 733.0
199.5 888.5
203.5 322.0
206.33 1048.67
212.2 252.6
212.38 697.62
218.0 452.0
224.0 49.0
226.0 607.0
229.0 918.0
230.33 141.33
231.5 3.0
232.0 856.5
245.0 2.5
246.33 149.25
260.78 529.6
262.5 145.0
266.0 872.5
273.5 390.0
274.5 631.5
276.71 888.5
277.67 328.67
280.11 133.33
286.5 270.0
288.7 169.3
294.5 436.5
296.0 24.5
302.3 997.7
301.5 983.5
300.0 94.0
300.0 141.0
305.5 806.0
306.5 510.5
312.67 906.33
325.4 799.2
327.5 697.5
329.0 692.5
331.33 1021.33
333.2 85.4
334.0 352.8
337.5 535.0
342.17 1039.17
346.5 875.5
351.0 762.5
352.38 833.38
362.5 1010.0
366.5 207.0
369.5 404.5
370.0 514.5
374.31 779.06
381.82 195.41
382.5 906.5
385.0 575.25
385.33 420.33
387.71 191.5
387.6 430.8
392.0 185.0
395.0 1058.83
396.0 521.5
403.0 980.5
402.71 238.0
402.5 723.5
410.29 339.5
411.0 409.0
415.07 350.28
416.5 551.5
420.88 38.12
424.0 631.5
426.29 565.5
425.4 901.8
428.71 588.0
430.0 485.0
434.33 782.67
446.0 913.0
446.5 201.5
452.29 67.0
452.29 1000.0
459.0 474.29
462.5 95.0
466.33 402.67
469.5 114.0
469.0 221.0
471.75 460.67
473.67 687.33
475.0 426.0
499.85 728.75
498.67 635.33
500.71 511.0
500.83 659.83
515.0 866.0
521.75 800.33
529.67 718.67
531.5 217.5
541.0 123.75
541.5 198.0
541.71 1071.86
553.2 617.6
555.0 472.5
555.4 896.8
562.75 754.75
575.0 62.0
582.29 569.0
585.0 53.5
592.0 821.5
596.0 208.71
597.5 433.5
608.0 567.83
608.5 195.0
613.2 193.0
612.5 895.0
614.5 13.0
617.5 666.5
617.0 749.0
618.36 675.91
620.4 55.8
622.0 466.5
628.67 243.67
634.0 359.65
634.12 80.88
635.38 501.38
634.0 1069.5
643.0 665.0
650.35 886.18
648.12 513.12
655.17 979.17
659.09 778.09
659.0 293.0
662.5 1079.0
664.6 705.8
668.33 1022.83
670.0 761.29
674.33 897.67
675.0 448.5
676.5 552.5
681.12 932.12
680.5 944.0
682.5 464.0
684.12 763.12
686.0 102.75
691.4 135.8
693.17 519.17
694.33 441.33
695.0 912.5
697.5 977.0
702.67 489.33
702.88 850.88
707.2 184.6
708.5 455.5
717.75 1012.0
719.6 711.8
720.0 953.5
725.4 212.2
727.83 167.17
733.5 655.5
735.0 963.29
738.67 370.33
741.33 276.33
742.8 927.6
743.5 1079.0
745.5 909.0
754.5 78.0
755.0 347.0
760.33 850.33
767.5 16.0
767.0 537.5
771.0 125.2
773.4 695.3
784.5 511.5
791.38 244.38
790.8 583.6
790.0 663.0
799.6 987.4
800.0 1035.0
800.0 244.5
804.39 306.82
809.5 869.0
810.0 1075.71
811.0 518.75
819.0 335.0
822.6 795.8
824.0 495.5
830.0 215.5
832.5 233.5
837.0 145.5
843.11 555.33
851.5 907.0
859.0 134.0
867.5 252.5
877.0 402.0
879.62 718.62
879.5 963.5
881.5 780.0
882.5 316.0
892.75 383.0
894.67 127.67
901.8 973.0
904.0 274.5
922.59 23.74
921.0 370.25
926.17 34.17
925.67 941.33
928.75 628.25
930.6 328.6
932.5 361.5
937.5 970.0
941.0 20.0
940.0 433.5
944.5 198.5
945.67 659.67
947.5 90.0
953.5 859.0
956.17 657.83
955.0 690.5
959.09 483.91
962.67 209.33
969.72 1009.59
970.5 1034.5
979.16 122.95
974.5 339.0
975.5 711.5
977.0 410.8
983.62 748.62
984.5 980.0
984.5 409.0
988.17 453.83
994.0 247.5
995.5 425.0
1000.0 231.5
1002.2 629.4
1002.5 222.5
1003.0 574.25
1009.67 979.11
1010.91 1044.36
1024.29 186.0
1025.0 906.5
1030.78 84.33
1033.67 660.33
1034.5 218.0
1035.5 918.5
1042.57 41.07
1041.4 120.8
1044.0 612.5
1044.0 1041.5
1047.5 1051.0
1049.67 1014.33
1050.5 90.0
1054.0 73.5
1054.75 512.0
1055.33 1063.67
1061.5 691.0
1066.58 119.45
1067.12 254.12
1070.0 1010.71
1072.2 44.4
1073.29 205.0
1074.33 265.89
1083.29 332.5
1084.36 394.21
1084.0 1001.5
1086.0 421.5
1089.0 417.5
1089.0 430.5
1093.88 1062.12
1096.0 788.0
1098.84 30.84
1097.5 971.5
1102.15 908.54
1102.67 513.67
1104.0 1040.5
1108.0 980.5
1114.0 118.5
1117.33 950.11
1119.5 189.0
1120.0 321.0
1120.0 972.5
1125.35 8.0
1127.5 460.0
1127.5 847.5
1130.0 786.5
1130.33 934.33
1131.5 699.5
1132.67 176.33
1133.33 320.67
1137.0 311.29
1136.5 767.5
1138.33 602.67
1140.0 112.0
1142.5 539.0
1143.33 976.11
1148.0 62.5
1158.5 959.5
1159.83 544.83
1162.11 522.33
1162.8 248.6
1166.5 434.0
1172.6 452.2
1174.33 97.67
1174.0 512.5
1174.0 926.5
1175.5 505.5
1176.4 227.2
1178.67 519.67
1179.5 795.0
1182.0 766.0
1181.5 1024.5
1185.33 827.67
1186.5 734.5
1187.33 850.67
1190.8 937.0
1191.5 274.0
1196.5 191.5
1206.0 1069.0
1207.0 959.75
1211.33 802.67
1215.0 275.5
1214.5 882.5
1219.67 139.67
1220.0 296.5
1221.33 629.33
1222.5 1053.29
1226.5 959.0
1229.5 716.5
1229.5 1015.0
1231.0 118.5
1238.75 210.0
1238.0 642.5
1243.33 319.11
1243.0 824.0
1243.5 575.0
1244.0 1010.5
1246.0 129.5
1248.0 138.75
1249.0 53.0
1251.0 516.5
1252.0 1032.5
1255.29 134.0
1261.5 1015.5
1261.5 1079.0
1267.0 450.25
1268.0 378.75
1271.5 463.0
1273.5 692.5
1277.0 823.0
1281.0 152.5
1280.25 750.0
1282.5 644.0
1287.0 199.0
1286.33 409.67
1291.5 213.0
1291.5 499.5
1294.5 984.5
1297.5 812.5
1302.14 692.41
1303.5 15.0
1305.0 271.5
1305.0 464.5
1307.64 221.91
1306.5 1066.5
1308.5 724.0
1308.67 833.67
1310.0 584.5
1311.0 812.5
1314.5 151.5
1324.0 962.8
1325.0 417.5
1325.5 480.5
1329.5 362.71
1331.4 72.8
1331.5 901.0
1331.8 941.4
1337.5 841.5
1339.38 232.62
1338.0 376.5
1339.0 1002.5
1345.14 480.81
1348.0 759.71
1352.67 158.67
1353.75 836.0
1356.82 855.32
1356.5 488.0
1359.5 577.5
1361.5 0.0
1364.0 437.0
1365.0 226.5
1366.75 897.58
1369.5 562.0
1369.0 1047.5
1371.5 351.0
1372.67 812.67
1378.33 715.17
1392.0 95.29
1392.0 206.25
1391.5 266.5
1394.67 878.67
1396.0 99.0
1400.33 539.67
1402.62 666.38
1403.0 248.75
1403.25 326.67
1403.5 196.0
1407.5 1064.5
1421.33 3.67
1428.2 631.4
1438.5 205.5
1438.0 555.29
1442.13 262.13
1446.5 338.0
1456.0 973.0
1459.5 920.8
1459.83 98.83
1461.5 282.5
1465.5 596.0
1469.0 1016.71
1467.5 1037.5
1471.0 733.5
1472.5 392.5
1477.11 769.67
1476.33 950.33
1483.75 163.0
1485.0 272.38
1485.5 703.0
1485.88 1037.12
1487.29 410.0
1493.5 798.0
1493.0 877.5
1497.29 664.5
1497.67 1031.33
1502.75 188.0
1505.33 230.75
1508.0 62.75
1509.0 128.0
1509.5 144.0
1511.5 641.5
1514.0 88.5
1516.0 855.25
1518.12 632.59
1520.88 527.41
1521.4 204.8
1521.0 379.5
1523.2 408.6
1526.5 760.5
1529.64 625.91
1536.38 557.62
1536.85 705.46
1538.6 985.8
1541.5 610.0
1542.0 825.71
1545.13 995.47
1551.4 277.4
1551.2 868.6
1554.0 375.0
1555.29 765.5
1554.0 841.5
1555.0 518.5
1555.8 829.6
1557.67 220.33
1558.75 94.0
1560.88 955.88
1568.5 734.0
1572.0 158.2
1574.5 121.5
1579.12 246.88
1581.5 523.0
1585.72 201.89
1586.8 418.6
1589.0 492.5
1593.67 489.67
1594.5 347.0
1597.0 692.5
1598.0 182.5
1599.0 23.5
1609.0 763.29
1614.67 670.33
1618.67 555.33
1620.5 923.5
1622.5 875.5
1631.37 655.63
1633.75 857.0
1634.0 57.5
1638.67 769.67
1640.4 48.2
1641.5 670.0
1642.5 226.5
1644.0 553.5
1646.5 129.5
1646.5 691.5
1647.5 388.0
1647.5 886.5
1651.5 330.5
1653.0 678.71
1653.0 79.71
1656.12 997.12
1662.5 323.5
1664.5 532.2
1664.0 296.5
1665.88 335.88
1666.0 709.25
1666.5 466.0
1669.0 789.75
1668.5 990.0
1670.0 228.5
1672.67 662.67
1674.9 1006.7
1674.0 741.5
1675.8 1015.5
1677.5 255.5
1679.67 743.67
1681.5 757.0
1683.0 173.0
1689.67 203.67
1694.38 315.82
1695.12 293.12
1707.12 174.88
1710.8 107.0
1717.79 970.5
1719.5 894.0
1722.54 1042.09
1727.5 259.0
1728.0 668.0
1729.64 745.79
1730.0 766.71
1746.4 347.2
1747.25 931.33
1749.5 46.5
1749.0 646.5
1752.5 162.5
1753.5 569.5
1760.59 1039.0
1759.0 878.5
1763.16 642.16
1763.0 88.5
1765.0 437.5
1770.0 296.5
1775.4 903.2
1776.5 761.5
1778.5 653.5
1781.0 15.0
1780.0 405.5
1781.5 189.5
1783.5 285.0
1784.5 110.5
1785.0 964.5
1786.5 1049.0
1788.5 158.0
1790.0 581.5
1795.0 304.0
1795.25 133.0
1800.0 967.29
1805.0 117.79
1804.17 156.83
1805.5 366.0
1807.0 993.0
1807.5 9.0
1816.92 131.92
1818.58 242.18
1817.56 603.93
1815.0 433.0
1821.5 311.0
1826.0 416.29
1826.5 457.0
1827.6 132.8
1829.83 55.67
1837.0 461.5
1838.0 479.25
1837.6 936.8
1843.71 695.29
1839.5 31.5
1842.25 278.75
1843.67 435.33
1845.4 470.2
1850.0 500.0
1851.8 462.6
1853.0 95.0
1852.5 315.0
1857.88 948.5
1854.83 588.17
1860.17 853.33
1861.0 873.75
1864.0 134.5
1866.47 862.35
1866.8 730.4
1866.33 876.33
1874.66 836.45
1868.0 541.5
1870.59 128.12
1869.71 283.0
1871.92 916.08
1871.5 530.0
1874.53 784.33
1875.88 303.88
1876.0 498.5
1875.33 887.67
1878.5 78.5
1881.29 866.5
1882.6 230.6
1883.0 244.0
1882.5 331.5
1883.0 700.8
1884.92 809.71
1886.4 510.8
1887.0 659.0
1889.58 668.02
1886.5 857.5
1888.0 184.29
1887.6 992.2
1888.67 909.33
1891.0 903.0
1891.0 1038.0
1892.0 1006.5
1893.33 844.89
1896.66 897.52
1895.0 337.0
1897.0 225.0
1896.71 612.0
1900.5 134.5
1901.2 842.6
1907.5 105.76
1904.5 158.0
1910.0 479.5
1911.33 432.67
1915.33 191.33
1916.4 1057.2
!