0.0 137.5
0.43 535.29
3.24 1025.36
4.95 428.1
7.37 645.63
3.71 908.0
5.6 67.4
7.5 402.0
9.5 693.0
8.6 1073.2
11.0 679.0
14.29 102.0
13.88 728.12
18.29 194.0
17.5 715.0
18.67 967.67
21.5 96.5
22.0 773.5
23.55 154.36
24.33 163.67
25.5 909.0
25.5 937.5
28.71 983.71
26.4 786.2
29.0 467.5
30.0 366.5
30.0 1022.0
31.33 257.33
32.5 645.0
33.8 1053.3
34.12 30.88
35.0 164.0
37.0 875.5
38.0 180.25
39.62 806.62
39.5 661.5
41.5 235.0
45.0 875.0
42.67 838.67
45.4 160.8
46.91 338.09
46.5 214.5
47.0 232.5
47.0 1005.0
49.67 662.67
49.0 1072.5
50.67 293.83
53.0 514.71
53.5 87.5
59.0 986.5
60.8 35.4
62.0 662.5
63.12 99.12
65.0 414.71
65.0 277.5
65.0 321.5
67.89 290.67
69.95 835.92
71.0 393.5
70.33 634.67
70.88 694.88
70.0 906.5
71.33 769.67
72.6 947.6
77.88 931.55
76.5 1020.5
79.0 249.5
80.0 4.5
81.0 653.0
80.5 710.0
83.5 279.0
84.0 764.0
85.12 3.12
85.0 166.5
86.0 248.71
86.5 998.0
87.5 92.5
88.2 568.6
90.9 524.07
92.29 930.0
92.5 367.5
93.5 167.5
94.0 263.29
95.8 201.4
98.6 51.8
99.29 313.0
99.0 204.5
102.6 676.8
104.0 419.0
105.17 633.83
104.25 819.0
105.33 94.67
106.33 438.67
107.0 464.0
106.8 856.4
106.33 964.33
107.5 119.0
107.67 363.33
109.24 591.38
111.0 178.5
118.79 264.64
110.33 865.33
111.33 115.33
115.04 428.4
114.0 325.5
116.5 237.5
115.5 505.5
115.33 811.33
115.0 863.5
117.8 361.4
117.67 481.33
120.0 145.71
123.5 227.0
122.5 371.5
124.0 677.5
124.0 767.5
126.5 310.0
125.0 343.5
125.5 467.0
125.5 742.0
125.5 847.5
126.33 366.33
127.67 795.33
131.15 223.54
133.5 380.71
133.64 331.91
133.67 533.67
135.0 430.2
135.33 318.67
137.0 399.0
137.5 411.0
137.67 516.33
138.0 669.75
139.5 372.0
141.5 539.0
146.6 133.4
146.33 982.67
150.36 446.55
149.2 506.4
149.0 453.5
149.0 716.5
150.5 274.0
151.0 527.75
150.5 562.5
150.0 587.5
150.5 880.0
152.0 228.5
151.5 544.0
151.0 934.5
153.0 457.0
152.5 915.0
152.0 996.5
154.88 307.12
155.0 471.25
154.33 880.33
155.33 402.67
155.5 710.0
156.8 420.4
156.33 606.33
157.67 595.33
158.67 49.33
159.38 343.38
159.0 217.5
161.5 251.5
168.29 271.71
167.2 606.4
168.5 1042.0
168.2 260.4
167.5 630.5
169.0 108.5
170.5 1049.0
170.0 686.5
178.88 97.88
180.8 49.6
181.5 245.0
182.0 335.5
182.5 116.5
182.62 356.12
185.0 202.5
185.5 768.0
185.5 877.0
187.67 520.33
190.0 2.0
189.0 246.5
189.25 443.0
189.71 867.0
191.0 158.2
190.33 278.67
190.4 373.2
190.0 377.5
192.71 574.5
192.77 797.94
192.5 1034.0
195.0 447.5
195.25 934.0
199.76 455.41
198.12 733.12
201.24 907.19
197.8 984.5
197.5 996.5
198.67 489.67
200.33 353.67
203.0 685.83
203.2 27.6
202.5 938.0
203.0 179.5
203.5 700.0
204.67 35.33
204.0 52.5
206.0 465.25
206.5 285.5
208.0 513.0
209.67 118.67
211.0 194.5
210.0 466.5
210.0 542.5
210.0 657.5
211.0 1070.5
214.4 284.2
216.0 472.5
217.5 622.5
217.33 787.67
219.17 345.17
220.58 502.94
219.0 701.8
220.17 922.17
220.88 743.88
221.88 460.88
222.0 490.5
222.5 512.67
221.71 518.0
221.0 641.5
221.5 808.0
222.5 404.0
224.0 102.0
223.0 395.5
224.0 521.5
225.33 95.33
225.33 983.67
225.5 1024.0
226.5 809.0
227.5 586.5
227.67 804.33
230.0 36.0
231.5 135.29
231.0 937.5
231.4 740.2
233.6 242.8
235.8 315.4
237.79 25.63
237.67 870.67
240.0 852.5
241.33 54.33
241.8 757.6
244.0 858.75
246.0 19.5
245.0 806.5
247.0 1056.71
248.12 868.12
248.83 505.83
249.67 713.78
249.67 1035.33
250.8 353.6
253.5 756.0
252.5 154.0
253.6 666.8
254.5 1000.0
256.29 385.5
256.5 541.5
259.0 526.5
259.5 662.5
267.0 768.5
267.5 115.0
267.67 764.67
268.6 395.8
270.0 194.0
270.0 975.71
272.12 421.88
272.67 82.67
273.2 646.4
273.0 761.0
274.0 831.5
274.0 956.5
275.33 981.33
277.0 547.5
278.92 1056.2
279.17 274.17
280.31 458.56
279.67 251.33
280.5 484.0
280.0 64.5
280.0 809.5
281.5 1014.0
283.5 800.0
284.0 493.29
287.33 903.83
287.5 416.0
287.5 776.5
288.5 284.0
289.0 539.5
288.67 1075.33
292.43 463.77
291.14 996.71
292.5 309.0
296.0 660.25
296.5 59.0
298.5 861.5
299.12 898.12
301.5 564.5
301.5 937.5
303.5 62.5
303.6 246.8
304.5 501.5
310.41 563.59
306.0 359.5
308.0 305.5
309.5 278.5
312.5 660.0
314.5 415.5
315.92 507.31
315.0 377.5
315.33 529.67
315.5 954.0
316.0 958.0
316.5 1062.5
319.67 232.67
319.4 1060.8
321.0 629.5
321.4 415.8
321.5 574.5
325.6 892.7
327.08 401.42
326.0 760.0
326.33 737.67
327.71 1043.5
328.5 225.0
328.71 928.0
331.0 591.71
330.5 622.5
332.29 886.29
336.5 166.0
336.33 175.33
336.8 216.4
336.5 780.0
338.88 1057.12
340.81 474.86
340.0 10.5
343.12 401.88
340.0 931.0
342.12 122.88
342.0 923.0
344.5 281.5
345.0 848.29
346.88 309.69
347.5 515.0
347.5 619.5
355.25 58.0
355.0 779.5
357.5 218.2
359.12 321.88
360.5 505.71
359.0 545.5
360.5 311.5
360.5 459.0
364.5 579.0
365.0 684.5
366.71 748.0
369.0 781.5
370.67 461.33
371.5 654.5
371.8 392.6
375.0 1030.5
376.5 524.5
378.5 48.29
380.0 241.5
380.4 261.8
380.88 964.12
381.33 811.33
382.67 949.33
384.5 274.0
385.62 441.62
384.8 860.4
385.5 124.0
386.2 564.6
387.8 268.6
388.5 721.5
388.5 975.0
390.47 683.87
392.5 283.0
394.5 399.17
392.6 952.2
393.75 756.0
397.72 643.93
397.5 610.0
400.5 964.0
404.6 401.4
404.43 955.14
404.0 271.5
405.5 651.5
406.0 859.8
407.29 816.0
408.91 309.09
409.0 450.5
410.71 794.5
412.38 583.38
411.5 940.0
413.67 852.67
414.5 726.5
414.0 968.5
414.0 1008.5
421.11 418.72
420.2 613.5
419.75 976.0
420.71 345.0
421.5 532.0
421.5 12.5
422.5 45.0
422.5 71.5
426.12 711.41
426.29 626.5
427.0 790.5
428.5 264.5
430.8 795.4
435.4 163.2
437.5 367.5
439.0 1025.5
443.5 473.5
441.2 681.4
440.71 763.0
441.5 295.0
442.5 844.0
446.83 824.83
445.0 704.5
446.5 350.0
446.0 552.5
447.0 812.5
447.5 1010.0
448.67 231.33
451.0 0.85
450.33 442.67
452.5 224.0
452.5 319.0
453.5 131.5
455.0 427.5
458.2 530.4
460.0 460.0
460.67 906.89
460.5 774.5
462.0 312.0
461.33 1038.33
463.0 412.0
462.67 937.33
463.5 852.5
465.5 640.71
465.5 866.8
465.33 360.33
467.0 749.0
467.5 717.5
470.33 976.33
471.0 672.5
473.12 135.88
473.0 348.71
474.0 819.5
477.12 970.88
476.4 1062.2
477.67 126.33
477.67 348.67
477.5 595.0
479.5 263.0
479.17 314.17
478.33 424.67
478.67 743.67
480.5 1040.5
482.12 1028.12
482.6 647.2
485.0 338.0
486.0 349.5
493.5 101.44
487.5 70.0
490.37 863.37
490.5 581.8
490.5 878.5
492.11 593.33
492.67 775.33
497.0 34.5
497.0 669.75
501.2 462.6
500.5 656.5
500.88 1052.88
508.5 586.0
509.0 563.5
512.12 655.5
513.37 1004.21
513.0 612.29
512.6 635.8
513.0 924.0
512.5 986.5
513.5 324.0
515.62 204.62
514.5 1077.5
517.29 423.0
516.5 694.0
519.36 433.55
519.44 780.22
521.6 503.6
526.47 940.11
521.5 902.5
524.79 218.5
523.93 685.57
523.0 1.5
524.33 831.33
527.67 3.67
527.8 122.6
531.36 87.09
530.0 782.5
537.0 141.5
537.67 46.33
538.4 309.4
538.4 550.2
538.5 904.0
539.33 0.33
545.0 68.17
547.33 627.44
545.33 266.33
547.12 674.88
546.4 747.2
552.5 419.5
553.75 817.0
555.89 179.67
558.2 663.5
557.5 766.0
561.28 132.1
559.5 870.8
564.17 243.6
561.5 291.0
561.0 597.5
562.5 780.0
564.88 267.12
564.0 377.0
565.91 543.36
568.0 975.0
569.5 79.5
573.0 170.0
572.5 439.0
572.5 1034.5
578.5 542.0
580.5 682.5
582.2 906.4
586.5 196.5
588.33 49.17
588.0 1.5
594.5 940.0
595.33 612.67
597.2 219.6
596.33 916.33
599.0 71.5
603.0 866.24
604.0 1029.17
602.5 563.0
604.5 464.5
604.88 368.12
606.8 797.6
607.6 645.8
610.92 543.64
610.5 986.0
612.0 550.0
615.56 1062.78
617.0 717.71
618.5 59.5
618.5 139.0
618.0 1012.5
619.5 836.5
623.0 3.75
622.5 369.0
623.29 500.0
623.18 694.18
624.17 69.17
627.67 259.67
627.5 702.5
629.67 854.67
630.71 31.0
630.0 337.5
630.5 504.0
631.2 539.0
631.67 832.67
633.0 552.5
634.5 680.71
634.6 1012.2
639.0 951.5
642.6 407.2
642.6 721.8
645.5 29.0
646.0 999.75
647.5 235.0
647.83 389.17
647.83 983.83
649.67 486.11
649.0 378.5
650.0 87.5
650.67 750.67
650.5 1042.5
652.5 5.0
653.7 131.6
653.5 127.5
660.62 602.38
660.0 757.29
660.0 616.5
663.5 207.22
664.0 395.5
669.0 689.5
669.71 133.0
669.83 227.83
671.5 804.0
672.33 911.67
674.33 527.67
676.5 60.5
677.38 500.62
676.5 663.5
678.17 1004.83
679.88 375.88
683.07 953.86
682.12 976.88
683.62 495.62
684.5 69.0
685.88 243.12
685.33 799.33
686.5 489.0
687.5 25.0
688.67 360.33
690.0 896.5
691.33 703.67
693.12 794.88
693.0 804.71
693.5 312.5
693.83 953.17
693.0 1012.5
695.17 356.17
696.6 829.4
695.0 932.5
698.0 488.75
699.71 1060.0
700.0 202.5
705.5 131.5
705.88 416.88
707.0 421.29
706.88 765.88
711.33 464.5
707.5 839.0
715.0 314.0
717.5 453.0
718.0 636.5
718.75 893.0
720.0 653.5
721.5 560.0
722.5 437.5
723.5 520.0
724.83 358.33
724.5 1037.0
725.0 472.5
727.8 1014.0
727.5 840.0
727.67 1030.33
729.5 547.5
729.5 641.5
733.67 748.67
739.11 417.88
736.41 795.12
735.4 862.2
738.65 39.0
740.5 59.0
740.33 646.33
743.0 560.5
744.5 120.0
745.5 539.0
746.5 794.0
747.5 778.5
750.0 697.5
754.5 759.5
756.33 405.33
758.6 318.2
759.29 380.0
759.0 830.71
762.5 589.5
763.0 699.0
764.62 357.62
764.0 843.71
763.6 1050.8
764.0 998.5
765.8 586.5
765.33 720.33
771.88 637.88
771.33 759.67
772.6 484.8
772.67 828.67
775.0 630.0
777.5 23.5
776.4 281.8
776.33 1029.67
777.67 846.33
783.46 738.92
783.92 925.2
785.0 451.0
786.0 648.29
786.33 160.33
790.33 420.33
792.92 566.53
792.5 902.5
792.5 1056.5
794.0 431.5
795.33 863.25
796.0 1060.0
801.25 947.0
803.0 329.5
802.8 505.4
803.67 189.67
805.0 824.5
804.0 791.0
806.91 776.09
805.83 988.83
808.2 221.4
813.0 313.0
814.0 42.5
814.5 88.0
814.0 1050.5
814.8 1061.4
817.5 664.5
817.5 701.0
821.5 661.5
822.5 276.5
824.0 471.5
826.5 895.0
829.5 794.0
836.0 195.5
835.0 641.5
837.25 1039.75
836.0 1034.5
837.5 97.0
839.5 937.5
841.0 884.29
841.91 687.36
841.5 1024.0
843.2 746.4
844.0 486.5
849.0 232.5
850.65 679.0
851.5 239.0
852.0 1007.29
853.79 1043.09
854.6 310.8
856.0 682.0
857.83 758.57
860.0 32.0
861.5 171.5
861.5 479.0
865.12 49.12
863.0 274.5
862.5 389.5
863.0 665.25
869.25 732.75
865.0 301.5
865.88 349.88
865.25 781.0
867.5 853.0
868.5 712.0
872.6 226.8
874.0 420.2
873.67 950.33
875.5 304.0
876.5 238.5
879.62 350.38
880.67 204.17
881.5 393.5
882.0 1050.0
882.67 400.33
884.0 466.0
883.2 718.6
888.83 723.0
887.5 766.5
889.17 948.83
890.29 552.0
889.33 629.33
891.5 6.5
893.17 440.83
893.5 282.5
899.0 847.5
900.4 102.2
902.12 583.88
905.4 58.2
906.5 737.5
906.33 747.67
908.12 180.88
913.33 194.44
909.7 284.7
909.89 375.33
911.0 672.5
909.5 807.5
909.0 861.0
910.0 70.5
910.0 539.5
917.85 531.4
914.5 963.0
914.0 26.0
915.68 306.68
921.25 325.0
921.5 586.5
924.0 368.5
925.0 641.5
929.0 244.5
929.5 336.0
929.0 185.5
929.5 435.0
933.0 600.0
933.6 205.8
935.0 1054.0
936.5 994.5
938.0 921.5
939.75 206.0
940.5 317.5
940.33 502.67
942.5 921.29
943.2 313.6
944.0 549.5
946.0 416.25
946.2 449.6
946.8 137.6
949.4 652.2
950.0 971.5
953.29 194.0
958.57 701.5
952.5 933.5
953.5 415.0
955.0 244.25
960.5 740.5
959.0 871.5
961.62 727.75
960.25 1035.0
961.5 349.0
962.0 784.5
965.18 204.82
965.5 685.5
966.33 22.67
967.6 972.2
971.2 131.4
970.0 230.5
972.5 650.0
974.0 554.5
974.5 682.0
975.0 488.5
975.0 729.5
978.0 523.75
980.29 778.5
982.5 285.5
983.0 927.75
984.5 80.8
986.5 666.5
987.5 581.5
988.0 795.25
990.25 213.0
993.38 314.62
994.0 834.5
994.0 983.5
1001.59 1023.26
1000.5 89.0
1000.5 646.0
1003.75 548.0
1004.5 464.0
1008.95 498.13
1004.33 660.33
1006.33 199.67
1007.5 622.5
1009.0 17.5
1011.36 400.58
1010.5 709.5
1011.0 107.5
1014.64 453.55
1014.0 670.5
1017.83 19.17
1019.2 953.6
1019.5 147.0
1021.0 548.35
1019.0 645.5
1021.91 769.91
1022.0 417.0
1033.0 548.0
1035.0 348.5
1035.0 943.5
1036.25 178.0
1036.8 634.5
1040.0 291.5
1040.0 952.5
1042.0 665.25
1044.3 784.3
1049.67 847.67
1051.29 461.0
1054.0 337.8
1054.0 377.0
1055.5 650.0
1055.25 685.0
1056.5 478.5
1062.0 821.0
1062.5 86.5
1063.83 1047.83
1068.89 397.83
1081.19 440.14
1071.2 754.4
1071.5 571.5
1075.38 227.38
1076.8 199.6
1076.5 839.5
1077.5 488.0
1083.0 235.0
1082.67 797.67
1083.67 320.33
1086.0 926.71
1089.5 2.5
1089.5 475.5
1090.12 880.88
1090.0 344.5
1090.5 365.0
1091.8 305.4
1092.93 694.41
1092.5 526.5
1094.29 82.0
1095.71 434.0
1097.5 404.0
1098.67 839.33
1101.12 832.12
1104.5 88.0
1105.29 646.5
1107.5 103.0
1107.67 455.33
1112.0 92.5
1112.83 354.83
1112.5 372.5
1112.5 648.0
1115.8 646.4
1116.5 139.0
1119.38 435.75
1119.0 860.5
1122.5 834.0
1123.0 872.0
1128.0 523.75
1127.5 941.5
1130.5 816.5
1132.0 91.5
1131.5 326.5
1134.0 356.5
1136.79 832.5
1135.4 332.2
1137.0 70.0
1140.5 189.5
1144.5 86.0
1146.0 174.0
1146.5 558.5
1146.5 684.5
1149.0 1076.5
1150.5 750.0
1155.5 731.5
1159.0 930.5
1165.5 715.0
1176.8 878.6
1181.5 739.0
1183.6 69.8
1184.12 188.12
1187.0 799.0
1187.88 257.12
1190.0 451.0
1191.5 760.5
1194.0 186.5
1197.28 399.1
1195.8 599.4
1197.5 809.5
1198.5 209.0
1202.36 435.91
1206.0 454.5
1208.0 264.5
1209.63 863.79
1211.77 1026.85
1212.75 316.0
1212.5 650.0
1214.0 638.75
1215.71 1037.0
1219.67 966.33
1221.33 816.33
1222.6 64.2
1223.5 523.0
1226.5 789.0
1227.0 980.0
1226.5 1044.0
1227.67 551.33
1228.5 276.5
1239.5 6.5
1241.5 884.0
1242.67 973.67
1245.5 745.0
1250.85 560.85
1248.12 712.75
1251.29 119.5
1250.0 850.5
1253.2 356.4
1256.87 325.53
1261.83 859.0
1261.0 800.5
1264.26 906.74
1264.6 265.96
1265.25 96.0
1270.12 900.88
1271.0 971.0
1272.0 704.5
1272.5 210.0
1273.6 867.4
1278.0 207.75
1284.0 971.5
1287.5 679.5
1290.5 296.5
1294.0 144.71
1295.62 311.62
1303.6 425.6
1312.29 829.0
1317.0 192.5
1318.2 165.4
1319.5 408.0
1319.0 596.5
1320.25 60.0
1323.0 414.5
1329.57 195.68
1326.5 772.5
1329.3 885.3
1335.5 195.5
1336.5 279.5
1337.5 437.5
1337.71 687.0
1338.6 318.2
1339.88 932.12
1340.5 49.0
1341.47 679.13
1344.29 533.0
1345.0 365.5
1346.0 595.5
1349.12 777.12
1350.0 624.5
1351.33 929.67
1355.71 217.0
1355.25 1027.0
1356.5 343.0
1359.17 221.17
1360.38 265.62
1359.5 784.0
1363.5 534.0
1361.5 848.5
1362.0 860.0
1367.6 153.2
1371.0 802.5
1372.5 98.0
1373.67 199.33
1374.0 354.2
1374.0 887.5
1378.5 1058.0
1379.0 1004.0
1381.09 89.22
1379.67 608.67
1381.62 819.38
1382.0 844.29
1383.0 382.75
1390.3 89.3
1389.0 792.5
1391.33 3.33
1395.0 855.5
1398.2 849.4
1399.44 197.44
1403.31 812.62
1402.12 68.88
1406.96 899.89
1405.75 550.25
1407.09 731.09
1408.38 92.62
1410.0 965.5
1411.71 110.0
1411.5 680.0
1412.88 186.88
1416.59 1028.26
1417.5 1074.0
1418.6 1012.8
1429.4 901.2
1432.0 881.5
1437.0 818.0
1438.25 24.33
1443.62 674.62
1445.71 976.0
1449.33 807.89
1452.6 218.2
1452.67 500.33
1454.0 528.5
1454.31 677.88
1456.4 997.2
1458.2 559.6
1458.71 454.0
1459.5 106.5
1461.0 802.29
1465.5 237.5
1470.96 479.11
1465.25 499.0
1467.5 205.5
1471.0 556.25
1473.12 1012.12
1475.0 853.0
1478.92 343.46
1480.25 796.0
1483.0 702.0
1483.6 893.2
1485.17 664.83
1487.67 1050.67
1490.31 342.88
1488.6 827.8
1493.84 820.32
1492.5 140.0
1493.0 399.29
1497.0 337.0
1507.13 864.61
1508.0 551.0
1510.5 415.0
1510.33 599.67
1511.5 708.5
1513.67 954.33
1515.0 357.5
1518.29 89.0
1518.5 450.0
1527.5 336.5
1528.2 490.4
1535.8 133.0
1535.25 634.0
1539.67 420.33
1541.5 477.5
1541.33 805.33
1547.77 34.92
1546.33 724.33
1546.5 775.0
1551.5 1015.79
1551.8 365.0
1552.5 939.0
1555.3 500.3
1556.0 386.0
1556.5 309.0
1558.67 521.33
1560.0 526.5
1562.5 158.0
1563.75 54.0
1567.0 131.0
1569.0 521.0
1573.5 609.0
1573.29 819.0
1574.25 246.0
1574.0 277.5
1575.5 956.5
1577.5 767.5
1579.5 1075.0
1584.0 850.5
1583.5 147.5
1591.33 1062.67
1596.12 559.12
1597.2 418.6
1603.5 797.5
1604.5 6.5
1606.0 427.5
1610.0 270.5
1612.0 578.5
1612.89 1045.33
1614.6 151.2
1615.33 873.67
1617.0 738.5
1617.5 653.5
1620.0 865.5
1626.24 1027.0
1628.5 755.0
1630.0 663.5
1637.0 921.84
1639.8 269.6
1645.88 474.88
1648.6 1017.2
1650.75 250.75
1658.75 823.0
1663.5 559.0
1665.71 443.5
1664.0 518.0
1665.0 833.5
1669.5 740.5
1674.0 823.5
1674.5 950.5
1676.5 667.2
1677.87 743.47
1680.33 708.67
1684.88 918.12
1686.5 972.0
1687.5 235.0
1689.0 509.5
1693.0 787.5
1693.0 837.5
1694.0 1008.0
1694.0 1058.5
1695.33 591.33
1697.33 358.25
1699.0 563.29
1703.5 1068.0
1709.0 286.5
1710.0 571.5
1711.5 510.0
1711.5 1066.5
1716.12 757.31
1719.0 29.5
1719.18 1068.18
1720.5 675.0
1721.5 941.5
1727.29 84.0
1730.67 581.11
1735.33 1070.33
1742.5 177.5
1743.2 881.5
1746.18 911.82
1749.0 544.0
1749.5 330.5
1752.5 255.0
1757.5 400.0
1758.5 194.0
1760.25 1071.75
1760.0 502.5
1760.0 842.5
1760.0 877.5
1762.0 358.5
1761.8 1006.4
1764.5 1060.0
1767.59 287.26
1771.17 728.0
1770.83 770.17
1771.5 11.5
1777.11 437.61
1777.79 550.0
1781.45 426.29
1787.14 862.19
1785.8 1065.4
1787.0 10.0
1798.0 958.5
1800.25 194.0
1802.6 86.8
1802.5 165.0
1809.5 277.0
1811.9 334.95
1813.0 716.5
1814.5 166.5
1814.0 441.5
1815.75 485.25
1819.5 971.3
1817.67 300.33
1820.12 642.12
1819.67 882.67
1832.5 504.0
1834.29 180.86
1836.88 405.73
1836.5 800.0
1839.0 1071.5
1847.5 931.5
1849.75 463.0
1854.0 908.5
1855.71 315.0
1859.17 633.33
1862.5 643.33
1861.8 226.4
1867.64 422.31
1862.5 903.0
1863.5 924.5
1864.11 64.67
1867.67 220.0
1869.8 702.6
1871.5 266.5
1876.8 619.6
1879.0 441.5
1887.0 227.8
1887.0 524.0
1889.0 605.0
1888.67 869.67
1889.0 318.5
1893.0 823.2
1900.25 338.0
1906.0 681.29
1907.67 495.33
1910.5 106.5
!