1.29 542.0
2.5 62.0
3.5 45.5
10.03 175.34
7.0 377.0
8.67 934.89
18.23 707.0
14.5 725.0
18.11 1035.33
20.5 537.0
21.0 607.5
21.5 446.0
23.2 290.4
25.41 146.68
27.63 668.79
28.0 63.0
28.5 908.0
31.43 380.14
30.4 530.8
34.17 549.17
34.0 221.5
36.24 281.24
34.83 350.67
39.0 544.5
38.5 701.5
41.5 66.0
44.11 168.67
43.67 635.33
43.5 686.5
44.0 229.5
48.19 7.07
45.0 157.5
45.8 905.4
49.25 665.0
55.62 515.38
56.88 133.12
61.89 107.33
64.88 22.12
67.12 1040.88
68.67 312.67
69.0 748.0
74.0 615.0
74.5 825.0
75.25 78.0
75.5 462.5
75.33 912.67
85.0 694.5
85.33 925.33
92.6 854.66
92.5 206.0
94.29 919.0
97.36 140.5
103.31 102.22
102.2 965.4
103.67 259.67
105.5 49.5
105.5 396.5
105.5 1024.5
106.5 910.0
109.5 244.5
114.5 152.0
116.5 255.0
121.29 1048.0
122.0 78.2
121.83 254.83
123.0 433.5
121.88 927.12
123.0 444.0
129.0 486.5
131.33 247.67
132.67 242.67
142.7 918.13
138.82 957.82
138.67 849.67
145.5 186.0
148.55 566.42
152.17 389.39
152.0 272.29
157.67 433.67
160.8 1027.6
162.5 310.5
172.79 263.5
170.0 544.5
171.5 112.0
172.38 672.38
175.18 525.18
176.5 620.0
178.6 23.2
185.0 844.0
189.0 3.0
189.67 244.89
190.6 444.6
190.0 880.71
190.0 536.5
191.0 1000.0
197.67 976.33
203.5 834.0
206.0 401.0
207.2 607.6
210.25 808.0
212.54 241.15
212.2 340.0
211.8 919.4
214.5 177.5
215.62 299.38
216.12 583.41
216.0 289.71
217.5 338.0
221.2 112.6
225.0 680.5
227.67 165.67
231.37 348.79
230.25 758.0
233.88 888.12
234.4 916.2
238.0 622.2
242.0 264.5
241.5 644.0
241.5 790.0
244.12 185.88
246.0 133.5
246.0 181.5
252.11 714.72
255.9 515.1
258.37 399.0
256.0 672.0
258.86 85.57
258.0 731.71
262.71 193.5
268.0 558.5
270.5 275.5
275.0 600.71
275.0 907.5
277.6 785.8
278.0 148.5
280.71 385.0
281.5 111.0
285.33 901.33
288.0 725.71
290.5 1000.0
297.33 238.95
293.12 404.12
294.0 111.5
297.5 1074.5
302.5 269.0
306.85 537.54
307.0 287.71
307.5 320.0
309.8 522.0
312.29 295.5
312.33 443.25
313.4 25.6
313.53 668.65
314.17 310.83
315.24 537.76
320.32 3.63
319.37 322.37
320.88 728.12
321.0 795.71
320.0 829.5
323.67 197.67
328.28 200.11
327.0 677.5
329.78 886.5
332.82 273.82
344.5 477.71
349.79 256.88
349.17 484.83
348.5 675.0
349.29 867.0
353.33 531.17
352.5 894.0
357.5 198.0
357.67 609.67
359.5 14.0
360.88 190.88
362.0 346.5
365.0 245.8
366.5 79.0
369.0 5.5
368.2 359.4
369.29 153.0
368.67 297.67
375.39 113.5
370.25 946.0
375.5 160.0
381.2 917.6
384.89 224.33
384.0 981.5
386.33 371.33
393.5 324.36
391.5 23.0
392.0 354.5
391.33 486.33
392.5 592.71
392.5 154.0
393.5 363.0
397.56 677.4
397.29 699.5
397.5 641.5
399.0 118.0
400.0 830.0
400.8 695.4
401.5 1065.0
403.5 385.0
408.74 701.65
405.5 356.5
406.5 914.0
407.67 943.67
409.4 683.4
414.85 942.5
413.0 1030.17
417.75 476.0
418.5 338.0
421.0 933.5
428.5 849.5
434.29 510.87
430.0 1058.0
433.5 294.5
437.33 10.8
435.67 194.83
438.5 177.5
440.0 557.5
440.25 605.0
441.5 38.5
446.5 46.0
447.0 138.29
446.5 414.5
448.12 680.88
448.5 134.0
448.6 185.8
452.67 786.33
452.33 1017.67
453.5 260.0
453.5 879.0
454.5 883.8
454.71 320.0
455.82 592.82
454.75 856.0
459.83 505.17
461.3 685.74
468.5 168.5
467.38 886.62
468.54 46.15
467.6 781.8
472.5 486.0
474.5 744.0
473.75 272.0
475.79 458.63
475.88 46.12
476.0 559.0
475.0 875.5
476.33 237.67
478.0 617.5
482.67 457.67
485.0 7.5
489.21 327.63
490.21 221.5
489.0 942.5
491.5 437.5
491.33 797.67
492.0 976.29
492.67 615.33
493.67 25.33
494.5 43.5
496.17 844.83
496.33 137.67
498.5 792.5
499.5 64.5
504.2 662.6
504.0 16.5
505.4 34.6
507.5 890.5
508.89 1015.11
508.5 1024.5
510.8 361.5
513.05 329.9
515.67 435.67
518.0 894.2
519.5 309.5
526.07 649.7
524.5 405.0
528.59 187.72
527.2 540.4
527.5 951.0
530.4 152.2
533.29 345.0
533.33 37.67
535.25 853.0
535.8 913.6
540.4 917.2
546.5 497.5
546.5 605.5
547.6 685.8
548.29 793.5
548.25 812.67
551.71 619.0
554.5 204.0
565.5 216.5
565.5 697.5
569.0 663.59
571.67 606.33
573.6 363.2
573.0 438.5
575.0 276.5
577.25 560.25
575.33 609.67
576.0 787.5
578.5 472.0
578.67 11.33
580.75 43.42
584.95 803.62
580.88 915.88
585.6 677.2
590.5 460.0
593.67 144.33
593.0 866.5
597.0 357.0
599.5 318.5
605.72 771.59
605.0 490.71
605.64 695.79
608.25 360.25
613.0 278.0
615.5 795.79
614.0 568.5
620.0 801.5
624.67 45.89
625.0 204.0
624.0 532.5
625.5 553.5
635.59 336.93
630.0 90.5
632.5 592.5
632.5 687.5
633.67 703.67
633.75 951.0
639.17 1063.57
642.0 303.0
638.0 701.0
638.6 106.8
643.62 589.62
642.67 690.33
643.88 985.88
648.2 148.5
650.0 922.0
651.8 9.4
652.5 729.0
653.75 123.0
653.6 790.8
659.84 381.67
656.0 193.0
659.5 296.5
662.0 44.0
662.67 40.33
664.17 219.83
670.32 802.43
668.67 82.67
670.0 420.25
672.09 74.64
673.73 649.0
675.0 87.5
676.5 988.78
678.5 829.5
682.0 619.5
683.5 386.5
685.25 434.0
692.0 283.5
693.67 243.67
699.0 512.71
699.0 269.5
700.33 278.67
701.5 417.0
704.36 635.45
706.0 360.0
710.33 0.33
718.95 658.71
716.0 757.8
721.5 492.5
724.0 837.5
727.88 1037.12
732.0 1052.5
730.33 22.67
732.5 25.0
732.67 947.67
740.31 549.22
739.17 23.17
740.0 801.5
742.12 676.12
742.0 694.75
745.0 59.5
748.5 170.0
749.5 679.5
750.0 346.5
754.29 25.0
756.5 704.5
760.0 145.0
760.8 1003.6
768.28 1052.84
766.11 384.33
766.8 460.4
767.0 924.0
771.29 458.0
783.3 238.78
775.43 479.0
775.0 832.0
775.5 254.0
777.67 76.33
785.0 333.5
786.5 47.0
788.67 65.33
788.5 619.0
793.75 177.0
799.0 387.5
802.5 726.5
805.5 269.0
805.0 791.5
808.29 721.0
809.5 269.0
810.45 711.36
812.09 936.91
814.71 188.5
819.16 1019.16
820.5 1075.0
823.0 1063.65
825.4 754.17
827.6 883.2
827.75 973.0
836.5 1.0
838.17 599.17
841.5 859.0
855.45 769.36
860.5 56.5
863.0 85.5
864.5 583.5
865.5 592.5
865.0 772.5
865.8 1026.4
867.5 625.0
867.5 95.5
867.67 823.67
871.0 1056.0
872.67 434.67
873.5 816.5
885.06 1054.87
882.0 697.5
884.5 565.0
885.5 951.5
887.15 356.46
888.29 915.5
889.0 1000.71
889.83 186.17
890.33 519.33
891.5 250.0
894.0 296.5
895.5 1041.0
896.4 474.2
897.5 706.5
903.28 393.85
901.5 139.5
903.5 762.5
904.0 798.29
906.67 859.33
908.0 270.25
909.5 350.8
911.5 665.0
911.71 711.0
912.5 549.0
914.17 14.17
916.95 833.08
917.12 382.88
919.12 84.88
925.88 498.12
930.8 391.4
935.5 198.0
937.33 529.33
939.0 212.0
939.62 757.62
941.2 304.4
941.0 730.0
945.5 695.5
947.67 879.33
949.0 568.75
948.67 888.67
949.5 168.5
953.4 125.0
952.5 537.5
954.17 2.33
954.5 519.0
959.83 83.83
959.0 566.5
962.0 270.0
966.8 902.6
975.83 401.0
977.57 299.0
977.5 47.0
981.38 95.25
981.0 791.71
983.6 432.8
984.5 745.0
986.0 127.0
986.0 369.0
989.0 712.5
989.0 847.5
991.5 1068.0
992.5 704.0
996.4 587.04
998.21 822.37
999.29 347.0
999.5 1005.0
1001.2 80.4
1004.3 886.73
1001.5 0.0
1002.12 318.12
1002.2 608.6
1002.5 546.5
1004.33 956.33
1005.33 506.33
1009.88 557.12
1013.0 593.29
1013.5 51.0
1016.88 597.12
1020.5 181.5
1021.5 415.0
1029.89 35.49
1028.11 649.33
1028.5 145.0
1030.0 133.5
1030.0 239.5
1032.5 366.5
1035.0 916.0
1036.0 2.5
1036.5 119.0
1040.5 657.0
1039.0 714.71
1039.0 367.5
1039.5 541.5
1044.67 864.67
1045.71 149.0
1045.0 837.0
1049.64 47.5
1047.5 186.0
1048.57 1038.86
1049.5 19.0
1053.71 352.0
1055.33 796.89
1055.33 58.67
1055.88 934.88
1057.17 908.83
1060.0 882.83
1062.0 765.0
1062.5 522.0
1064.0 126.5
1066.5 917.5
1074.0 231.5
1076.0 284.29
1076.5 773.5
1081.5 29.78
1081.5 509.0
1082.4 1068.6
1082.5 256.5
1083.0 514.0
1083.67 38.67
1084.5 212.5
1086.5 645.0
1094.47 726.21
1089.0 684.5
1093.74 794.59
1092.5 489.5
1095.72 19.59
1094.0 428.5
1094.5 866.5
1095.89 1044.33
1096.5 336.5
1101.5 557.5
1106.5 1005.0
1111.36 178.09
1111.0 4.5
1116.5 197.0
1115.5 347.5
1116.0 1033.0
1116.33 167.67
1119.5 7.8
1119.5 261.5
1125.25 161.75
1127.5 143.2
1132.5 660.0
1141.25 645.0
1142.12 1061.12
1142.5 19.5
1143.0 605.71
1144.5 615.0
1144.5 782.5
1146.2 562.3
1147.29 873.0
1152.2 735.5
1155.88 197.12
1156.0 954.29
1158.0 245.71
1158.0 415.5
1158.67 574.33
1159.0 915.5
1160.0 321.5
1161.5 469.0
1163.5 1064.0
1163.75 1070.0
1166.8 314.0
1166.0 804.5
1165.5 893.5
1166.0 162.5
1173.11 444.56
1171.96 1004.4
1172.5 640.0
1176.0 5.0
1182.0 616.29
1185.0 735.71
1195.0 297.5
1196.5 1023.5
1198.0 500.0
1198.0 873.5
1198.0 467.5
1202.12 822.12
1208.75 401.0
1210.0 426.0
1212.5 115.0
1214.67 128.5
1216.5 350.5
1216.71 614.0
1217.5 41.0
1218.6 667.8
1219.67 720.33
1220.71 1030.5
1223.6 725.8
1225.17 338.33
1225.0 551.5
1227.15 170.54
1227.5 247.5
1227.88 1053.12
1233.67 760.33
1235.59 59.88
1245.5 839.0
1245.25 1009.0
1247.67 959.33
1248.6 944.2
1252.88 798.12
1255.45 457.58
1254.4 917.2
1256.33 278.33
1258.57 823.0
1263.0 437.29
1266.64 486.5
1264.75 162.0
1267.82 1062.82
1274.88 450.88
1280.5 355.5
1288.84 210.36
1288.0 590.5
1291.09 416.09
1290.43 443.43
1289.67 731.33
1291.0 91.67
1293.5 130.0
1297.6 258.2
1297.5 433.5
1302.12 497.12
1301.33 579.67
1306.5 165.0
1306.8 673.6
1309.5 726.71
1310.0 122.5
1316.09 677.91
1315.67 766.17
1320.0 851.0
1322.5 290.8
1324.4 891.2
1328.73 120.64
1327.5 759.5
1328.5 932.5
1329.33 77.67
1331.12 818.12
1334.33 67.67
1334.67 84.67
1334.0 464.5
1336.72 91.11
1335.5 710.0
1338.66 1064.77
1341.5 51.0
1347.67 632.67
1348.12 806.88
1354.29 673.0
1355.0 288.5
1359.5 198.5
1359.0 172.5
1363.5 531.29
1362.5 997.5
1364.25 850.33
1365.17 74.83
1364.67 200.33
1370.5 934.0
1372.72 881.89
1375.5 125.0
1375.33 554.67
1378.0 955.5
1380.25 9.0
1382.29 608.0
1381.5 718.0
1383.0 260.0
1383.29 783.0
1384.5 250.0
1386.0 172.0
1385.0 981.5
1386.33 999.33
1390.89 88.33
1391.5 369.5
1392.8 215.4
1392.6 348.2
1392.5 629.0
1394.0 952.0
1397.2 421.0
1398.0 617.5
1400.0 228.5
1402.5 121.0
1402.5 305.0
1407.0 1047.5
1410.42 331.58
1410.0 246.5
1416.88 728.12
1416.5 909.0
1420.64 23.5
1418.75 125.0
1423.75 519.0
1426.25 215.25
1424.0 282.5
1425.33 396.33
1427.67 14.33
1428.0 117.5
1430.5 395.12
1430.33 560.33
1432.29 926.0
1433.86 606.43
1433.0 1032.5
1436.71 170.0
1435.0 56.5
1439.5 27.5
1442.0 832.29
1450.0 756.8
1453.5 744.0
1453.33 974.89
1455.5 147.29
1464.38 326.62
1464.8 614.8
1470.88 639.12
1474.0 240.33
1472.67 123.67
1472.5 589.0
1477.67 917.67
1480.0 684.0
1482.29 740.0
1483.0 729.5
1485.88 443.88
1493.25 858.75
1497.5 961.5
1501.0 295.29
1503.0 935.25
1505.12 615.88
1515.7 72.1
1518.67 388.67
1521.05 724.16
1521.5 71.5
1521.71 473.14
1526.5 31.29
1532.5 225.5
1535.5 36.0
1540.0 578.8
1540.5 656.5
1541.0 597.5
1543.75 714.0
1544.5 765.0
1547.2 987.6
1548.55 588.36
1550.0 805.5
1552.33 8.22
1551.5 180.5
1551.5 999.5
1552.5 963.5
1554.25 1038.75
1555.5 250.0
1556.17 710.17
1555.5 876.5
1559.0 75.5
1569.78 271.69
1569.12 248.12
1572.62 617.15
1575.06 489.58
1576.33 908.67
1580.85 91.46
1581.8 567.6
1586.09 252.09
1588.89 620.33
1589.8 126.4
1596.33 146.75
1596.88 686.59
1600.5 41.71
1600.33 101.33
1601.3 116.3
1605.0 492.0
1606.0 242.5
1609.0 686.5
1611.5 1056.0
1612.5 14.0
1614.2 397.6
1613.67 890.33
1618.13 524.2
1617.5 485.0
1620.33 546.33
1620.25 890.0
1623.37 73.37
1623.0 559.0
1624.12 885.88
1625.37 913.37
1626.5 979.5
1627.5 493.5
1627.0 930.5
1629.5 1076.78
1635.5 278.36
1633.5 0.0
1633.6 481.8
1640.33 489.67
1647.0 792.0
1650.0 137.5
1651.0 363.5
1652.75 676.0
1653.0 765.29
1653.2 800.4
1653.5 561.0
1658.5 219.0
1661.5 575.0
1663.17 975.17
1664.0 642.5
1667.15 493.54
1669.5 879.5
1672.0 366.5
1674.0 78.5
1679.0 957.5
1681.0 57.5
1681.0 149.0
1682.5 504.5
1683.67 419.67
1685.0 151.5
1685.8 568.6
1689.5 732.0
1691.2 193.5
1690.4 871.8
1692.0 1028.0
1692.5 666.5
1693.5 207.0
1696.8 296.4
1699.17 536.17
1699.5 250.0
1699.71 762.0
1701.0 571.5
1706.38 225.62
1707.5 291.0
1709.5 248.5
1712.62 968.62
1720.8 504.6
1720.8 514.4
1726.09 769.68
1724.33 219.33
1725.4 965.8
1727.29 447.0
1729.67 335.75
1732.2 313.5
1738.83 160.67
1739.0 628.0
1740.0 942.5
1744.75 80.33
1746.0 68.75
1753.0 106.5
1759.5 639.0
1764.89 175.67
1770.86 900.14
1765.8 667.6
1766.0 743.75
1774.0 492.5
1773.0 689.0
1778.5 220.71
1782.12 367.12
1779.5 259.0
1781.0 491.0
1789.29 205.0
1794.67 121.33
1794.0 436.5
1795.45 649.64
1795.0 260.5
1795.5 835.5
1797.2 930.4
1797.5 140.5
1798.5 307.5
1802.67 1003.67
1803.75 191.0
1803.88 971.12
1807.0 362.5
1809.25 10.0
1811.88 238.33
1810.5 245.5
1811.33 508.67
1813.12 830.88
1815.0 198.0
1817.5 75.8
1821.0 984.0
1823.0 462.5
1823.5 538.0
1825.33 775.33
1829.63 272.37
1829.0 203.5
1829.6 327.8
1831.0 173.29
1833.88 60.88
1838.33 353.33
1838.67 173.67
1839.5 426.5
1842.0 339.5
1843.33 268.89
1843.53 356.87
1843.5 595.0
1847.12 102.88
1848.0 534.25
1849.83 177.83
1851.29 1029.0
1851.5 646.5
1854.0 899.5
1857.09 453.91
1856.5 56.5
1858.5 188.0
1859.0 597.0
1859.0 681.5
1863.0 440.71
1866.71 665.71
1867.36 775.82
1864.0 953.5
1879.03 127.61
1871.5 965.29
1871.5 42.5
1871.0 391.5
1874.5 635.23
1875.0 668.5
1879.0 307.5
1880.0 1010.5
1882.5 353.0
1886.5 410.2
1885.88 901.12
1889.0 218.75
1890.0 857.75
1890.71 1020.0
1897.5 508.59
1894.0 284.71
1893.5 190.0
1900.21 630.04
1894.62 981.62
1896.47 200.13
1896.62 962.38
1896.0 80.5
1899.0 277.5
1899.5 737.5
1900.0 296.5
1901.12 551.88
1903.67 516.33
1906.87 277.53
1908.5 106.0
1909.67 797.33
1909.5 1051.5
1912.0 221.5
1918.6 217.2
!