0.8 163.5
0.0 896.5
0.0 1007.5
16.62 768.38
17.0 141.25
18.6 27.4
19.33 209.11
22.0 227.5
25.0 937.0
25.67 140.67
35.32 121.46
45.83 448.83
50.5 9.5
53.8 318.0
61.5 579.0
69.5 84.0
71.5 844.0
75.0 676.5
88.67 673.67
88.5 1048.5
90.0 872.5
97.67 171.33
99.0 387.5
104.6 52.8
107.0 20.0
117.63 62.95
115.38 203.38
115.5 422.0
124.84 21.46
118.5 822.5
121.5 870.5
123.2 516.4
123.8 830.4
129.25 766.16
127.5 1051.5
130.0 736.5
132.09 220.64
132.5 503.2
132.5 566.0
137.0 1041.0
138.33 124.17
139.0 358.5
139.5 976.5
143.0 156.0
150.82 604.18
150.29 1025.5
151.0 699.0
155.0 26.71
159.5 656.5
164.26 464.65
163.67 189.75
166.38 419.62
170.28 447.11
170.0 568.75
177.77 409.52
176.0 456.2
178.67 1071.33
181.0 314.0
184.82 867.82
186.33 506.33
197.63 850.97
193.75 1051.0
199.0 189.5
199.0 592.5
206.29 103.5
207.0 360.0
208.5 1030.5
217.81 842.14
221.89 939.99
219.5 618.0
222.5 1070.0
236.36 510.91
246.0 313.0
245.0 460.5
248.5 607.0
256.0 567.62
252.5 669.0
258.67 159.33
263.0 346.2
265.0 996.5
271.33 313.67
274.41 308.28
273.5 561.5
280.88 1009.12
283.54 974.15
286.0 893.5
291.86 910.25
304.5 71.0
305.25 730.0
306.88 520.88
309.0 111.0
310.12 425.88
310.0 448.5
310.0 617.5
315.0 152.21
316.0 355.5
321.5 818.0
328.0 769.8
327.5 797.5
329.67 33.67
331.5 376.0
335.0 481.5
336.4 682.2
339.0 507.5
341.62 676.38
341.0 732.5
344.5 87.2
347.5 900.5
350.33 153.67
351.5 801.5
354.0 37.5
358.0 150.0
357.0 836.0
359.0 552.0
360.0 472.0
362.4 500.6
376.5 29.0
376.33 213.67
379.82 10.82
379.82 739.82
379.6 810.8
388.6 295.8
389.0 529.5
393.67 576.33
398.2 535.4
403.5 449.0
412.0 654.0
431.5 736.0
445.72 252.19
444.67 791.89
443.6 896.2
445.88 657.88
447.0 331.71
456.5 248.0
461.5 57.5
460.0 150.5
464.0 1070.5
465.5 461.5
468.0 796.5
467.5 806.5
472.5 168.0
475.1 784.72
474.83 179.17
475.0 411.29
485.0 172.5
487.0 288.0
491.5 364.0
492.29 492.0
496.21 137.63
494.5 247.5
494.0 924.5
495.0 454.5
497.52 798.52
500.5 12.36
499.71 1050.71
509.12 591.59
513.5 875.5
516.29 42.0
515.5 949.5
521.0 180.8
522.0 201.0
529.0 41.76
528.5 488.5
529.2 875.4
534.0 134.5
541.5 339.0
541.88 343.12
543.29 352.0
550.38 1059.62
550.0 642.5
560.4 1.4
562.5 182.0
565.88 670.88
566.5 1070.5
569.34 338.0
568.75 890.0
570.0 846.5
578.8 733.0
584.5 832.0
587.5 742.5
589.33 803.67
593.5 230.0
594.88 499.12
602.17 164.0
602.6 465.4
603.0 941.5
607.0 306.71
608.5 946.0
617.2 774.0
617.5 983.0
627.5 719.5
627.5 1079.0
630.5 256.5
632.5 172.5
634.04 398.4
634.5 345.5
640.92 764.31
641.0 332.29
641.0 590.71
641.5 987.5
645.4 983.2
653.0 345.5
648.0 1032.0
649.17 419.83
649.0 373.5
649.0 986.5
652.0 481.8
654.33 81.33
657.09 356.36
658.86 10.32
658.0 562.0
663.75 787.25
664.0 970.17
665.4 1062.2
667.5 852.5
670.5 719.5
675.0 541.5
676.33 906.33
679.67 35.33
686.88 82.88
686.5 199.5
687.5 602.0
689.0 982.2
689.18 1004.18
689.5 1070.8
690.33 698.67
694.0 181.5
694.33 487.67
696.8 721.4
703.5 983.5
708.85 269.38
713.5 427.0
716.33 511.33
717.5 752.2
728.83 555.83
728.0 905.5
730.5 405.8
737.5 998.0
748.12 137.12
756.88 1027.12
759.0 871.71
763.33 944.33
767.2 996.4
785.67 987.67
792.5 114.0
796.46 283.08
799.83 304.83
806.5 1055.0
808.29 254.0
809.5 427.0
812.12 601.12
817.5 281.5
821.07 103.19
821.5 708.0
823.5 2.5
825.0 414.5
830.38 562.76
829.0 876.5
832.83 334.0
837.6 588.2
841.0 669.0
844.0 142.5
851.56 12.67
849.0 603.0
852.0 910.5
859.0 1057.5
855.0 83.29
860.0 393.71
863.33 880.33
865.0 922.79
867.29 811.0
868.5 154.5
871.41 743.88
872.0 161.29
871.5 802.0
873.5 828.0
880.24 104.24
878.67 1002.67
882.0 144.29
881.5 157.5
887.0 951.8
895.64 625.91
896.0 392.5
896.5 458.71
896.33 588.67
902.0 900.25
907.5 776.5
914.91 937.79
912.5 1049.5
916.4 686.8
918.75 722.0
923.91 272.64
924.5 836.5
928.75 621.0
933.0 454.0
936.33 914.67
940.71 430.0
943.0 891.5
950.69 762.22
949.75 1032.75
956.18 772.82
960.67 271.44
961.59 56.26
971.5 554.59
967.2 453.6
975.0 59.5
976.62 871.62
978.86 642.07
983.0 845.25
984.5 492.2
986.0 547.5
988.29 154.0
988.6 71.8
990.84 754.16
996.5 893.5
997.6 868.2
1005.25 563.0
1007.0 714.0
1011.5 1019.5
1013.29 920.0
1014.88 105.88
1015.25 433.0
1016.86 647.71
1026.33 62.67
1033.36 802.55
1035.0 562.83
1039.0 603.75
1040.13 1071.47
1039.33 47.67
1041.0 75.25
1042.0 116.5
1041.5 906.0
1043.54 595.85
1045.25 327.0
1046.0 662.0
1047.0 269.29
1053.5 471.0
1057.68 935.1
1059.5 285.71
1059.33 966.33
1064.0 105.5
1064.5 949.0
1073.5 1029.14
1070.8 428.6
1073.71 407.0
1080.5 815.5
1084.5 1039.0
1087.5 412.0
1087.6 496.8
1090.5 840.5
1092.12 722.12
1095.16 443.84
1094.0 651.5
1095.5 690.0
1097.0 30.71
1104.63 911.21
1106.5 17.5
1108.5 881.0
1111.0 122.29
1112.5 265.8
1112.5 442.0
1117.5 44.0
1118.11 133.67
1119.5 416.5
1117.5 795.0
1119.0 637.5
1119.0 970.5
1120.0 109.5
1126.5 600.0
1129.41 695.0
1129.0 742.29
1129.0 959.0
1129.8 774.6
1138.5 340.8
1140.0 522.5
1145.5 900.5
1149.41 408.0
1149.5 40.0
1149.8 88.6
1153.5 292.0
1156.0 18.29
1165.8 322.6
1166.5 876.5
1169.2 603.6
1171.5 402.5
1173.2 502.6
1175.33 545.33
1177.5 585.5
1179.5 701.5
1180.0 112.5
1181.5 402.0
1185.33 293.76
1182.0 369.75
1186.09 814.91
1185.0 515.5
1197.4 572.4
1197.6 170.8
1207.0 216.71
1207.5 537.5
1209.0 266.71
1215.0 598.29
1215.5 1071.5
1219.0 249.0
1221.5 489.0
1221.5 605.5
1224.6 785.8
1228.0 430.25
1237.12 811.88
1244.12 102.41
1249.33 651.89
1250.08 479.2
1252.67 234.67
1256.86 33.29
1260.5 437.5
1266.0 333.5
1268.5 182.5
1281.5 668.5
1281.5 785.0
1282.29 879.5
1298.0 894.0
1296.5 1011.5
1302.5 230.0
1305.67 403.33
1309.0 967.5
1311.2 19.4
1311.0 326.5
1315.33 27.67
1317.0 801.5
1323.5 365.0
1326.88 148.41
1326.0 502.5
1327.27 404.82
1327.5 601.0
1331.25 352.0
1331.5 389.0
1336.33 222.25
1337.5 986.5
1346.71 373.0
1350.0 761.5
1352.0 278.0
1355.0 571.0
1359.87 20.23
1360.0 108.5
1360.0 646.0
1379.0 798.5
1378.0 242.5
1389.0 348.5
1392.0 467.75
1392.5 505.0
1393.12 830.88
1399.67 25.67
1403.09 159.09
1403.2 464.4
1403.0 899.5
1403.5 191.0
1404.0 822.0
1406.5 314.5
1410.5 1059.0
1411.5 745.5
1424.0 577.5
1426.0 12.0
1430.4 807.8
1431.5 330.0
1439.0 77.5
1443.0 634.2
1444.5 711.5
1448.2 199.4
1449.5 957.5
1454.0 87.5
1460.0 289.0
1465.19 469.44
1463.5 895.0
1468.75 570.0
1468.5 776.0
1470.75 9.67
1484.6 556.8
1485.8 91.4
1489.11 797.44
1493.0 189.75
1492.5 266.5
1496.67 1037.89
1497.5 476.5
1509.2 313.0
1509.0 883.29
1509.33 542.67
1510.5 249.0
1513.0 539.0
1518.5 364.0
1520.0 136.5
1520.0 732.5
1546.5 67.5
1546.5 768.5
1547.5 892.5
1548.88 274.88
1551.0 360.0
1552.5 1030.0
1564.0 91.5
1574.6 594.8
1581.33 312.67
1583.0 341.5
1584.5 330.0
1589.5 389.5
1589.5 329.5
1595.5 21.5
1603.0 74.5
1606.5 457.5
1610.0 785.71
1615.0 416.0
1624.33 921.33
1625.0 331.5
1629.5 439.14
1627.0 572.71
1629.5 450.0
1632.5 229.5
1634.33 829.75
1634.0 552.5
1636.5 944.0
1642.5 705.0
1644.86 638.19
1647.0 47.0
1651.5 844.5
1655.8 57.6
1656.5 696.0
1663.14 998.21
1667.0 683.75
1668.0 1052.5
1667.5 1069.0
1669.0 311.5
1673.5 1009.5
1675.0 84.2
1677.0 582.5
1678.0 514.5
1678.75 1019.0
1681.5 214.71
1683.4 370.2
1696.5 902.0
1698.6 58.2
1700.25 23.0
1702.5 375.0
1702.5 1019.5
1704.0 761.5
1707.0 678.29
1709.25 992.75
1710.0 231.5
1711.0 391.29
1713.0 720.25
1714.5 663.5
1716.5 630.5
1720.0 629.0
1720.88 166.88
1721.0 1011.0
1725.33 302.67
1727.5 62.5
1732.67 146.33
1732.5 615.5
1740.33 79.33
1747.0 917.5
1749.0 742.5
1753.5 123.0
1757.6 75.8
1759.5 513.2
1772.5 311.0
1774.0 644.5
1784.14 527.81
1784.0 82.5
1793.0 397.0
1797.6 1055.8
1812.5 317.5
1813.0 17.5
1815.5 748.71
1816.5 992.5
1823.18 908.68
1827.5 109.0
1827.5 648.0
1831.5 60.0
1831.5 379.0
1836.0 222.0
1839.5 556.0
1845.0 781.5
1845.5 889.5
1846.0 954.5
1854.0 69.0
1863.38 296.76
1865.0 1001.5
1866.0 375.0
1866.0 387.0
1869.32 622.0
1871.0 692.0
1872.5 897.5
1871.5 762.5
1872.5 607.0
1876.25 231.0
1878.5 237.0
1882.6 82.2
1889.13 150.73
1893.41 706.88
1905.0 898.29
1917.2 1018.6
1918.12 619.88
!