6.0 516.71
5.0 711.5
10.48 1076.39
13.29 327.29
13.6 321.2
14.0 571.71
14.6 667.2
24.5 817.5
25.5 137.5
28.67 499.67
32.5 955.0
36.5 884.0
43.0 43.5
43.12 688.12
50.0 646.5
57.5 144.5
61.71 632.5
61.89 883.67
70.11 495.72
71.8 236.4
81.0 548.5
85.61 32.61
95.88 729.88
97.41 1010.86
103.9 54.9
103.88 685.88
113.0 184.75
116.33 307.67
131.5 576.0
133.29 222.0
135.5 1064.0
147.16 231.16
158.0 363.2
158.0 871.5
178.5 984.0
179.5 959.0
180.5 509.5
183.0 515.25
185.0 614.0
190.39 602.87
194.67 1060.89
195.0 902.29
200.47 1001.43
199.5 129.0
201.47 370.13
205.5 330.0
209.5 1074.0
211.62 1023.38
215.8 449.4
223.5 1054.0
228.6 72.8
235.4 735.8
241.5 819.5
254.5 516.5
260.8 275.4
262.0 642.5
268.6 581.8
277.44 206.59
271.5 1054.5
274.25 561.33
280.25 169.0
286.0 563.0
288.5 527.0
293.5 417.5
296.5 59.78
295.88 631.12
297.5 562.0
301.88 405.12
309.5 414.5
308.5 546.5
316.8 194.4
318.0 316.5
318.6 624.2
322.71 76.0
326.18 441.82
328.13 1044.13
327.33 690.67
329.5 269.0
331.5 225.0
334.76 596.93
336.33 331.33
341.25 47.0
344.0 270.5
358.0 1040.5
362.0 611.5
363.5 1047.5
370.0 711.0
374.5 301.0
385.71 1000.0
386.67 991.33
389.0 436.5
399.84 956.84
402.5 700.0
405.0 187.0
408.0 23.66
420.73 231.13
418.0 1063.5
422.6 403.2
425.25 563.0
426.5 4.5
430.0 11.0
430.5 999.0
433.28 739.59
431.5 973.5
435.79 880.5
435.0 311.5
436.0 423.29
438.12 348.12
442.5 144.5
450.5 317.5
453.0 759.0
454.83 607.33
455.5 224.5
459.5 97.5
460.5 755.0
462.62 678.62
462.67 618.67
466.5 428.0
470.29 96.0
474.0 121.71
475.59 160.12
481.33 103.67
483.12 558.12
484.0 432.5
492.83 558.83
497.5 1009.0
505.8 357.0
504.0 690.5
508.82 258.82
515.4 318.2
519.33 917.67
521.75 775.75
522.29 41.0
532.72 74.41
538.75 22.0
543.5 11.0
546.0 991.5
546.5 139.0
554.0 1070.5
557.88 9.88
559.6 407.2
560.0 36.5
560.5 440.0
561.5 686.5
565.17 776.17
568.6 915.8
579.0 351.0
580.45 313.36
579.67 802.67
588.0 641.0
591.0 864.25
596.17 843.33
599.5 452.5
601.25 412.0
603.5 1026.0
605.5 909.5
608.5 273.0
620.8 512.5
630.0 303.5
634.0 601.5
641.5 176.5
644.61 62.82
645.0 589.5
648.5 394.0
650.5 243.5
654.5 222.5
657.0 71.0
657.0 377.5
663.6 617.2
664.17 938.83
670.5 764.0
670.0 842.5
671.5 879.0
681.5 519.0
689.5 842.5
692.5 1036.5
693.5 322.5
694.6 80.8
694.0 574.5
704.67 96.33
704.5 882.5
713.5 333.0
716.0 443.0
716.33 668.67
717.89 319.67
718.5 225.0
725.5 242.35
728.0 769.0
737.5 1021.5
739.5 232.5
741.0 570.91
753.98 937.67
755.2 930.0
755.0 651.5
756.33 382.67
765.5 620.5
770.8 268.6
778.0 979.5
781.5 65.0
787.81 229.86
800.0 814.71
806.5 622.63
804.0 522.5
806.5 777.5
820.0 632.83
825.0 215.0
838.67 928.67
843.5 223.0
844.3 488.7
847.18 54.18
845.0 71.5
853.67 518.67
854.5 1052.5
860.9 784.83
859.0 461.0
867.4 429.4
876.0 162.17
876.0 650.71
881.33 398.67
882.5 65.5
898.78 940.44
900.0 1050.5
902.6 422.2
905.0 595.0
910.25 93.0
917.5 768.5
924.33 424.33
927.0 776.71
926.5 1011.5
932.88 525.88
935.25 82.0
937.67 583.67
948.5 874.0
958.0 142.79
960.0 484.5
962.15 950.46
961.4 1068.2
966.5 109.0
966.5 842.5
971.5 89.5
973.33 962.67
975.25 638.0
977.33 971.33
981.64 700.45
982.0 219.0
985.33 333.67
988.67 568.67
990.24 745.24
989.0 436.5
995.0 494.5
997.0 405.0
996.5 776.5
1002.17 558.98
1000.0 522.5
1011.25 876.0
1012.5 184.0
1013.0 272.0
1013.0 335.0
1027.2 647.6
1027.5 416.5
1030.33 608.67
1033.29 337.0
1048.36 216.91
1047.67 544.33
1053.67 388.67
1056.2 395.0
1064.0 295.5
1069.88 350.88
1071.0 117.71
1071.38 552.38
1078.25 100.67
1082.67 519.33
1086.5 250.5
1091.71 388.0
1094.5 20.5
1101.0 251.5
1101.33 581.33
1112.0 618.0
1113.5 1022.5
1117.12 157.12
1118.0 607.0
1119.5 264.5
1120.5 1022.5
1130.0 608.5
1129.0 641.5
1133.2 612.6
1135.83 179.17
1142.6 157.2
1150.25 283.0
1154.11 463.67
1157.0 91.34
1157.67 796.33
1159.0 54.5
1179.75 133.0
1181.88 654.12
1183.67 876.67
1184.5 494.5
1191.0 122.5
1192.5 375.0
1201.2 651.5
1206.0 537.5
1207.0 1049.0
1212.0 1026.0
1215.4 578.2
1222.0 455.25
1228.35 357.0
1233.75 1008.0
1234.71 1031.0
1242.2 224.4
1243.62 634.38
1246.0 719.71
1246.88 959.88
1251.5 330.0
1253.29 852.0
1258.0 984.0
1261.74 100.41
1263.86 168.57
1264.71 109.0
1268.62 969.38
1269.5 804.5
1271.0 125.5
1275.0 700.71
1282.39 851.0
1282.2 459.6
1286.37 634.79
1285.0 1065.5
1286.4 316.8
1287.5 676.0
1294.5 1024.5
1296.5 615.0
1303.67 1063.67
1306.33 808.67
1314.17 1054.17
1316.5 47.5
1316.5 452.0
1326.5 997.5
1337.5 340.0
1339.5 765.0
1343.5 232.5
1345.0 1074.5
1356.67 340.17
1357.0 431.0
1363.67 1028.25
1368.5 19.0
1382.0 119.29
1383.67 763.67
1390.0 920.5
1395.0 442.71
1398.5 181.5
1402.2 878.6
1411.71 22.0
1422.67 327.67
1430.4 798.2
1431.71 921.0
1432.71 269.0
1437.0 392.5
1438.0 687.75
1449.0 851.5
1463.5 893.5
1467.82 589.0
1466.5 928.5
1469.8 82.0
1471.5 726.5
1474.0 566.5
1484.15 891.38
1486.33 998.67
1489.4 277.2
1492.5 768.5
1493.0 749.5
1495.0 757.5
1497.5 20.0
1499.5 80.5
1499.8 612.6
1504.0 863.0
1505.5 559.5
1507.5 418.5
1511.5 63.0
1513.5 740.0
1515.89 789.72
1519.0 286.5
1523.29 1003.0
1525.67 703.83
1528.0 1021.5
1530.5 854.5
1535.0 427.5
1539.0 485.71
1540.0 849.0
1549.5 593.0
1550.5 1055.5
1557.8 402.6
1561.5 405.5
1563.29 825.0
1565.62 849.76
1564.0 932.0
1574.5 644.71
1575.91 500.91
1583.0 345.0
1595.0 1078.75
1600.5 511.0
1602.5 959.5
1605.29 421.5
1605.88 72.88
1606.5 58.5
1608.0 808.0
1617.5 508.5
1618.29 1066.0
1628.12 438.41
1629.98 122.41
1633.67 728.67
1641.5 894.0
1646.0 617.5
1650.38 905.38
1655.0 763.29
1661.0 328.29
1661.5 116.5
1663.67 604.5
1668.5 769.0
1669.0 774.5
1671.88 427.88
1672.0 814.0
1675.5 268.5
1681.0 635.5
1680.0 669.5
1684.5 243.0
1687.0 188.33
1689.33 902.11
1690.5 47.0
1699.0 695.71
1700.4 527.2
1702.29 300.0
1703.75 891.33
1704.0 1074.5
1708.0 265.25
1710.11 417.33
1714.5 80.0
1714.0 113.5
1723.0 879.0
1723.67 885.89
1726.0 778.5
1725.38 806.38
1727.5 226.71
1736.0 19.5
1745.17 692.17
1748.5 770.71
1751.29 14.5
1759.71 280.0
1758.67 798.67
1762.6 110.8
1767.5 737.0
1773.53 981.65
1777.92 161.2
1778.0 34.71
1782.12 805.88
1782.5 997.5
1797.0 566.5
1803.71 271.0
1810.0 296.0
1812.5 694.0
1813.0 676.5
1817.8 375.4
1818.0 1014.0
1827.08 980.2
1833.5 464.0
1833.5 813.0
1834.0 532.5
1835.0 371.0
1836.5 1017.5
1842.5 625.5
1843.67 693.67
1848.5 478.5
1849.0 921.25
1851.93 966.28
1853.67 393.67
1871.42 138.45
1873.5 809.0
1873.67 303.67
1876.6 299.4
1879.0 261.5
1886.5 906.5
1890.0 931.5
1899.0 222.5
1902.5 330.5
1906.0 762.5
1913.5 774.0
1914.4 525.8
1918.2 642.5
!