148.4 706.2 202.4 700.2
202.4 700.2 280.4 647.8
280.4 647.8 349.4 635.8
349.4 635.8 449.8 604.3
449.8 604.3 512.8 598.3
512.8 598.3 598.3 607.3
598.3 607.3 764.7 592.3
764.7 592.3 890.7 622.3
890.7 622.3 1009.1 647.8
1009.1 647.8 1081.1 625.3
1081.1 625.3 1150.1 697.2
1150.1 697.2 1093.1 751.2
1093.1 751.2 1000.1 742.2
1000.1 742.2 1009.1 647.8
148.4 706.2 260.9 556.3
260.9 556.3 353.9 412.3
353.9 412.3 467.8 196.4
467.8 196.4 442.3 130.5
442.3 130.5 536.8 27.0
536.8 27.0 469.3 196.4
!