2.0 736.25
6.5 869.0
13.6 70.8
20.5 626.0
22.2 83.6
30.5 58.0
43.12 23.12
42.6 137.8
59.18 256.82
60.0 353.29
62.71 277.0
66.0 345.5
70.5 104.0
73.0 109.0
74.33 400.33
75.0 56.0
79.5 441.5
83.5 946.0
85.8 738.6
96.5 781.5
94.33 966.33
102.6 894.2
105.0 586.71
104.0 328.5
105.0 377.0
105.0 433.5
113.2 521.5
113.67 355.33
117.11 865.89
123.29 973.0
124.0 571.5
125.33 702.67
126.0 41.5
127.29 442.0
130.0 778.5
145.33 659.67
148.0 162.75
152.65 103.65
154.5 719.71
155.4 659.8
156.5 683.5
162.29 314.0
165.0 668.0
166.5 908.0
169.83 528.83
177.41 51.12
177.2 815.5
178.6 872.2
181.33 156.33
194.29 264.0
195.4 99.6
203.6 460.8
208.88 120.88
208.67 613.67
215.0 645.29
214.5 960.0
219.0 192.0
225.0 597.5
227.0 389.0
236.88 907.88
237.5 330.5
240.5 872.0
243.83 588.33
254.0 967.5
258.67 0.33
262.29 183.0
262.2 232.6
266.71 1065.0
269.88 835.88
291.5 137.5
296.5 56.0
298.8 64.0
300.17 952.83
304.0 256.5
307.5 749.0
309.0 937.75
311.33 811.33
314.29 6.0
318.78 644.09
318.0 340.71
325.0 251.5
329.0 652.71
335.4 469.8
339.0 236.5
346.5 887.5
349.0 102.0
349.5 59.0
352.6 203.2
355.71 183.0
356.5 309.5
361.5 1003.0
362.5 664.0
364.5 357.5
365.0 899.0
368.5 229.5
369.5 886.0
371.0 679.0
380.8 814.67
384.0 183.0
394.71 184.5
399.5 253.41
395.64 63.09
394.5 806.5
398.67 525.33
400.5 276.0
404.5 396.5
406.5 30.5
409.75 193.0
416.33 558.67
421.5 841.5
430.0 189.5
434.0 259.5
439.22 806.5
438.67 323.67
443.67 412.25
448.5 124.0
457.0 257.0
469.0 334.0
469.83 258.83
471.83 375.0
470.4 596.8
472.2 143.6
474.17 794.83
481.88 1051.12
496.5 1025.0
500.0 440.6
499.5 665.0
501.2 297.6
502.65 649.35
506.0 99.5
505.33 995.75
511.5 429.0
523.5 748.8
527.5 359.0
534.0 662.0
538.5 990.0
542.2 18.6
543.5 355.5
552.5 459.5
557.5 688.0
559.0 992.5
561.88 573.12
564.33 210.33
568.5 35.5
574.0 95.0
574.5 507.5
578.75 434.0
580.5 679.0
587.5 407.5
598.62 734.62
603.08 491.2
607.67 704.67
612.6 687.2
617.5 910.0
618.5 412.5
625.0 446.5
627.0 976.25
635.0 229.5
641.13 391.27
642.67 368.67
644.67 853.67
654.25 278.0
655.0 178.5
655.0 987.5
662.0 359.25
662.0 913.75
678.09 804.64
680.0 961.5
682.12 967.88
691.0 141.0
695.0 927.29
697.53 181.13
701.25 716.0
708.0 701.0
712.5 836.0
713.67 476.33
715.0 961.5
718.5 62.5
725.4 836.8
727.29 26.0
727.41 254.12
731.5 149.5
736.5 348.5
738.2 489.4
740.33 108.67
742.0 752.5
741.5 849.0
744.71 385.0
748.25 108.75
749.4 232.2
753.5 73.2
757.5 357.0
757.5 772.5
758.67 561.33
764.5 752.5
770.0 509.5
769.33 866.33
772.2 58.6
772.25 338.42
772.12 1031.88
778.26 694.59
782.67 54.67
789.33 122.67
797.6 731.8
800.5 1060.0
801.5 66.0
807.5 950.0
814.33 543.67
825.68 289.14
825.0 537.5
827.0 142.0
830.0 9.0
836.5 189.5
838.5 259.5
839.0 284.0
838.5 400.5
840.0 933.5
852.5 814.0
871.0 704.0
872.2 460.0
872.0 764.5
872.5 177.0
873.0 711.5
878.67 726.33
883.0 589.71
885.5 268.5
884.33 391.33
886.88 498.12
890.0 1027.0
892.5 897.0
910.0 467.5
920.0 259.0
921.5 1019.5
929.29 343.0
934.65 94.57
932.5 348.0
938.91 135.78
939.0 917.5
943.0 821.5
946.5 275.5
948.91 18.09
948.2 505.4
951.5 190.0
953.67 557.67
956.0 917.5
958.0 999.29
960.0 553.5
972.33 163.33
974.12 373.12
976.4 721.2
979.5 22.0
987.33 124.11
992.6 1009.2
1002.5 435.5
1001.8 473.6
1002.2 636.4
1002.5 393.5
1006.5 484.0
1022.5 852.5
1029.33 962.67
1039.4 38.2
1039.0 550.5
1042.5 91.5
1052.12 688.12
1052.5 76.0
1066.5 609.5
1068.0 568.5
1072.5 75.0
1072.67 858.67
1075.67 187.67
1077.0 30.0
1076.5 634.0
1078.67 686.33
1081.33 319.33
1084.5 373.71
1086.5 195.0
1088.5 671.5
1096.33 504.9
1095.5 459.0
1113.56 138.44
1115.0 234.5
1119.17 609.83
1120.71 425.0
1124.0 140.0
1124.4 1042.8
1125.0 152.5
1136.5 202.5
1137.67 967.67
1140.5 970.0
1145.17 550.17
1152.75 190.0
1157.79 1055.0
1157.5 11.5
1157.5 441.0
1157.5 915.5
1159.0 264.5
1163.5 194.0
1164.0 47.5
1169.71 678.0
1170.0 666.0
1180.39 1063.04
1180.45 982.64
1181.5 240.0
1191.5 720.5
1191.33 305.33
1194.5 218.0
1195.5 1060.0
1201.71 996.5
1205.5 500.0
1218.67 329.0
1218.67 713.67
1220.5 429.0
1222.0 397.0
1223.2 138.6
1226.0 898.29
1231.2 611.5
1236.0 845.0
1240.0 985.25
1241.0 654.0
1242.83 822.83
1255.33 122.25
1261.0 871.5
1264.0 841.5
1271.0 1072.0
1273.29 974.0
1279.2 807.0
1279.0 629.5
1287.5 466.5
1289.0 22.5
1292.0 625.0
1296.5 41.0
1298.12 5.88
1305.0 706.0
1308.12 64.12
1309.75 851.25
1314.0 410.29
1314.0 246.5
1315.33 641.33
1319.67 748.5
1319.0 451.5
1329.0 141.5
1333.22 299.67
1334.33 343.67
1336.33 263.67
1347.0 841.5
1354.0 862.5
1357.0 29.5
1359.0 282.5
1362.2 225.4
1365.25 931.0
1376.0 43.0
1380.2 555.5
1380.91 270.91
1380.0 926.5
1385.0 127.5
1385.0 1007.5
1387.0 79.71
1389.67 1067.67
1391.33 201.67
1392.5 183.0
1398.12 724.72
1397.5 945.0
1398.67 1019.33
1404.0 337.5
1409.0 259.0
1409.33 865.33
1411.33 861.75
1420.5 564.5
1424.0 134.5
1424.0 432.5
1427.33 92.67
1434.0 228.5
1436.0 100.25
1435.0 887.0
1444.5 245.0
1450.5 748.5
1452.5 169.5
1455.0 3.5
1455.5 91.0
1460.33 1055.33
1461.33 364.33
1461.0 1000.5
1468.0 1033.5
1474.72 804.07
1485.71 202.5
1486.0 593.29
1488.0 417.0
1496.12 129.12
1493.12 988.12
1498.2 319.6
1500.0 334.5
1501.8 655.5
1503.96 1058.4
1507.67 351.67
1511.0 625.0
1513.75 389.0
1516.91 655.64
1526.5 441.0
1532.83 477.22
1532.0 634.5
1533.88 832.12
1557.67 708.67
1558.0 853.75
1562.12 321.88
1563.79 784.37
1574.5 1021.0
1578.5 567.5
1579.0 791.5
1585.67 1070.67
1586.8 805.4
1588.5 631.5
1594.28 211.21
1592.0 686.0
1591.5 882.5
1591.5 1018.5
1594.0 47.0
1594.0 422.5
1598.5 861.0
1603.8 424.6
1610.01 50.09
1606.5 781.5
1609.0 926.5
1611.5 360.0
1612.18 643.82
1611.4 953.2
1615.0 27.5
1620.17 236.0
1620.0 976.5
1621.0 1020.25
1622.5 73.71
1628.5 614.5
1629.33 856.33
1635.8 1024.6
1644.0 349.5
1646.5 595.0
1660.5 546.79
1679.0 335.5
1682.5 55.0
1684.4 478.8
1684.0 578.5
1685.83 339.17
1691.5 477.5
1699.5 579.71
1702.5 315.0
1712.6 129.2
1717.5 121.0
1721.5 1078.0
1723.67 313.67
1723.5 528.5
1730.0 552.5
1740.5 434.0
1751.71 75.5
1757.62 998.38
1762.5 114.0
1768.41 880.72
1776.33 355.33
1778.5 286.5
1780.5 921.5
1784.67 83.67
1788.5 617.5
1797.12 56.88
1796.5 749.5
1801.5 958.5
1806.5 1063.5
1810.5 741.0
1814.42 875.0
1819.8 748.6
1826.5 229.0
1829.5 157.5
1829.0 473.5
1830.47 525.13
1836.62 833.38
1844.17 34.83
1848.67 637.67
1850.33 135.33
1856.5 1011.5
1859.88 138.88
1859.5 705.0
1860.0 345.5
1862.5 98.5
1864.0 266.5
1868.42 910.58
1872.2 304.6
1877.0 242.5
1879.6 407.2
1882.0 623.0
1891.71 305.0
1891.5 875.5
1896.33 445.33
1899.5 346.5
1905.33 914.33
1907.83 530.83
1908.0 1025.0
!