4.0 818.5
9.26 526.74
5.0 775.5
7.15 168.77
6.33 502.67
8.29 4.5
7.5 447.0
10.55 88.64
9.0 440.5
11.0 780.5
13.0 150.5
15.0 111.5
19.0 760.5
21.0 13.5
21.0 116.5
26.5 829.5
35.5 828.0
36.5 26.5
37.69 414.88
41.33 471.33
41.0 601.5
46.67 482.33
47.5 181.5
48.67 451.33
51.0 479.11
54.29 161.71
50.5 202.0
50.88 484.12
50.67 490.67
55.12 469.12
54.8 484.6
57.0 1.71
57.67 476.67
59.33 686.33
59.0 773.5
65.5 218.0
66.5 633.5
66.0 798.5
70.5 496.5
74.5 817.5
76.6 97.8
77.5 706.5
80.5 827.0
85.33 344.67
88.0 461.5
89.5 482.0
89.0 723.5
92.0 488.25
92.5 765.0
93.67 52.67
94.0 638.5
103.0 61.5
108.33 335.67
113.5 735.0
115.5 543.29
116.62 462.38
118.5 512.5
121.17 62.17
121.0 190.0
124.12 678.88
128.0 16.5
128.75 36.0
130.5 43.5
132.0 338.0
134.0 733.8
137.67 846.33
141.0 35.71
143.33 339.89
151.0 805.5
153.5 284.0
156.5 443.0
158.0 584.5
164.5 161.5
166.12 340.88
166.67 270.33
167.5 581.0
176.33 850.33
178.5 480.0
178.0 704.5
181.5 617.5
181.0 665.5
182.88 543.12
183.0 329.5
193.12 248.12
193.33 860.67
194.0 351.5
200.5 216.5
199.5 489.0
199.33 860.67
205.5 50.5
209.4 859.83
209.0 621.5
210.5 786.0
212.0 423.5
214.8 637.6
214.5 797.0
216.0 464.0
216.0 773.5
218.0 23.5
227.88 353.12
229.0 827.5
232.5 309.0
235.0 103.5
237.0 821.5
238.5 730.0
239.0 349.5
239.0 805.5
241.5 70.0
242.0 575.5
245.16 245.84
243.5 537.0
243.0 626.5
246.5 451.0
246.33 794.67
250.0 276.5
254.0 328.5
254.5 573.5
255.17 842.17
256.5 274.5
257.75 699.0
260.0 613.29
260.67 718.33
262.5 470.5
264.5 254.0
270.12 575.59
270.67 624.33
271.0 678.71
275.0 734.5
277.5 389.5
278.0 683.5
286.0 598.5
287.0 713.71
288.0 730.5
290.5 839.5
298.5 82.0
307.0 170.0
309.5 823.0
311.0 312.0
312.5 658.0
312.5 720.5
314.0 301.0
315.5 734.0
316.5 336.0
318.29 446.5
325.0 715.25
326.5 766.5
328.5 407.0
329.5 76.5
331.0 192.0
330.5 247.0
330.33 417.67
330.5 702.0
332.88 411.88
332.5 741.0
333.5 540.5
338.5 609.0
339.67 673.33
344.0 86.5
347.5 491.0
350.5 752.0
350.5 432.5
353.12 623.12
354.5 247.5
360.0 26.5
361.0 595.0
361.12 732.88
364.5 563.5
367.5 292.0
367.5 510.5
367.0 543.5
371.0 240.71
374.0 372.5
375.83 332.83
376.6 383.8
377.29 623.0
377.0 280.5
379.5 787.0
381.5 809.0
382.88 323.12
385.33 63.67
385.67 398.33
386.67 829.67
388.0 648.0
397.67 195.33
397.5 758.0
406.0 729.5
408.5 511.29
411.0 571.5
413.0 533.5
413.0 641.5
414.5 385.5
419.0 614.5
422.67 471.33
424.33 11.67
430.67 81.33
431.0 176.5
435.0 226.5
435.0 430.5
436.0 114.5
436.71 532.0
439.0 683.5
440.0 288.5
440.67 774.67
442.91 281.91
443.0 752.5
443.5 161.0
443.0 820.5
447.0 24.5
447.33 238.67
448.0 733.71
448.0 95.5
450.5 348.0
454.5 861.0
457.5 371.0
458.5 419.0
458.33 571.67
462.67 567.33
464.5 202.5
466.53 822.87
468.5 360.5
469.33 300.67
471.5 218.0
471.0 263.5
471.5 406.0
472.67 235.67
474.5 120.5
478.5 66.0
481.0 562.17
483.5 389.0
485.33 217.67
486.5 753.0
488.5 221.0
489.5 709.0
492.0 502.25
493.33 672.33
498.0 80.5
506.67 244.06
499.0 506.5
500.5 312.0
505.65 366.2
503.89 61.72
504.67 75.67
506.5 708.5
507.0 733.0
510.71 319.5
510.0 433.29
514.5 439.5
516.5 723.5
523.52 216.42
523.0 443.5
524.5 397.0
529.5 414.0
530.0 96.5
532.72 592.89
532.5 348.5
533.5 173.5
539.0 44.71
540.5 715.5
541.33 705.33
545.29 374.0
550.5 552.0
550.5 619.5
552.6 369.8
554.5 113.0
554.0 437.5
555.33 510.67
565.0 26.5
567.67 73.67
567.5 99.0
567.5 833.5
570.2 11.0
574.31 285.78
573.5 818.5
574.0 414.5
577.4 656.6
578.67 663.33
579.5 351.0
581.0 228.5
584.0 639.5
592.0 119.0
586.71 150.0
586.0 232.5
587.2 763.4
587.5 226.5
591.5 420.5
592.33 470.33
593.2 615.0
592.5 812.5
600.67 723.67
600.5 852.0
602.33 279.67
602.5 384.0
604.42 785.94
606.0 501.5
607.5 524.0
609.5 492.0
609.0 800.5
610.33 760.67
611.5 707.0
614.0 530.5
615.0 253.5
615.5 682.0
618.5 211.0
621.14 253.81
621.0 457.5
624.9 247.05
624.67 466.67
626.5 550.5
626.5 675.0
626.5 788.5
631.0 124.25
629.17 266.17
629.6 470.4
629.5 820.5
630.67 447.33
630.8 833.6
632.33 310.67
633.0 10.5
634.88 510.12
636.5 467.5
637.0 568.5
641.33 580.67
644.0 798.43
645.5 502.5
651.08 258.59
647.67 846.33
648.33 130.33
650.75 669.0
651.5 824.0
652.67 121.33
657.5 471.0
657.0 630.5
659.67 264.11
662.5 674.5
664.0 421.29
663.67 577.33
665.63 350.79
674.0 504.79
675.0 748.5
676.0 191.5
683.5 591.0
689.17 453.77
685.67 648.67
685.5 682.5
688.5 195.0
688.5 536.0
691.0 248.5
692.0 844.5
696.5 292.5
696.0 736.5
697.0 708.5
698.0 64.5
702.5 635.6
701.0 213.5
703.0 33.5
705.33 12.67
708.0 817.5
709.5 154.0
713.67 129.33
713.5 649.0
714.5 297.0
715.5 369.0
717.0 82.5
723.33 256.89
722.5 525.0
724.33 454.67
730.0 784.2
732.0 357.5
731.5 503.0
733.67 363.33
735.67 832.33
736.0 634.5
736.5 659.0
739.5 237.0
740.38 648.62
739.75 729.0
742.5 115.0
745.5 120.5
746.5 279.5
746.0 328.5
746.0 475.5
748.5 301.5
748.88 382.88
752.0 444.5
753.5 621.5
756.5 171.0
759.17 178.5
757.0 292.0
756.33 306.67
756.5 512.0
757.0 676.5
758.0 82.5
761.5 112.0
762.5 99.0
766.5 479.0
768.33 749.67
770.2 329.4
772.5 182.0
774.0 535.5
775.5 54.5
778.5 577.0
779.83 58.17
780.5 656.5
780.5 649.5
780.0 824.5
783.0 670.0
784.0 79.5
785.71 52.0
786.5 247.5
788.0 381.5
793.75 36.33
795.5 61.0
795.5 247.0
796.33 358.33
797.5 139.5
797.0 595.5
799.0 721.5
800.33 681.33
803.67 174.33
803.5 432.5
803.5 705.0
813.5 501.29
813.5 565.0
813.0 679.5
813.0 691.5
814.88 208.88
817.71 768.0
818.5 546.0
820.0 823.5
820.5 481.0
820.0 829.5
822.33 709.67
825.0 379.5
825.0 62.5
826.5 339.0
827.0 631.29
826.0 751.5
827.71 595.0
828.0 492.5
829.67 676.11
829.5 105.5
830.5 768.5
831.5 212.0
834.5 281.0
838.5 405.0
839.0 193.5
840.0 290.5
840.0 795.5
842.0 621.5
842.0 774.5
842.33 834.33
845.67 650.89
844.67 677.33
844.0 763.5
845.5 669.0
846.5 322.5
849.0 655.5
851.5 317.0
851.0 794.5
858.29 62.0
858.5 437.0
858.0 545.5
863.5 712.5
865.0 528.5
865.0 589.5
866.33 364.67
871.0 790.5
872.0 276.33
876.67 594.67
878.0 340.0
877.0 385.5
879.67 100.67
880.12 856.12
880.5 768.0
887.61 51.61
883.5 377.5
884.0 466.5
889.0 480.25
890.67 658.33
893.0 747.5
893.5 203.0
895.0 341.5
903.0 329.5
904.0 13.5
905.0 398.2
905.0 820.5
910.29 459.5
911.0 96.2
910.5 326.0
920.33 334.67
922.33 277.67
926.5 636.5
927.0 738.8
927.33 410.67
927.5 441.0
927.5 585.0
929.29 645.0
931.67 784.33
939.5 461.0
943.5 444.0
946.0 154.5
946.67 577.67
947.0 573.5
948.33 260.33
948.75 619.25
949.5 404.5
952.38 216.62
952.67 625.33
954.0 360.5
954.5 556.0
955.5 395.0
964.32 344.92
960.0 422.0
960.5 95.5
965.2 761.6
969.88 754.88
966.33 493.33
967.0 92.5
967.5 202.0
969.5 740.0
971.5 860.5
975.0 408.5
976.0 190.5
980.14 743.29
978.5 241.5
987.29 594.5
987.0 78.5
991.5 238.5
993.5 494.0
997.29 636.0
996.5 703.0
996.5 709.5
997.0 149.5
997.33 253.33
998.83 213.83
998.6 360.8
1003.0 526.5
1005.0 817.5
1005.0 856.5
1006.5 447.0
1008.92 854.92
1008.33 365.33
1009.0 101.5
1010.67 128.67
1012.5 452.0
1013.0 393.5
1014.5 360.5
1014.88 750.12
1016.5 270.0
1016.5 423.0
1017.5 130.0
1026.67 634.64
1023.5 75.5
1024.29 244.5
1023.0 567.5
1024.67 6.33
1027.5 542.0
1031.0 793.5
1033.88 94.12
1034.5 776.5
1035.5 245.0
1035.5 821.5
1037.5 656.0
1039.0 546.5
1039.0 590.5
1039.5 620.5
1040.8 103.8
1041.33 632.33
1043.0 81.5
1044.0 464.5
1044.5 725.0
1045.0 441.5
1045.5 532.0
1046.5 742.0
1048.33 621.33
1049.75 640.0
1050.5 669.5
1053.33 10.67
1053.5 759.0
1056.12 849.88
1059.5 235.5
1061.0 438.5
1063.5 708.5
1067.0 158.0
1067.8 87.6
1067.5 586.0
1070.0 450.5
1071.0 655.5
1072.67 152.33
1073.5 276.5
1073.0 425.5
1074.5 254.0
1075.5 598.0
1075.33 617.67
1076.83 649.0
1078.12 613.88
1078.0 791.71
1082.76 795.76
1082.0 579.5
1083.5 787.5
1085.5 96.0
1089.0 503.0
1088.5 805.5
1089.0 386.5
1095.67 182.33
1097.0 483.0
1096.5 493.0
1101.5 636.0
1103.5 569.0
1107.2 812.4
1108.0 396.71
1108.0 392.5
1110.0 338.5
1109.0 383.5
1110.0 363.5
1111.25 453.0
1113.0 217.5
1113.5 268.0
1114.0 680.75
1114.0 836.29
1114.5 550.5
1115.5 171.5
1117.67 659.33
1122.5 740.5
1123.5 185.5
1123.5 671.5
1124.5 191.0
1130.45 422.38
1127.0 608.5
1129.0 685.5
1128.5 707.0
1130.8 640.4
1132.8 807.4
1134.5 804.5
1137.0 803.5
1140.67 742.67
1141.33 175.33
1143.5 802.5
1146.8 466.8
1146.0 707.5
1147.0 336.5
1147.0 351.5
1148.0 509.5
1151.5 261.5
1153.0 468.5
1154.5 581.0
1155.67 387.67
1156.67 162.67
1156.0 394.5
1157.12 756.88
1158.5 383.5
1161.75 55.0
1166.0 182.33
1163.5 746.5
1165.5 684.0
1172.8 684.9
1173.0 377.29
1173.33 638.67
1173.5 783.5
1175.0 594.29
1175.88 72.12
1177.29 369.0
1180.0 322.5
1181.5 137.0
1181.33 725.67
1185.67 539.67
1186.2 749.8
1193.06 417.09
1190.0 692.71
1190.5 536.0
1191.5 802.5
1194.0 367.5
1194.5 643.0
1195.5 703.5
1196.5 597.5
1198.33 441.33
1199.5 559.5
1203.41 529.88
1207.5 631.71
1208.8 763.5
1208.5 843.29
1209.8 571.6
1210.0 330.5
1212.67 350.11
1211.5 401.5
1212.0 140.5
1213.62 753.62
1213.67 391.33
1213.25 635.0
1215.25 545.0
1215.71 709.0
1217.0 533.5
1217.5 831.0
1218.5 436.5
1220.0 35.5
1220.5 687.0
1222.0 90.5
1224.0 506.5
1225.33 397.33
1225.5 468.5
1226.33 778.33
1231.0 393.0
1232.0 174.29
1232.5 24.0
1234.79 630.0
1234.0 188.5
1234.0 587.5
1235.71 424.0
1236.0 193.5
1236.0 270.5
1236.8 561.6
1238.5 271.0
1240.83 695.0
1239.75 713.0
1239.5 817.5
1239.5 852.0
1240.5 481.0
1243.78 65.89
1242.33 829.33
1245.67 108.33
1245.0 685.5
1246.29 714.0
1247.5 405.0
1247.33 786.67
1248.5 827.0
1250.5 453.0
1250.0 636.5
1251.5 0.0
1251.5 372.5
1252.0 712.5
1253.5 64.0
1255.33 707.33
1255.0 769.5
1257.5 238.0
1259.5 46.0
1259.5 708.0
1260.0 199.5
1263.29 118.0
1264.67 309.67
1265.0 86.5
1265.0 272.5
1270.0 700.5
1273.8 383.08
1275.17 673.0
1275.5 618.5
1276.5 186.0
1277.5 39.0
1279.88 234.88
1279.5 683.5
1280.33 646.33
1283.0 691.5
1284.33 151.33
1284.5 215.5
1286.91 488.3
1285.5 801.0
1288.0 244.25
1287.33 819.67
1292.28 503.11
1291.5 472.5
1292.33 365.67
1294.0 233.5
1296.0 410.0
1297.0 378.5
1297.67 683.67
1298.5 590.0
1304.5 89.0
1303.5 293.5
1303.5 392.0
1306.6 184.2
1309.0 11.29
1309.92 286.5
1310.67 148.33
1310.33 239.67
1311.0 255.5
1311.5 510.0
1311.5 526.0
1313.5 175.0
1315.33 435.33
1316.5 595.0
1317.5 743.0
1318.5 331.5
1318.88 775.12
1319.0 224.5
1321.0 592.5
1322.0 728.5
1325.29 343.0
1327.8 70.6
1328.5 615.5
1330.5 724.0
1333.5 844.0
1331.67 528.67
1332.0 110.5
1337.37 225.63
1340.5 80.5
1342.33 740.67
1344.5 863.0
1348.67 399.67
1349.5 745.0
1353.0 211.0
1353.17 733.17
1355.5 668.0
1356.0 220.5
1357.67 226.33
1358.0 610.5
1362.24 475.0
1360.0 493.29
1359.5 730.0
1360.5 47.0
1360.0 120.5
1360.5 689.5
1362.5 654.0
1364.33 11.67
1364.0 275.5
1365.33 8.33
1365.33 223.67
1368.5 367.0
1370.67 149.67
1370.5 473.5
1372.5 692.5
1374.89 775.67
1375.5 90.5
1379.0 287.5
1379.88 486.88
1379.5 724.0
1380.5 66.0
1381.33 19.67
1381.5 681.5
1384.96 324.0
1384.0 844.29
1385.5 498.0
1386.5 159.5
1390.8 288.4
1392.5 319.0
1393.0 765.25
1393.0 534.5
1393.5 775.0
1395.67 530.33
1398.5 31.5
1399.33 440.67
1399.5 805.5
1401.67 274.67
1402.8 681.0
1401.33 817.33
1403.0 160.25
1404.0 762.5
1406.5 64.5
1407.4 448.8
1408.5 391.0
1409.0 301.5
1410.5 83.0
1413.0 445.5
1414.33 670.33
1415.5 683.5
1416.5 4.5
1416.4 147.8
1416.0 538.5
1417.62 674.62
1421.67 288.33
1421.5 467.0
1421.5 566.0
1423.5 771.5
1425.0 164.5
1428.62 554.62
1430.12 110.12
1429.67 451.67
1429.33 467.33
1430.5 334.0
1431.73 730.5
1433.0 154.29
1435.83 363.83
1437.5 827.0
1440.5 752.5
1442.29 619.0
1442.47 685.87
1442.67 519.33
1444.0 665.29
1445.33 737.33
1446.25 358.0
1449.24 267.76
1448.5 380.5
1451.2 242.4
1452.0 25.5
1452.5 315.0
1452.5 739.0
1456.67 608.33
1457.5 41.5
1457.5 325.0
1459.67 507.33
1462.12 44.0
1463.0 229.5
1462.5 787.0
1463.0 49.5
1463.0 506.5
1465.8 836.0
1467.83 202.83
1468.6 718.2
1473.5 262.5
1473.5 408.5
1473.5 734.0
1475.33 0.33
1478.5 480.0
1479.0 555.5
1480.5 671.5
1484.1 589.05
1484.5 768.0
1485.5 227.0
1491.25 427.14
1487.0 38.5
1492.71 325.5
1492.5 799.0
1494.5 316.5
1496.5 396.5
1497.5 628.5
1498.0 221.5
1498.0 440.5
1499.0 130.5
1499.5 797.0
1501.5 193.0
1504.71 142.0
1504.5 303.0
1505.5 416.0
1511.0 393.5
1511.0 654.5
1511.0 708.5
1512.5 480.0
1516.5 103.5
1516.5 567.0
1518.5 113.0
1518.5 743.0
1519.0 506.5
1520.5 629.0
1526.71 445.0
1527.77 66.46
1531.91 156.73
1534.0 279.29
!