9.0 657.5
11.0 668.5
16.5 520.0
18.75 553.0
25.0 680.0
26.0 37.0
28.5 392.71
30.0 258.0
30.83 414.17
35.81 186.93
34.29 397.0
34.67 642.67
36.5 1005.5
38.5 60.0
39.71 17.0
40.17 396.17
42.28 90.11
41.5 1078.5
43.0 468.29
45.0 695.5
49.11 206.67
51.0 732.0
52.25 261.5
52.5 844.0
52.5 1072.5
60.71 30.0
62.67 269.33
63.5 1030.0
64.5 1048.5
69.8 203.6
73.71 790.0
73.5 896.0
76.5 715.5
77.5 964.5
79.54 217.15
79.17 976.83
79.5 874.0
82.5 477.5
86.0 697.0
87.67 572.67
89.0 227.5
91.29 738.0
93.0 691.5
94.5 781.5
95.5 1001.0
98.33 313.67
103.0 314.5
103.75 377.0
103.6 1036.2
106.8 661.4
106.4 825.8
108.12 460.88
107.5 874.5
116.5 765.5
117.5 24.0
118.0 604.5
120.0 803.0
122.67 792.33
125.8 730.4
127.0 180.2
129.0 233.75
130.17 316.83
136.62 1049.86
134.0 120.0
135.0 596.5
140.5 874.0
146.0 223.29
149.55 591.18
149.71 190.0
156.5 5.0
160.5 656.29
161.33 703.67
163.5 29.0
165.33 373.67
171.12 369.31
172.2 613.6
177.5 739.5
182.5 508.0
185.5 1052.5
187.5 110.0
193.75 995.0
195.5 731.5
199.37 1019.37
200.71 1036.0
202.67 667.25
203.0 167.5
205.5 588.0
211.71 997.0
212.5 509.5
214.0 893.0
226.07 315.71
217.5 425.0
219.5 1034.0
220.33 959.33
223.05 593.6
224.2 299.4
234.85 555.63
235.0 1052.5
239.0 190.5
237.5 570.0
240.5 387.71
240.12 803.12
246.36 673.55
246.5 60.0
249.33 497.67
253.54 45.85
254.0 188.0
255.0 252.5
260.5 251.5
267.5 744.89
263.0 70.5
266.22 282.5
264.5 490.0
264.5 1079.0
269.05 219.47
265.5 468.0
267.2 413.0
266.91 721.64
269.38 831.76
271.0 947.5
273.88 465.88
274.71 150.0
276.8 41.4
278.12 304.88
279.5 449.5
279.0 572.5
282.12 669.88
284.0 296.5
288.0 19.75
295.5 918.0
297.83 813.0
302.46 928.09
302.0 22.5
304.0 136.5
308.2 175.4
308.0 1001.0
310.5 685.0
310.0 972.5
316.0 944.5
318.7 242.09
318.0 581.5
322.75 406.0
322.5 745.5
329.5 388.33
328.5 791.5
330.25 306.0
331.5 629.5
333.67 91.33
336.29 789.0
344.5 379.5
346.5 879.0
351.0 784.5
353.12 401.88
355.0 272.5
356.38 316.62
358.0 137.0
362.5 737.1
362.5 605.0
364.11 889.33
366.33 280.33
368.2 780.4
369.5 450.0
369.0 406.5
372.0 76.71
372.5 286.5
371.5 649.0
373.12 323.12
376.5 592.0
377.5 180.0
377.5 645.0
379.0 182.5
384.0 651.0
384.29 467.0
387.78 848.69
387.0 238.75
387.0 641.5
389.0 141.5
394.7 184.7
395.5 729.5
394.67 875.33
395.33 1031.33
399.5 441.5
404.28 733.11
407.0 130.5
406.8 389.6
411.5 621.0
417.0 115.29
418.6 522.4
421.29 700.5
423.0 148.5
424.62 328.38
424.0 447.5
425.0 57.0
427.5 707.0
428.0 768.0
437.67 1068.67
444.5 500.0
446.5 359.0
451.5 662.5
459.0 751.5
461.0 332.5
462.0 777.5
466.0 954.75
466.0 998.5
469.5 213.29
469.46 357.85
469.0 1058.5
472.09 262.64
474.89 159.33
475.91 76.64
475.25 825.0
483.0 79.75
486.2 237.5
485.0 949.5
490.67 215.17
491.0 993.0
497.09 861.91
504.67 267.67
505.5 318.2
505.0 155.5
506.4 321.8
509.67 41.33
511.19 48.14
512.67 635.33
513.91 830.22
516.8 113.6
517.0 593.5
520.5 250.0
521.5 118.71
523.0 948.29
528.84 214.84
528.0 466.5
530.0 787.83
536.5 639.29
536.17 905.83
538.88 518.12
539.83 661.17
540.0 12.5
541.0 641.5
541.5 1044.0
543.4 78.7
544.2 938.33
546.5 11.5
547.67 97.67
548.12 542.12
549.64 758.55
556.17 89.9
552.75 722.0
556.8 1075.0
558.42 167.75
557.5 811.0
558.5 156.5
560.5 292.29
559.5 779.0
562.12 47.12
562.5 174.5
565.0 596.43
567.0 495.0
567.8 270.4
569.0 1043.0
570.5 1077.71
571.5 216.5
571.5 465.5
575.0 774.71
575.5 796.0
577.67 456.33
579.0 430.5
580.0 659.5
582.0 76.5
580.5 684.0
585.95 86.6
590.43 656.75
589.5 626.5
589.0 591.5
593.5 58.5
594.64 776.45
594.5 763.5
595.0 136.5
596.5 296.5
597.5 674.5
600.4 701.8
603.0 429.0
605.09 109.09
605.5 1002.5
607.0 800.71
609.0 537.0
609.0 608.75
612.1 197.81
621.07 492.53
619.8 462.6
624.8 313.6
625.0 264.5
627.0 1004.0
626.5 660.5
628.5 246.5
639.17 471.17
645.83 251.17
647.83 778.5
647.5 40.0
647.5 304.5
651.3 623.74
650.0 607.5
650.33 1063.67
652.6 83.2
655.25 105.0
657.83 209.83
660.82 240.82
660.46 520.85
660.5 962.5
662.0 773.29
666.0 524.5
666.5 519.5
672.2 84.4
675.84 294.16
674.0 419.5
675.8 534.4
681.5 605.0
683.2 50.4
684.5 19.5
688.5 320.0
696.1 140.95
696.0 198.29
696.67 346.89
696.5 469.0
698.0 172.0
700.25 28.0
700.88 248.12
705.5 372.0
708.29 501.0
711.33 970.33
716.4 441.2
723.26 291.74
722.5 511.0
724.0 983.5
725.0 679.5
727.67 577.67
730.17 42.83
729.71 238.0
737.0 846.25
737.2 883.6
741.0 429.25
741.0 518.75
741.0 37.5
741.33 84.67
742.2 774.4
744.38 392.38
745.09 1046.78
746.5 316.5
747.67 373.67
748.5 150.0
750.12 365.31
750.5 801.5
750.5 904.0
759.56 634.44
754.33 970.33
762.5 910.5
765.55 1031.29
766.5 420.0
766.4 505.2
767.75 15.0
768.5 534.29
769.0 946.17
770.83 467.17
773.55 816.64
775.76 871.24
780.28 886.09
784.71 1073.0
786.5 224.0
787.33 1015.0
791.0 337.71
790.0 452.0
792.0 619.71
791.8 924.4
794.6 946.2
796.79 1025.5
796.5 1034.5
799.76 276.0
800.0 62.5
805.7 579.19
801.5 1015.0
804.17 381.83
808.36 1010.79
815.0 596.5
817.5 492.0
821.5 146.5
823.5 91.5
823.29 259.0
825.5 662.0
830.75 24.75
833.09 7.91
833.5 255.5
836.5 149.0
836.5 434.0
840.25 252.0
842.25 358.25
841.5 279.0
842.67 249.67
853.5 557.5
862.5 187.33
863.67 1048.67
865.5 313.0
868.17 416.0
869.91 150.09
872.0 421.5
872.6 242.2
872.5 780.5
876.89 284.52
874.0 788.5
876.12 538.12
877.0 194.0
879.67 583.67
882.0 187.5
883.41 1034.26
887.0 963.29
889.0 422.0
890.17 255.17
896.0 70.0
898.28 489.81
897.67 539.33
897.5 999.0
899.0 236.5
900.33 411.25
900.33 143.67
900.5 750.5
902.33 857.11
903.29 930.5
904.0 151.0
905.0 192.5
907.67 816.33
913.5 499.0
914.38 793.62
914.5 72.0
916.0 380.0
917.0 287.0
917.25 563.33
916.5 979.0
920.46 371.85
920.8 75.4
927.5 344.5
929.5 879.8
929.5 865.5
931.15 215.46
938.15 794.04
933.38 240.24
935.5 540.0
935.4 952.2
937.5 159.5
936.5 583.0
937.67 536.33
940.0 434.8
943.12 229.12
946.88 766.88
949.0 270.25
949.0 826.5
951.0 315.25
953.29 455.0
959.12 545.88
958.67 554.67
962.0 264.0
961.5 412.5
961.5 860.0
972.17 309.43
966.0 571.5
967.5 20.0
969.0 292.5
971.5 851.0
976.4 446.6
976.5 619.2
977.71 348.5
979.62 5.62
978.5 189.5
980.67 498.33
981.0 503.0
982.5 785.0
982.5 913.0
985.8 139.6
993.25 720.33
994.67 980.33
996.0 539.25
997.73 596.58
995.33 860.33
996.5 1050.0
998.0 164.0
1000.0 186.8
1010.12 1043.41
1009.83 734.17
1012.43 545.1
1011.5 24.0
1011.0 590.5
1012.5 979.0
1016.5 1059.5
1018.6 239.8
1020.4 681.8
1024.0 511.29
1024.6 895.8
1028.72 128.59
1028.0 737.5
1031.0 245.2
1034.0 434.71
1039.21 9.36
1051.0 895.8
1053.6 792.8
1054.0 882.5
1059.64 355.91
1059.5 929.29
1062.5 24.5
1062.5 935.0
1074.72 298.83
1073.67 1054.67
1079.5 49.5
1078.6 78.2
1079.11 234.67
1080.33 1049.33
1082.67 542.33
1087.3 1028.63
1085.29 197.0
1090.5 218.0
1095.5 734.0
1098.5 784.0
1099.5 1071.0
1100.5 585.0
1101.5 129.0
1102.38 816.38
1101.5 904.5
1105.22 560.11
1110.1 555.3
1111.0 643.29
1112.0 651.0
1113.0 139.5
1114.11 574.33
1115.67 682.67
1117.0 328.0
1124.11 616.5
1121.5 580.0
1123.67 559.67
1126.87 31.53
1127.5 726.0
1131.5 505.0
1134.5 374.73
1136.32 803.68
1135.4 38.2
1137.25 571.33
1137.0 752.8
1138.6 252.2
1142.2 1031.4
1148.79 381.37
1154.36 906.45
1155.25 540.0
1159.71 773.71
1164.5 912.0
1171.29 940.71
1169.0 126.5
1170.5 705.0
1171.5 564.0
1173.5 230.0
1178.87 563.53
1183.2 450.4
1185.0 376.0
1194.29 526.0
1201.11 721.11
1198.75 609.0
1202.2 394.0
1203.33 607.89
1207.0 31.71
1206.5 87.5
1207.91 518.64
1211.28 60.11
1210.71 146.0
1210.0 862.5
1212.24 1069.06
1215.0 427.5
1217.5 102.71
1219.13 968.13
1223.35 767.42
1221.61 1028.61
1220.33 529.33
1221.33 1044.89
1223.0 537.2
1223.0 446.5
1228.12 735.88
1229.36 35.91
1228.67 358.67
1231.2 128.6
1231.4 305.8
1234.6 787.2
1236.09 1023.09
1236.12 922.12
1236.5 823.5
1239.0 617.0
1239.5 102.5
1243.0 913.0
1248.0 1030.0
1249.5 4.0
1250.0 1068.5
1254.64 964.45
1256.5 410.0
1257.0 521.71
1259.0 8.0
1264.5 178.5
1264.83 793.83
1266.91 139.91
1267.0 50.5
1270.38 43.62
1271.91 986.64
1271.5 451.5
1273.75 38.25
1274.0 246.5
1277.5 761.5
1282.32 596.32
1285.0 672.0
1289.0 944.0
1288.5 11.0
1289.4 530.8
1291.5 560.5
1297.5 233.5
1300.11 597.33
1302.5 296.0
1304.4 109.4
1309.0 332.5
1313.0 5.71
1312.5 310.0
1314.88 505.88
1316.62 308.75
1319.5 595.5
1320.88 490.88
1321.25 309.0
1322.0 879.0
1323.5 424.5
1326.5 519.0
1325.33 919.67
1331.4 604.2
1336.1 561.43
1332.5 780.0
1335.8 542.6
1335.8 906.4
1336.33 921.33
1341.5 261.5
1344.0 422.5
1344.6 1036.8
1347.88 892.12
1349.5 138.5
1350.5 100.0
1352.0 730.71
1351.0 911.5
1354.71 447.0
1358.2 309.5
1363.95 889.82
1362.5 270.0
1364.0 962.5
1366.0 681.71
1367.5 530.0
1368.5 80.0
1373.92 222.15
1373.7 430.3
1373.75 720.0
1378.0 125.5
1378.31 515.77
1379.0 757.29
1379.5 242.5
1380.25 459.42
1381.5 48.5
1387.97 505.03
1386.0 839.29
1387.53 624.13
1387.5 320.0
1390.33 471.33
1395.91 899.54
1394.0 120.5
1397.6 543.2
1401.0 680.0
1401.5 187.5
1402.5 283.5
1402.67 379.67
1406.91 780.64
1407.5 734.0
1409.5 28.0
1410.25 39.0
1410.71 809.0
1411.33 207.67
1411.5 1033.0
1413.0 2.0
1413.0 1076.0
1416.0 115.25
1417.29 292.0
1421.0 701.5
1423.5 426.0
1425.0 408.29
1424.5 440.0
1426.5 32.5
1429.0 552.5
1431.5 140.5
1432.5 39.0
1434.5 382.83
1441.13 44.87
1437.0 217.71
1439.33 681.11
1440.5 466.5
1441.33 566.33
1441.88 636.12
1444.0 545.0
1443.5 164.5
1444.67 1053.67
1447.12 432.88
1446.33 725.33
1450.14 865.09
1447.0 981.0
1449.5 17.5
1450.0 548.5
1451.5 235.0
1451.5 727.5
1451.5 874.0
1453.9 335.3
1454.5 178.5
1454.0 236.5
1461.09 558.91
1459.0 864.5
1460.5 273.5
1463.12 996.88
1464.5 967.5
1464.0 1070.5
1466.4 268.2
1469.5 159.5
1468.5 164.0
1470.0 1018.0
1472.38 94.62
1475.35 959.0
1476.0 197.0
1476.5 815.0
1477.5 429.0
1477.5 975.0
1478.6 404.8
1481.0 276.5
1484.0 128.5
1484.67 357.67
1484.0 571.5
1488.67 899.33
1490.29 923.5
1491.5 132.0
1491.4 945.8
1495.8 45.4
1499.5 282.5
1500.5 697.29
1500.71 18.0
1501.0 97.5
1501.5 805.0
1502.5 445.0
1502.6 501.8
1503.71 527.0
1505.5 376.0
1507.0 1020.8
1509.71 476.0
1510.8 204.5
1511.5 254.0
1512.0 709.29
1512.5 284.0
1513.0 641.0
1512.6 686.8
1512.67 792.67
1514.29 1077.0
1515.5 635.0
1515.0 651.5
1518.5 347.5
1519.17 876.83
1519.5 59.0
1520.8 639.6
1522.09 578.64
1523.5 1001.5
1526.71 231.0
1526.5 528.0
1532.5 281.5
1534.0 719.0
1534.33 74.33
1537.0 633.75
1540.0 431.0
1538.5 552.5
1537.5 950.0
1539.3 973.7
1540.0 97.8
1540.8 156.4
1544.0 180.25
1544.89 188.67
1544.83 740.17
1544.67 1071.33
1547.12 874.88
1546.71 1048.0
1548.5 951.5
1550.67 531.67
1551.33 344.33
1553.29 909.0
1555.0 107.5
1562.0 42.0
1563.67 487.67
1564.95 970.1
1565.45 674.36
1566.88 1016.88
1568.5 980.0
1570.5 632.0
1572.5 552.5
1572.5 832.5
1574.5 640.0
1577.88 92.12
1577.67 992.67
1577.5 1011.0
1581.5 1040.0
1583.2 110.0
1582.5 809.5
1583.5 6.5
1585.88 609.12
1585.0 1075.5
1591.27 44.51
1590.0 152.0
1594.26 523.2
1588.5 552.5
1593.75 759.84
1590.0 953.0
1597.5 1077.42
1596.5 624.0
1597.67 767.67
1600.38 437.62
1600.0 550.25
1601.5 165.0
1601.25 456.0
1603.07 881.14
1605.5 548.5
1609.0 750.5
1611.38 113.62
1610.0 367.5
1612.6 914.4
1612.5 898.5
1614.0 812.5
1614.0 661.5
1616.13 704.53
1616.88 356.88
1618.83 994.17
1619.0 307.5
1622.76 358.76
1626.5 481.5
1627.0 673.0
1629.0 761.5
1632.0 549.88
1631.33 34.33
1636.13 953.13
1634.71 265.0
1635.5 284.0
1638.67 250.33
1642.25 256.25
1643.5 1048.5
1648.45 711.69
1645.8 362.6
1647.5 1039.0
1649.75 317.62
1652.27 987.93
1649.0 215.5
1651.0 612.83
1654.0 113.5
1655.75 629.33
1655.33 507.67
1657.18 784.18
1659.0 477.5
1659.0 1028.5
1662.5 1070.0
1664.88 496.12
1665.0 537.5
1667.0 337.0
1666.5 713.0
1668.82 35.18
1667.5 303.0
1668.67 449.67
1670.12 982.12
1671.0 553.29
1672.67 179.67
1672.5 317.5
1674.0 565.25
1674.5 665.0
1675.5 1005.0
1678.12 1076.88
1680.0 629.5
1684.5 470.0
1685.5 384.5
1685.0 608.5
1685.88 689.88
1689.5 831.5
1689.0 952.5
1693.33 570.8
1694.0 135.0
1695.8 157.0
1694.5 803.5
1695.5 221.0
1696.8 442.6
1696.0 940.5
1698.5 1045.5
1700.33 593.67
1702.12 262.88
1704.2 879.4
1705.56 25.0
1704.75 97.0
1705.17 114.83
1705.62 120.38
1705.0 242.5
1706.17 434.83
1706.5 3.0
1708.0 724.0
1709.67 65.8
1709.7 605.6
1712.0 1001.29
1713.12 100.88
1714.0 318.0
1716.17 709.0
1717.5 653.0
1719.62 990.38
1721.5 300.0
1723.5 383.5
1728.0 824.5
1731.0 346.0
1731.0 675.25
1730.88 902.88
1734.0 670.5
1736.5 445.0
1739.5 320.5
1740.5 492.5
1741.11 881.33
1741.33 616.33
1742.67 442.67
1748.38 392.38
1748.5 255.0
1749.67 507.67
1749.0 729.5
1750.0 281.5
1751.33 417.67
1753.0 651.83
1754.74 773.26
1755.71 907.5
1756.0 704.0
1756.0 881.0
1756.5 119.0
1761.33 532.67
1763.5 762.5
1764.0 290.5
1767.2 22.0
1768.5 17.5
1769.0 52.0
1771.71 956.0
1773.29 31.5
1774.71 568.0
1774.5 769.0
1777.88 252.88
1778.6 218.2
1779.83 585.83
1781.8 1018.0
1781.5 1005.0
1784.17 729.83
1785.0 371.5
1787.5 42.71
1787.25 589.5
1788.5 874.0
1791.6 140.55
1789.0 996.5
1790.0 21.5
1792.72 658.41
1794.0 382.5
1795.33 430.33
1798.2 511.4
1797.33 1074.33
1800.0 45.25
1800.0 558.5
1801.4 28.8
1802.5 1021.5
1807.5 116.0
1810.0 872.5
1814.0 241.5
1814.67 603.67
1814.5 678.5
1816.5 692.5
1817.5 1030.5
1818.5 252.0
1821.5 199.0
1821.0 951.5
1823.0 37.5
1822.5 193.5
1823.67 335.33
1826.5 503.0
1828.0 844.75
1828.6 311.2
1828.0 353.5
1830.5 322.5
1830.33 521.33
1832.62 241.38
1833.6 562.2
1838.73 171.72
1836.5 670.5
1837.0 1009.5
1842.03 458.92
1841.0 427.71
1843.77 971.57
1844.0 595.5
1845.0 810.5
1846.5 364.5
1846.33 470.33
1848.0 502.75
1848.67 251.33
1849.0 833.5
1851.0 1036.71
1851.33 553.67
1860.13 290.44
1855.71 199.0
1856.0 313.75
1857.8 75.4
1858.2 814.5
1858.75 841.0
1859.0 976.5
1865.0 523.5
1868.79 450.37
1871.12 737.12
1872.5 588.0
1873.67 497.67
1875.0 194.5
1875.8 406.5
1876.5 494.0
1877.0 431.5
1880.8 224.6
1881.33 744.67
1882.5 59.0
1889.88 157.12
1886.5 602.0
1887.88 279.12
1888.75 617.0
1895.5 488.5
1895.5 979.5
1898.29 773.0
1899.0 213.5
1899.0 257.5
1900.18 370.18
1899.5 612.5
1900.71 8.0
1900.8 107.6
1901.5 960.0
1904.17 779.83
1908.0 656.71
1908.67 87.75
1908.2 686.4
1910.0 406.5
1911.5 711.0
1912.2 788.0
1913.82 248.82
1915.0 402.79
1914.5 58.0
1914.0 571.5
1916.5 807.5
1917.0 902.5
1919.0 14.5
!