0.8 223.5
0.5 415.0
2.0 640.0
3.87 36.47
2.5 181.5
5.25 205.25
4.0 264.5
7.82 951.37
5.5 232.5
8.52 844.11
10.33 381.33
10.33 593.67
12.11 638.28
11.62 741.38
12.5 243.0
14.0 65.5
15.5 267.0
21.45 640.36
22.29 170.0
22.5 146.5
23.29 474.0
27.0 377.0
28.0 69.71
27.5 205.0
27.5 913.5
28.0 1070.5
28.88 975.88
29.33 761.33
30.0 384.5
33.65 485.35
30.25 1059.0
31.5 70.0
32.0 604.0
32.67 233.33
33.0 590.25
35.87 411.29
34.67 736.33
35.25 559.0
35.4 854.8
40.5 391.71
39.5 535.5
41.5 37.5
41.5 135.5
41.33 258.33
43.0 663.5
43.5 1061.71
45.5 968.5
49.5 269.0
50.0 518.29
52.29 88.14
52.67 648.67
53.6 170.8
54.33 1002.92
55.0 94.5
56.5 379.0
59.89 823.48
60.62 760.62
60.0 695.5
62.0 379.0
61.5 434.0
61.5 880.0
61.83 1066.83
62.5 49.5
64.5 322.5
64.5 618.5
64.33 720.33
67.22 178.5
66.0 672.5
68.79 68.63
68.29 976.0
69.83 529.17
72.91 165.36
73.5 31.5
78.18 692.68
76.5 858.5
80.91 381.91
79.88 651.88
80.0 749.5
83.0 392.5
83.83 212.17
84.0 857.0
84.88 886.88
85.5 941.0
87.79 761.63
87.5 412.5
88.0 1072.5
91.5 173.5
91.5 183.5
91.33 206.33
95.22 267.69
93.5 712.5
95.0 110.5
99.0 579.5
99.5 745.5
101.0 1009.0
102.5 666.0
105.0 135.79
104.0 212.5
105.33 458.67
106.33 749.11
107.0 260.5
106.5 999.0
108.67 79.33
108.5 939.0
110.5 489.5
110.0 580.83
111.5 740.0
113.29 853.0
113.5 520.5
113.67 842.67
117.5 629.0
120.5 710.5
121.5 523.5
122.0 851.0
122.0 1068.75
124.5 183.0
123.5 746.5
127.33 465.5
127.33 217.67
128.83 110.17
133.5 974.5
136.0 173.0
137.28 560.11
136.5 27.5
136.0 532.5
143.0 589.0
143.0 689.75
145.0 57.0
152.0 11.17
150.0 50.5
150.5 934.5
154.0 67.0
156.4 314.8
158.75 897.0
166.72 877.76
162.0 730.5
163.25 49.75
167.6 587.8
170.0 172.5
171.5 252.5
173.2 345.4
174.29 273.0
175.0 657.29
175.0 711.5
175.4 1062.2
180.41 684.26
180.5 787.0
180.0 452.29
180.4 232.2
180.4 277.2
181.29 464.5
180.5 554.5
183.67 332.67
187.67 76.33
188.67 633.67
195.12 211.88
195.0 331.0
194.33 476.33
195.33 187.67
199.4 285.6
200.3 562.7
202.0 869.0
202.5 138.5
205.25 6.75
204.5 958.5
208.0 609.0
211.83 125.5
210.5 1035.5
211.88 653.12
211.33 680.33
211.33 806.33
215.24 739.76
214.5 49.0
215.67 79.89
219.0 460.5
219.5 787.0
225.73 797.5
222.0 996.5
222.5 1051.5
224.0 33.5
225.29 238.0
226.0 815.5
226.5 428.0
227.5 158.0
230.5 211.5
232.5 391.5
232.5 667.0
233.67 278.67
233.5 692.0
236.14 127.19
234.5 135.0
234.67 861.33
236.5 27.5
238.34 644.0
236.5 911.0
237.67 404.33
240.0 876.5
241.5 420.0
244.0 1023.5
250.42 221.58
250.0 62.0
252.0 257.29
251.25 749.0
252.67 118.67
252.5 234.5
253.6 314.8
257.2 485.4
261.17 4.17
260.0 397.5
260.0 420.5
261.0 26.5
262.0 773.29
265.0 419.83
264.0 57.0
264.5 743.0
264.5 916.5
265.71 626.0
268.0 240.5
270.17 308.33
271.0 133.29
270.0 149.5
272.67 231.33
273.0 512.0
273.5 300.0
275.28 781.11
274.5 56.0
275.33 284.33
278.55 513.36
278.5 731.5
280.0 105.71
280.17 832.83
279.0 1072.5
282.67 520.33
282.5 820.0
285.5 928.2
286.11 589.33
285.0 791.0
285.5 889.0
288.12 21.88
288.0 725.0
287.5 1032.0
289.0 73.5
298.0 375.38
296.0 515.5
295.5 943.5
300.4 436.8
301.91 467.36
301.5 629.0
301.5 680.0
308.0 994.71
311.24 941.0
309.0 89.5
309.0 692.5
312.0 8.5
311.41 390.88
311.4 31.8
314.64 567.5
312.5 72.5
315.0 667.5
317.5 367.0
317.5 741.5
320.23 316.15
318.5 952.5
320.62 698.62
320.4 652.2
320.0 1066.5
321.0 326.5
325.0 170.5
326.5 816.5
328.89 178.28
330.33 59.33
331.5 475.0
331.5 526.5
333.0 836.0
334.87 875.5
335.91 186.91
334.25 824.0
336.0 565.0
335.33 862.67
336.88 618.88
338.29 153.0
337.5 334.5
338.0 572.0
337.5 957.5
338.2 975.4
340.5 277.5
340.0 537.0
344.5 137.0
344.0 465.5
345.67 691.33
345.5 955.0
347.7 457.7
347.5 367.5
348.2 528.6
348.67 911.33
349.0 215.5
349.0 906.5
350.0 232.0
351.12 760.88
353.28 90.11
353.5 649.5
356.5 273.0
356.5 724.0
357.5 743.0
357.71 905.0
357.67 1010.33
358.67 295.33
359.5 248.0
359.5 590.5
360.4 93.2
361.36 925.91
361.8 76.4
364.5 734.0
364.5 1060.0
366.0 492.0
368.5 197.5
370.45 788.36
371.5 104.0
372.0 665.0
372.67 304.67
372.5 815.0
374.0 63.5
374.67 607.67
375.12 871.88
376.25 482.08
375.83 501.17
376.6 750.6
377.8 259.4
379.2 324.6
382.06 568.15
380.0 523.0
380.0 588.5
381.5 681.5
381.5 974.5
383.29 414.0
383.0 1079.0
386.0 741.71
387.56 705.78
388.5 976.29
388.75 21.0
389.5 119.5
390.0 169.5
394.67 157.67
394.75 1078.0
395.0 836.5
396.8 877.0
397.83 464.17
398.0 1064.71
399.0 691.5
403.71 957.54
401.4 83.2
406.0 68.18
402.5 180.0
402.5 762.5
405.0 238.5
405.5 288.5
405.0 625.5
408.88 201.88
406.5 864.0
408.33 973.83
408.67 460.33
417.2 43.6
418.11 258.52
417.6 208.2
421.08 276.49
419.67 466.89
418.83 802.83
420.25 247.0
420.2 700.6
421.5 144.0
421.5 290.0
421.5 985.0
422.75 228.0
425.0 368.5
429.45 790.09
429.0 135.5
432.2 115.4
432.5 323.0
433.5 777.0
435.0 722.8
438.5 117.0
438.12 754.88
439.5 949.5
440.4 625.8
441.5 289.0
443.7 524.3
444.0 272.2
443.89 305.67
443.5 825.5
444.33 72.67
446.0 968.75
446.33 356.33
446.5 567.5
449.59 725.28
448.6 924.4
448.5 1010.0
449.33 798.67
449.0 872.5
452.0 92.8
452.0 795.5
452.88 743.12
454.0 604.5
455.0 781.5
456.5 795.0
458.0 307.5
459.0 634.0
458.75 703.0
459.5 601.5
460.5 696.0
462.14 113.71
463.0 822.75
469.38 723.68
463.67 815.33
465.0 168.29
466.0 104.0
465.88 418.12
466.33 285.33
467.5 995.5
470.0 662.0
471.33 784.67
473.25 1031.75
475.71 714.0
476.5 552.5
478.0 971.5
480.17 234.83
491.09 911.9
484.5 324.5
487.13 819.71
485.46 1072.15
486.83 37.67
485.67 1059.83
488.79 783.91
486.5 864.5
491.0 272.5
492.5 494.0
492.67 848.33
494.5 552.0
496.36 261.91
496.5 961.5
499.5 467.5
501.5 499.0
502.71 598.5
506.38 748.56
502.5 976.5
506.0 97.5
505.4 430.6
505.0 921.5
506.0 69.5
506.5 368.0
506.0 597.5
508.12 1068.12
508.75 36.0
511.29 233.0
509.5 277.5
509.0 513.0
511.12 632.12
510.0 645.5
512.5 436.5
514.0 594.5
517.71 216.71
516.0 539.29
516.5 469.5
518.0 427.0
518.0 508.0
517.5 666.5
518.09 751.64
520.64 0.91
520.0 74.5
520.71 190.0
521.0 883.29
521.0 708.5
524.64 483.09
526.2 457.6
526.5 405.5
527.5 270.5
530.4 956.8
533.5 81.0
534.5 402.0
535.33 468.11
534.6 472.8
536.6 558.6
536.33 59.33
542.42 164.71
536.88 583.12
536.5 654.0
540.42 828.42
536.5 954.0
539.87 230.47
539.83 709.83
541.71 80.5
546.31 548.01
541.0 691.5
545.0 581.0
544.5 700.5
548.0 217.5
548.75 383.25
549.0 873.29
552.15 500.46
554.5 650.0
556.5 181.0
557.5 265.0
561.38 694.7
557.67 961.33
559.0 201.0
561.67 583.22
560.0 902.5
561.0 115.5
563.64 73.09
562.6 385.8
562.5 849.0
563.0 935.5
564.79 596.63
564.0 111.5
565.0 147.5
566.5 619.0
566.0 797.5
567.5 737.0
569.0 377.5
572.0 442.41
570.8 203.6
571.91 865.09
572.0 1051.21
572.36 705.73
574.0 980.71
575.71 159.5
575.45 285.64
575.5 738.0
577.5 61.5
577.5 229.0
578.0 726.71
578.67 257.67
578.67 739.67
581.5 806.5
583.0 723.0
584.0 348.5
584.0 445.5
585.5 491.5
586.2 514.4
587.2 224.4
587.62 254.38
586.5 308.5
586.5 853.0
587.5 844.0
594.5 676.5
596.33 805.33
599.0 1024.25
599.0 46.5
606.29 396.5
602.0 119.0
601.4 128.2
601.33 388.67
603.2 581.4
602.33 731.67
604.0 473.75
603.5 690.5
604.0 366.5
606.5 495.0
607.88 234.12
608.67 319.67
610.12 7.25
609.67 691.33
609.5 717.0
610.88 593.12
610.8 708.6
610.0 946.5
611.5 659.5
614.12 212.88
614.5 1074.0
615.5 1.5
615.33 358.33
615.25 455.0
623.0 302.0
620.0 899.5
621.71 376.0
623.5 985.0
625.0 828.5
627.0 309.0
626.5 717.0
627.67 255.67
629.5 560.0
633.56 158.78
633.0 704.0
633.12 790.88
633.0 121.5
635.0 183.0
634.0 606.5
635.0 282.5
636.0 451.5
636.5 621.5
636.5 811.5
637.5 564.5
640.0 618.0
641.0 56.0
641.17 759.17
645.5 1076.39
642.0 37.5
642.0 731.0
645.44 244.4
644.0 301.0
645.12 392.12
644.5 957.0
645.71 150.0
647.8 488.0
647.5 857.0
652.5 826.0
653.6 822.2
655.0 244.5
655.0 1072.0
657.0 331.5
658.2 94.4
659.17 832.83
658.5 909.0
659.5 417.5
660.0 245.5
660.4 768.8
661.5 554.5
661.5 650.0
662.5 147.5
662.5 471.0
663.2 627.6
665.0 43.5
665.5 100.5
665.0 402.0
668.2 250.4
668.0 683.5
669.33 417.67
670.5 430.0
670.33 737.67
673.38 597.62
673.12 826.88
673.5 422.5
679.93 983.87
675.33 315.33
678.37 908.92
676.33 354.67
677.67 0.33
679.5 320.0
682.0 961.38
680.5 1025.0
681.33 578.67
683.67 789.33
684.5 229.5
684.6 536.8
685.5 246.5
687.5 313.5
688.67 169.33
689.29 375.5
688.0 436.5
690.83 666.0
691.33 419.33
693.29 430.0
693.2 837.4
693.75 232.0
696.82 444.32
695.8 178.6
697.0 41.5
698.0 73.29
697.67 286.33
699.0 631.5
703.0 548.5
703.71 436.0
704.5 463.0
704.83 655.83
704.0 982.5
708.0 707.5
708.67 883.67
709.5 480.0
711.23 713.38
710.4 851.8
711.33 572.67
714.5 74.0
714.8 463.6
717.19 985.19
716.33 61.67
716.5 907.0
718.75 536.0
720.17 409.17
719.0 416.5
719.33 475.33
720.5 710.0
722.0 108.5
722.5 224.0
723.5 265.0
724.5 60.5
724.5 338.5
724.5 657.5
725.25 804.0
727.0 771.25
728.0 393.8
729.91 824.91
737.08 345.93
730.25 749.0
730.0 772.5
732.12 683.88
733.2 303.6
733.83 505.67
734.0 941.5
736.5 46.5
736.33 247.67
736.5 321.5
736.88 409.88
736.88 1065.88
738.67 483.67
740.71 255.5
739.0 607.0
741.5 137.5
741.0 877.5
746.0 278.0
749.0 283.0
748.5 695.5
748.0 712.5
748.67 963.67
749.17 1073.33
749.0 278.5
751.5 484.0
755.88 763.5
753.5 733.5
754.0 387.0
754.0 914.5
758.59 171.28
757.0 296.0
759.5 777.5
762.0 849.0
763.0 403.0
763.67 584.33
765.5 92.5
765.0 322.5
767.5 471.5
769.0 428.29
769.29 585.0
768.67 730.33
768.75 842.0
769.0 194.5
771.33 546.33
773.0 100.0
772.83 394.17
772.5 577.5
774.17 164.17
778.38 676.38
780.5 149.5
779.0 383.5
779.0 435.5
781.5 1062.0
780.0 346.5
781.0 1012.0
782.0 508.0
784.8 389.5
790.65 270.15
787.0 909.0
786.5 1017.5
787.5 558.0
788.67 820.33
789.67 254.33
791.0 159.75
790.88 506.88
791.8 397.6
792.5 910.0
794.83 321.17
797.0 756.5
798.63 156.21
798.67 548.67
799.33 808.67
801.5 126.5
803.2 604.0
805.8 85.4
805.5 132.5
805.33 304.33
805.5 522.5
805.5 877.0
808.33 271.8
806.5 544.0
808.33 363.33
807.5 559.5
808.0 691.5
809.75 648.0
811.5 13.5
811.0 132.29
810.0 197.5
810.71 584.0
811.33 924.11
812.0 31.71
814.67 392.67
817.5 812.0
818.5 455.5
819.17 910.67
819.0 101.5
820.0 158.5
821.67 264.11
822.5 980.0
822.67 1018.67
823.75 38.0
824.29 249.5
824.0 737.5
826.0 184.5
826.5 1074.0
829.0 79.0
828.67 583.67
830.0 860.71
831.5 284.0
833.12 305.88
831.5 697.5
835.41 425.74
833.75 441.0
834.5 197.5
834.0 393.5
835.33 216.33
836.88 588.12
837.0 691.71
837.0 920.0
838.5 91.0
840.0 243.29
842.5 545.0
844.5 527.5
845.83 1065.0
846.5 326.5
847.0 467.75
850.5 150.0
849.67 519.67
850.0 473.5
854.2 25.57
852.38 48.38
852.67 576.33
852.83 722.17
852.5 1039.5
857.41 121.12
859.96 16.26
857.33 451.33
859.5 552.29
860.5 979.0
862.56 9.33
862.5 805.29
862.67 609.33
867.21 415.0
870.0 226.0
867.0 307.2
869.5 919.0
872.0 284.0
872.5 964.0
875.0 243.5
876.12 358.12
875.0 1066.5
877.0 260.29
877.2 531.4
877.5 626.29
877.5 56.5
881.0 487.5
882.5 393.5
883.5 347.0
883.5 942.5
884.5 602.0
886.0 408.0
886.71 203.0
888.0 515.25
892.32 346.64
892.82 103.82
897.21 648.0
896.8 204.4
899.5 554.5
902.5 270.0
904.5 241.0
905.5 234.0
907.5 252.0
906.0 394.29
905.5 772.5
906.71 827.5
907.0 84.0
906.0 407.5
906.5 424.0
908.7 452.0
907.0 469.0
911.5 277.0
914.16 44.84
913.5 224.5
918.06 469.91
915.0 306.5
915.0 667.5
919.2 177.6
919.0 513.5
920.18 557.82
920.88 809.88
922.0 936.25
923.29 1066.36
926.0 327.75
926.29 820.0
928.2 539.4
929.0 45.5
933.12 510.88
933.38 675.62
933.64 793.55
936.5 744.5
937.5 267.0
939.67 391.33
945.87 22.29
941.0 711.5
942.5 190.0
942.5 1036.5
943.0 1052.5
945.0 312.0
946.5 605.5
946.33 647.67
946.71 785.0
946.88 1046.88
947.5 99.0
947.5 518.5
957.53 311.72
954.78 819.43
949.0 1035.0
949.5 705.5
949.4 897.2
951.33 483.67
951.33 957.67
952.67 374.33
953.0 701.71
956.4 829.2
960.57 48.0
961.0 554.2
966.5 504.5
967.5 340.0
970.25 381.0
972.0 308.75
972.0 778.5
973.6 286.8
977.5 231.0
974.33 434.33
974.0 541.5
975.0 615.5
978.07 466.36
978.0 109.0
980.2 480.89
978.75 626.0
981.5 725.0
981.0 46.5
981.0 1002.5
982.0 280.25
983.0 1037.2
984.5 579.0
985.0 956.5
985.5 1070.5
987.5 280.0
989.6 822.87
989.17 922.17
989.5 264.0
990.5 458.5
991.33 851.33
991.5 864.0
994.0 232.5
994.33 736.33
994.67 851.33
996.62 385.62
996.0 146.5
996.5 546.5
997.5 802.5
998.0 157.5
1001.5 324.0
1004.5 80.0
1005.0 442.5
1005.0 772.5
1006.5 889.0
1007.0 1044.0
1007.5 790.0
1009.0 680.25
1009.5 223.0
1009.33 592.33
1009.33 612.67
1012.67 858.67
1013.5 336.0
1013.67 442.67
1014.0 476.5
1014.0 622.0
1015.67 345.67
1017.0 680.0
1018.5 394.5
1018.6 661.8
1019.0 386.5
1020.0 821.5
1022.2 181.4
1022.0 860.0
1024.0 432.5
1025.0 489.71
1024.0 562.5
1026.33 934.67
1027.0 1026.5
1026.89 1030.33
1028.2 363.6
1031.34 510.95
1029.5 1050.5
1032.76 12.0
1030.5 169.0
1031.5 944.5
1035.5 824.0
1037.5 515.0
1038.83 44.83
1038.5 411.0
1040.5 22.5
1040.25 320.0
1040.33 702.67
1041.5 901.5
1043.0 352.5
1044.0 409.0
1046.5 187.29
1045.88 205.88
1047.0 987.0
1048.92 251.08
1049.0 146.5
1049.5 305.0
1049.0 1011.5
1050.71 331.0
1051.0 456.5
1051.5 762.5
1052.5 151.5
1053.5 75.0
1053.67 285.33
1053.67 515.33
1055.28 541.19
1054.5 985.0
1054.5 798.5
1054.71 873.0
1055.5 226.5
1055.71 651.0
1057.5 525.0
1057.88 671.12
1057.5 770.5
1057.6 1063.2
1061.0 215.5
1061.0 710.0
1063.5 4.0
1065.4 332.8
1066.5 1021.5
1067.5 284.5
1068.11 617.33
1069.67 292.25
1070.0 506.71
1071.5 254.0
1075.89 104.52
1075.5 173.5
1076.8 455.4
1079.0 438.0
1082.25 982.58
1081.0 650.25
1080.5 765.0
1083.13 189.53
1082.83 569.0
1081.0 799.5
1082.5 559.5
1084.0 1.0
1086.0 385.25
1085.5 723.5
1086.33 89.67
1086.8 401.4
1087.33 862.67
1089.0 72.5
1094.09 6.0
1097.67 389.0
1095.5 184.0
1095.0 411.5
1097.12 646.88
1097.67 134.67
1097.5 401.0
1099.5 476.33
1098.0 790.71
1099.0 413.29
1099.67 496.33
1099.6 883.2
1101.5 359.0
1102.0 622.0
1102.5 444.5
1103.0 915.25
1108.67 489.67
1110.17 535.17
1110.8 214.6
1111.4 618.2
1112.8 859.4
1114.65 293.0
1116.0 356.29
1115.0 450.5
1117.12 814.88
1121.33 311.33
1122.6 780.8
1122.75 997.0
1123.67 149.33
1123.5 677.5
1125.5 91.5
1125.5 793.5
1126.33 594.67
1129.33 715.89
1129.5 834.0
1130.8 278.6
1131.0 343.75
1139.18 601.51
1135.33 826.33
1137.37 854.79
1136.5 280.5
1136.5 804.0
1137.2 975.4
1137.67 340.33
1138.0 490.5
1139.83 624.26
1141.4 785.8
1144.47 828.13
1144.83 843.83
1146.67 1069.8
1145.93 427.14
1148.44 533.07
1147.5 160.5
1147.5 269.0
1153.0 484.29
1152.12 596.12
1155.47 245.13
1155.33 466.33
1155.5 889.5
1158.0 280.0
1158.62 884.62
1159.5 950.0
1160.0 664.0
1159.0 707.5
1159.5 915.5
1161.5 704.0
1163.2 179.4
1163.0 1005.71
1165.0 230.0
1165.0 782.29
1167.8 889.8
1168.5 509.5
1169.5 0.0
1170.0 484.71
1171.71 590.0
1174.0 284.0
1173.0 607.5
1174.5 147.5
1175.0 617.5
1177.29 66.0
1177.0 685.0
1176.0 1040.5
1178.6 178.2
1180.0 635.25
1180.4 36.8
1182.8 724.6
1183.12 748.12
1185.0 736.0
1185.33 1015.33
1189.0 441.5
1191.5 56.5
1195.0 721.67
1194.0 351.5
1196.05 569.81
1194.0 807.0
1195.57 897.57
1196.5 754.0
1196.5 984.5
1198.0 613.75
1197.5 790.0
1198.0 828.0
1200.0 530.2
1199.33 1002.67
1201.62 189.62
1203.71 536.5
1203.0 177.5
1204.0 141.5
1204.0 873.0
1207.78 64.39
1206.4 166.8
1213.24 110.76
1211.5 365.0
1213.2 388.6
1216.5 566.5
1216.0 145.5
1219.5 805.5
1217.67 237.67
1219.33 75.33
1219.0 178.5
1221.5 586.0
1222.5 843.71
1225.45 484.36
1225.0 382.5
1232.24 590.76
1232.5 68.0
1232.5 569.0
1232.5 804.0
1232.5 905.0
1233.67 433.67
1233.5 1010.0
1235.33 532.67
1236.8 4.4
1236.5 274.0
1236.8 309.6
1239.3 153.4
1241.0 74.0
1240.0 576.0
1242.0 611.29
1242.0 838.5
1242.82 974.82
1243.5 52.5
1248.1 435.67
1244.0 621.5
1247.38 679.38
1248.55 165.45
1248.75 941.0
1252.0 584.71
1253.75 517.0
1255.0 416.5
1255.0 713.5
1255.33 844.33
1257.5 644.0
1259.0 37.71
1259.5 483.0
1261.84 287.84
1260.33 622.67
1260.5 716.0
1262.0 147.5
1261.8 569.6
1263.33 227.83
1262.88 405.88
1263.29 1008.0
1265.0 131.0
1268.0 400.25
1268.0 47.5
1268.75 546.0
1269.0 841.29
1271.0 69.5
1280.53 849.79
1274.0 264.0
1273.5 927.0
1274.0 60.5
1275.62 643.38
1275.5 329.5
1275.8 985.4
1278.0 519.29
1279.6 605.44
1280.67 731.44
1279.39 1022.78
1281.29 969.5
1283.57 1033.77
1281.25 1052.0
1286.67 160.0
1288.0 229.0
1287.71 958.0
1289.67 529.33
1290.0 116.5
1291.5 1039.0
1291.5 786.5
1293.0 704.5
1298.24 992.45
1294.83 249.83
1295.88 1051.12
1299.25 54.0
1299.0 121.5
1299.0 642.0
1299.0 696.5
1300.8 292.6
1302.87 636.87
1302.5 22.5
1303.5 688.5
1305.0 186.5
1306.0 164.75
1305.5 259.0
1305.5 440.0
1306.88 402.88
1306.33 426.33
1306.5 816.5
1307.33 1047.67
1308.67 133.67
1308.5 787.0
1311.5 168.5
1311.5 849.0
1313.14 775.71
1314.0 132.0
1315.5 754.5
1315.0 983.5
1316.5 932.5
1317.5 627.0
1317.5 635.5
1322.29 438.0
1321.88 737.88
1324.2 250.4
1324.5 21.5
1325.3 798.4
1325.5 404.0
1328.5 552.0
1330.0 10.0
1332.0 1061.5
1331.5 177.5
1333.36 601.24
1333.0 187.5
1332.5 569.5
1332.5 1032.5
1335.5 790.0
1341.5 63.26
1338.5 126.5
1339.5 319.5
1339.0 752.5
1340.0 43.5
1342.62 682.38
1342.5 141.5
1342.5 1060.0
1344.88 22.12
1344.5 246.0
1346.5 1044.5
1350.17 34.83
1351.5 424.5
1351.5 732.5
1353.5 1007.5
1355.0 208.75
1354.88 610.88
1354.0 617.5
1357.0 217.0
1357.6 276.8
1358.6 88.2
1365.21 359.5
1359.79 794.36
1359.0 463.5
1360.62 766.62
1361.5 867.88
1362.5 488.5
1363.67 814.67
1363.67 878.67
1366.33 198.67
1366.5 337.5
1368.0 896.71
1369.0 6.5
1371.5 293.5
1372.6 755.8
1375.0 1077.67
1376.0 239.0
1375.0 595.5
1378.0 1015.0
1378.89 335.67
1379.5 461.5
1379.33 570.33
1380.5 144.0
1380.33 1043.67
1382.0 59.0
1382.0 415.0
1383.0 687.5
1385.33 448.67
1385.8 1004.6
1391.55 709.89
1391.0 41.8
1395.93 54.6
1391.0 75.0
1392.5 334.5
1391.5 476.5
1392.5 747.5
1396.65 18.53
1397.88 240.53
1398.29 366.5
1399.5 840.0
1402.5 209.0
1404.5 393.5
1404.17 501.17
1404.67 42.67
1413.0 101.2
1405.0 650.5
1407.29 458.5
1406.71 664.0
1406.5 694.0
1408.12 118.12
1410.0 16.5
1410.5 282.5
1412.0 653.0
1414.75 36.0
1419.88 301.88
1420.0 470.25
1421.5 774.0
1422.67 130.33
1423.0 448.75
1422.5 563.5
1424.11 930.67
1425.33 203.67
1425.0 1075.5
1427.29 1023.0
1428.0 262.5
1430.37 312.37
1429.2 981.0
1429.33 391.33
1431.5 337.5
1431.5 734.0
1432.67 275.33
1433.29 693.0
1436.58 34.25
1439.37 537.95
1436.0 932.0
1436.5 524.0
1440.5 145.5
1440.0 1066.0
1445.39 186.39
1443.0 908.0
1444.0 339.5
1444.8 1048.6
1445.8 475.4
1447.0 14.0
1447.0 636.25
1446.5 663.5
1447.5 177.0
1450.0 811.71
1453.37 377.3
1450.5 744.0
1450.5 1029.0
1451.71 1015.0
1452.6 600.2
1452.67 954.67
1455.0 62.5
1455.5 552.5
1456.5 754.5
1458.0 365.5
1459.0 204.5
1462.71 1004.45
1459.0 1027.5
1461.5 645.0
1463.0 331.25
1462.5 422.5
1464.33 633.11
1464.4 876.2
1466.5 234.5
1465.0 637.5
1465.4 726.8
1466.33 586.67
1468.0 618.75
1470.11 55.72
1468.75 838.0
1468.5 902.5
1469.71 477.0
1469.33 967.67
1470.5 162.5
1471.5 937.5
1476.88 159.58
1476.0 26.5
1474.5 629.0
1477.0 574.0
1481.29 959.5
1481.5 1078.0
1484.6 977.2
1488.32 208.32
1487.0 302.0
1488.0 168.0
1495.36 424.24
1489.0 644.5
1491.0 369.29
1491.71 612.5
1491.8 377.6
1493.67 44.33
1496.19 184.28
1493.5 566.0
1494.0 404.5
1497.5 360.0
1499.17 31.83
1499.89 95.67
1499.0 394.5
1500.5 289.5
1500.33 518.67
1505.2 263.0
1506.5 90.5
1508.0 356.0
1507.5 448.0
1508.5 500.0
1508.6 656.8
1510.6 867.4
1510.33 17.67
1511.5 713.78
1511.4 337.2
1511.0 414.5
1514.5 137.0
1512.5 574.0
1514.83 538.83
1517.0 345.5
1519.0 15.25
1518.67 793.67
1520.0 303.29
1520.0 314.5
1523.58 484.84
1521.4 461.8
1522.0 496.0
1523.0 323.75
1523.83 395.67
1523.75 608.0
1524.5 835.0
1525.5 93.0
1526.0 104.0
1529.93 927.81
1529.12 880.88
1531.0 421.0
1530.0 27.5
1531.88 22.88
1531.33 991.33
1533.55 697.36
1534.83 987.83
1534.33 1052.67
1537.8 531.0
1537.5 327.5
1539.0 1045.29
1539.0 130.5
1539.5 945.0
1540.0 61.5
1540.5 146.5
1544.25 1001.75
1547.5 655.0
1549.0 124.5
1550.6 677.4
1550.0 909.5
1551.33 454.33
1555.72 635.1
1554.0 544.43
1554.64 892.32
1555.33 1010.5
1554.88 744.88
1555.5 550.5
1556.0 693.0
1556.4 107.2
1558.67 79.11
1558.63 788.79
1561.33 325.33
1562.0 67.5
1565.0 920.0
1566.71 116.0
1566.5 566.5
1568.5 198.0
1573.0 827.29
1575.25 766.75
1575.0 197.5
1576.85 393.54
1575.0 596.5
1576.88 15.12
1577.29 455.0
1577.5 858.0
1579.5 490.0
1579.5 695.5
1581.8 943.6
1583.12 368.12
1583.0 622.0
1582.5 692.0
1583.5 205.0
1585.0 290.0
1586.5 809.0
1588.0 943.71
1589.33 670.75
1589.0 825.0
1590.4 730.8
1592.0 367.5
1591.33 961.33
1593.88 535.88
1598.78 706.21
1597.67 119.33
1599.75 738.0
1600.0 51.5
1600.25 298.0
1600.25 717.0
1608.22 322.69
1604.5 418.5
1606.77 693.85
1606.5 374.0
1607.5 409.0
1608.5 620.5
1607.5 704.0
1610.5 935.0
1612.12 480.12
1614.68 618.68
1613.91 684.91
1614.04 1059.39
1613.5 437.5
1614.5 884.0
1614.5 75.5
1618.59 283.16
1617.5 425.5
1617.5 439.5
1618.2 796.0
1618.67 8.67
1620.84 671.16
1620.0 357.0
1620.0 746.5
1621.5 186.5
1621.5 642.5
1625.91 26.91
1625.88 113.12
1625.8 170.4
1629.0 432.0
1627.0 628.0
1627.0 958.0
1628.0 671.5
1630.88 401.12
1630.4 640.8
1631.5 109.0
1633.0 449.5
1633.89 668.33
1634.0 647.5
1637.41 883.72
1636.33 680.33
1637.5 1013.5
1637.8 132.6
1639.67 506.33
1642.5 200.0
1643.0 739.0
1643.5 970.5
1644.5 706.5
1646.83 240.45
1647.5 178.71
1646.5 325.5
1647.5 874.0
1648.0 1031.0
1648.5 252.5
1649.5 995.0
1650.8 267.6
1650.5 306.5
1651.0 821.5
1652.5 290.5
1653.75 47.0
1655.0 945.0
1654.25 879.0
1658.87 144.87
1660.71 863.29
1658.5 89.0
1659.5 262.0
1658.6 940.8
1659.5 990.0
1660.8 314.5
1662.5 761.71
1664.5 494.5
1666.79 164.0
1665.8 538.6
1666.5 1057.5
1668.0 304.75
1669.5 72.5
1669.75 751.0
1671.5 511.5
1671.33 557.67
1674.05 518.9
1674.36 455.91
1675.0 109.5
1674.5 730.0
1681.47 70.01
1675.0 291.5
1675.0 639.5
1677.2 629.6
1676.5 714.0
1676.88 805.88
1677.5 444.5
1679.0 657.5
1680.5 466.5
1680.0 858.5
1682.12 217.88
1682.41 399.88
1682.5 486.0
1683.71 962.0
1684.0 784.5
1687.91 574.27
1688.5 155.0
1689.38 593.38
1689.0 281.5
1689.5 915.0
1691.4 257.2
1692.79 298.0
1691.5 460.0
1691.5 576.0
1692.0 895.0
1694.6 147.4
1702.03 571.07
1695.25 61.0
1696.5 221.0
1695.5 555.0
1697.0 823.0
1697.5 838.2
1699.5 599.5
1699.83 924.17
1702.0 80.5
1701.5 1025.0
1703.0 782.29
1705.37 845.37
1704.0 419.5
1705.25 691.0
1707.71 618.5
1710.17 160.0
1708.67 295.33
1708.67 749.33
1710.0 725.5
1712.0 171.5
1712.5 985.5
1713.5 281.5
1714.83 89.17
1718.0 118.0
1717.5 754.0
1719.0 38.5
1719.38 101.62
1724.76 862.47
1722.0 45.0
1722.67 501.67
1722.5 795.0
1724.35 807.0
1730.59 364.0
1724.0 707.5
1726.83 514.17
1728.2 564.4
1729.0 983.29
1729.0 912.5
1731.25 329.33
1731.0 404.5
1733.6 1033.2
1736.29 234.0
1735.5 255.0
1736.5 415.0
1738.09 555.09
1738.29 93.0
1738.0 499.5
1737.5 504.0
1740.0 158.0
1740.5 827.5
1741.5 138.0
1743.0 633.5
1745.0 692.0
1744.67 924.67
1746.7 23.9
1747.8 378.07
1745.33 733.67
1746.5 204.0
1747.5 399.0
1752.28 225.11
1750.5 528.5
1754.25 1017.25
1754.0 451.0
1754.75 941.33
1754.5 301.5
1754.0 937.5
1755.33 552.67
1756.8 35.4
1756.5 85.0
1756.5 269.0
1762.36 926.19
1761.5 559.0
1762.5 69.0
1763.75 276.33
1764.64 167.55
1764.0 49.5
1765.5 202.5
1766.5 11.5
1766.33 122.67
1770.11 236.48
1768.75 812.0
1771.87 445.0
1774.42 21.48
1772.78 307.5
1773.33 965.17
1774.5 848.2
1776.33 584.67
1777.5 857.5
1780.33 640.33
1780.5 777.5
1782.5 746.5
1784.0 1033.5
1785.0 582.0
1785.33 606.33
1787.12 503.12
1787.0 512.0
1786.5 558.0
1787.5 642.0
1790.4 89.2
1790.5 545.0
1790.5 973.5
1792.5 3.83
1792.2 470.4
1793.33 985.17
1793.0 492.5
1795.48 500.89
1794.4 645.2
1797.67 390.33
1797.5 559.5
1799.88 768.88
1798.5 65.0
1799.0 189.0
1801.12 3.12
1801.5 359.0
1805.22 763.56
1806.0 523.75
1811.12 942.12
1811.8 371.6
1812.5 514.0
1813.5 354.5
1813.71 667.0
1815.71 49.0
1818.42 538.75
1818.5 447.5
1819.5 166.5
1819.0 737.0
1821.0 837.0
1825.78 699.82
1822.0 972.29
1823.75 660.0
1827.55 737.43
1825.0 837.29
1825.5 894.5
1825.33 933.67
1826.83 730.17
1827.41 988.88
1827.88 520.12
1829.45 937.05
1830.86 788.39
1829.38 1010.38
1830.2 356.0
1830.45 540.64
1831.5 294.0
1833.12 106.12
1833.88 436.88
1850.67 189.3
1835.0 588.5
1837.38 288.38
1838.29 992.0
1838.88 623.12
1841.5 219.0
1843.42 308.58
1842.38 683.38
1843.5 165.0
1844.5 802.0
1846.5 901.5
1846.5 926.0
1847.5 1025.5
1849.12 1014.12
1852.12 48.12
1851.4 278.2
1851.8 762.6
1852.5 349.5
1853.5 330.0
1856.0 963.83
1854.67 998.67
1855.5 670.5
1859.75 128.0
1860.0 677.0
1860.8 817.0
1864.5 354.0
1864.25 535.0
1865.71 420.0
1866.8 621.0
1867.12 911.31
1866.0 916.0
1867.5 769.0
1870.5 102.0
1870.5 479.5
1870.0 856.5
1871.5 107.0
1872.6 37.2
1873.55 84.36
1872.5 860.5
1874.0 299.0
1874.0 272.5
1875.0 115.5
1876.8 21.4
1876.5 645.0
1878.67 235.33
1879.38 292.62
1880.5 578.29
1880.33 103.67
1880.5 221.5
1880.71 528.0
1880.71 629.0
1880.0 695.5
1881.5 130.0
1882.0 722.0
1882.5 455.0
1883.83 191.17
1884.67 69.33
1884.6 306.8
1885.0 235.5
1885.88 1011.88
1887.88 129.12
1887.5 151.5
1887.5 154.0
1887.5 838.5
1889.0 964.0
1890.0 7.5
1891.79 220.0
1890.0 506.5
1895.56 808.11
1892.67 238.67
1892.89 413.33
1892.5 424.0
1893.75 200.0
1896.4 223.2
1896.5 922.5
1897.5 962.5
1898.0 998.75
1901.71 218.5
1900.0 621.5
1901.91 781.78
1901.6 978.4
1901.33 324.33
1903.33 94.89
1902.5 104.0
1903.5 185.71
1906.5 31.29
1904.0 1069.25
1905.4 698.2
1908.5 328.0
1911.5 983.2
1912.0 629.5
1912.5 476.0
1913.2 773.6
1913.6 346.8
1915.0 562.5
1915.33 713.67
1916.71 164.0
1917.5 206.71
1917.5 1047.5
1918.0 291.5
!