13.0 364.5
13.67 463.67
34.0 108.75
34.5 860.0
38.0 345.5
45.2 467.5
44.0 659.5
46.5 91.0
49.5 323.5
50.88 713.12
56.5 408.21
54.0 610.5
55.0 497.0
58.65 372.0
62.71 305.5
63.0 162.0
62.5 399.0
70.37 678.21
70.0 31.0
71.5 263.5
72.29 901.5
76.5 1067.5
80.5 1032.0
86.8 439.6
86.5 1002.0
101.41 1003.24
99.0 1021.5
105.25 674.0
114.0 405.25
116.07 248.14
116.0 438.5
118.0 728.29
121.4 185.8
126.5 1036.5
128.67 277.11
132.5 121.5
135.0 883.0
136.5 234.5
137.5 278.2
136.5 341.0
137.5 430.0
137.5 412.0
142.5 416.0
144.5 313.5
146.29 348.0
146.0 217.5
146.5 374.0
148.5 355.0
148.5 412.5
149.6 322.2
153.0 258.5
157.14 338.78
155.0 327.5
157.0 321.0
158.5 742.5
162.9 371.68
166.71 324.0
181.79 341.39
172.67 48.67
172.67 363.33
175.0 292.0
177.0 353.5
177.0 357.5
180.5 313.5
181.5 50.0
182.5 210.0
183.0 1065.0
185.12 317.12
184.0 486.5
186.33 736.33
203.37 330.76
191.0 389.29
190.0 412.5
192.0 335.25
195.0 504.5
194.0 934.5
196.72 569.89
199.83 692.83
201.5 274.0
208.26 303.41
209.0 886.5
214.79 569.79
218.5 489.0
219.0 366.5
220.0 319.5
224.0 586.5
226.0 871.0
226.33 292.67
227.6 106.8
231.88 147.0
231.0 412.29
233.2 226.4
235.35 735.0
236.88 262.88
241.5 807.0
246.4 484.8
250.82 793.18
251.0 280.5
253.67 299.67
260.5 511.5
261.72 283.89
262.2 463.6
262.5 591.5
263.33 412.67
272.33 422.89
274.88 110.88
276.5 741.5
277.6 317.8
282.5 108.0
283.5 115.0
287.5 557.5
291.5 342.5
295.3 396.6
295.33 617.67
299.71 882.0
300.0 835.5
305.28 673.89
306.12 997.88
306.5 254.5
309.5 573.5
314.88 738.12
327.53 927.29
324.0 595.5
325.0 1055.0
328.15 1009.85
327.5 173.5
329.5 89.5
330.75 335.33
334.6 368.2
335.0 929.5
337.88 392.12
339.5 671.0
339.0 51.5
351.0 1008.0
355.5 379.5
355.5 732.5
358.0 823.5
371.38 940.38
381.18 180.18
380.5 536.5
380.0 739.5
381.5 79.0
382.5 204.0
385.4 172.2
389.2 545.4
393.53 425.87
394.64 633.09
394.4 1032.2
397.5 954.5
404.67 55.33
410.35 948.0
409.0 249.5
419.0 324.5
423.0 39.5
425.0 509.5
433.38 531.25
432.5 748.0
435.12 577.12
436.0 468.0
439.89 126.67
447.0 523.5
449.33 331.8
453.08 535.63
454.71 965.0
459.2 131.4
466.0 912.71
469.5 601.0
472.5 516.29
471.5 222.0
474.71 549.0
476.33 702.67
478.12 581.88
478.5 589.0
484.5 187.0
483.0 622.75
485.0 13.75
485.5 74.0
485.0 942.0
488.0 821.71
491.33 387.67
492.0 890.0
493.0 344.5
497.4 287.4
497.5 669.5
499.5 222.5
510.73 115.27
508.0 216.0
509.0 1004.5
510.0 701.0
513.0 192.5
516.0 369.5
517.6 433.2
521.5 329.0
525.0 868.5
529.0 418.75
537.5 519.0
542.0 803.5
547.19 525.91
546.5 132.5
546.33 1024.33
548.25 11.33
553.0 632.0
556.5 228.0
559.0 249.5
559.8 429.5
565.4 757.2
568.5 119.0
571.6 42.04
570.87 934.47
570.33 775.33
577.5 994.78
582.56 594.9
587.5 785.0
591.33 645.33
591.5 743.5
592.5 471.5
595.75 212.25
597.0 17.5
599.4 485.8
599.83 945.17
600.33 721.33
602.5 517.5
603.12 1050.88
605.33 493.33
605.4 581.8
606.0 613.29
607.5 819.0
612.5 543.71
615.0 231.79
619.53 643.87
618.67 733.67
620.82 185.18
625.0 826.5
629.0 690.5
630.29 121.42
629.0 310.5
632.72 929.59
631.5 1007.0
636.0 261.5
645.0 1052.5
653.0 899.0
656.33 120.33
657.67 538.67
658.5 794.5
660.33 427.67
664.71 49.0
668.0 318.0
670.0 865.5
674.0 510.0
675.0 1041.5
686.0 430.0
688.5 506.0
696.5 165.71
695.0 201.5
696.5 465.0
698.67 840.33
699.84 1049.84
703.6 837.8
705.0 250.8
707.5 1061.0
710.75 258.25
712.12 687.12
713.5 326.0
719.0 443.0
727.6 911.2
733.0 519.0
731.4 587.2
735.5 216.5
737.29 505.0
737.83 21.83
743.29 698.0
745.09 553.22
744.67 377.67
745.5 244.0
747.0 775.0
761.59 687.72
763.2 2.6
766.5 1072.5
769.5 672.27
767.5 856.0
773.6 774.8
778.67 123.25
778.75 36.0
779.4 702.8
782.67 239.67
783.29 569.0
786.5 0.0
786.88 196.88
788.12 27.88
787.67 881.33
790.17 559.83
789.0 789.5
791.8 858.6
799.0 766.5
801.0 246.5
818.61 837.82
831.5 631.5
833.0 400.0
837.5 56.5
837.5 67.5
846.73 221.54
842.2 319.4
847.23 717.57
849.5 55.8
849.0 653.5
856.91 676.09
859.0 327.0
858.67 332.67
862.0 817.0
864.12 25.88
866.0 831.0
871.54 121.29
867.5 231.5
870.5 621.5
872.5 405.5
873.75 982.0
874.83 99.17
874.83 439.83
877.5 249.0
882.6 11.8
883.0 842.5
887.5 304.0
890.2 740.4
890.5 555.0
897.93 972.72
897.5 881.5
902.67 508.33
903.91 827.09
907.2 703.0
908.5 110.5
915.38 304.62
915.25 714.0
920.54 199.85
916.0 531.5
917.5 384.0
923.5 578.5
928.29 1059.5
931.12 589.33
929.0 832.5
934.5 1069.5
934.67 703.67
937.12 35.88
946.0 650.71
951.57 232.77
950.0 11.5
951.5 255.0
953.67 917.67
956.0 93.75
957.67 755.33
971.0 1065.0
973.29 490.71
971.8 850.4
975.8 603.6
976.5 42.0
988.0 561.0
987.5 981.5
990.0 62.5
993.73 355.0
995.0 1.5
1001.0 972.5
1002.5 90.0
1002.8 113.6
1008.33 906.17
1024.5 11.5
1025.0 2.5
1028.83 1015.17
1029.5 11.5
1033.0 986.0
1035.0 85.0
1035.88 646.12
1046.1 840.95
1048.5 471.5
1050.71 488.0
1050.8 532.6
1054.5 206.5
1056.0 520.0
1067.76 324.38
1069.0 705.5
1070.5 596.5
1075.5 38.5
1082.75 85.75
1083.5 98.0
1084.29 413.5
1085.0 508.5
1090.0 98.85
1089.5 88.5
1096.5 994.0
1100.5 16.5
1104.87 233.53
1107.71 283.0
1110.8 758.6
1111.33 35.33
1119.0 87.29
1121.29 327.0
1124.5 199.0
1125.0 1067.0
1127.5 574.0
1129.0 119.71
1130.0 610.5
1131.5 200.0
1132.5 1063.5
1139.0 995.25
1138.67 1070.33
1149.5 1064.5
1149.5 249.0
1149.0 814.5
1150.0 1027.5
1153.4 63.8
1160.0 202.0
1164.33 708.67
1167.67 441.75
1169.0 1052.5
1170.88 745.88
1172.67 143.67
1173.67 154.67
1177.0 413.5
1178.29 11.0
1178.55 69.64
1178.5 790.0
1180.0 781.5
1181.5 814.0
1194.0 148.0
1200.8 86.4
1203.67 425.75
1202.5 875.0
1204.33 129.11
1207.71 602.0
1211.0 142.0
1210.5 490.0
1217.5 24.5
1219.41 590.72
1221.0 941.71
1222.5 389.0
1223.5 394.5
1226.33 663.67
1228.67 866.33
1235.78 291.91
1237.0 56.5
1237.76 329.24
1240.4 39.8
1242.0 143.5
1243.0 368.0
1251.5 451.0
1251.0 971.5
1253.67 47.67
1253.5 248.0
1259.83 300.17
1262.95 60.07
1265.67 116.33
1270.88 603.12
1275.35 372.0
1280.0 521.86
1280.0 382.5
1281.5 593.0
1287.5 281.5
1288.91 822.91
1295.71 892.0
1296.33 389.67
1296.5 512.5
1302.5 155.0
1307.71 280.29
1309.6 607.56
1313.5 95.0
1318.5 564.0
1319.0 903.0
1323.5 336.5
1327.12 109.12
1326.5 381.0
1327.5 213.0
1329.62 722.38
1340.48 404.65
1333.5 928.5
1335.0 259.0
1338.0 290.5
1339.0 284.0
1345.0 116.5
1345.88 359.88
1346.5 320.0
1349.71 445.5
1347.45 680.64
1348.83 793.83
1351.5 318.5
1357.5 1029.0
1358.75 550.0
1365.0 303.75
1365.71 278.0
1369.75 198.0
1373.68 276.76
1373.5 912.0
1377.67 1064.67
1382.55 150.36
1382.5 918.0
1391.0 90.5
1392.5 106.5
1395.62 666.62
1403.33 470.17
1406.0 404.0
1407.0 350.5
1417.0 7.0
1417.2 97.6
1421.9 909.05
1423.0 680.5
1423.0 1035.0
1426.0 949.5
1426.5 10.0
1427.0 827.5
1428.0 140.71
1427.5 329.5
1431.25 751.0
1434.0 177.0
1436.76 521.38
1437.67 41.33
1445.29 45.0
1447.7 391.06
1453.12 658.12
1453.5 964.0
1456.5 1053.5
1459.5 124.0
1459.0 726.0
1462.67 417.67
1464.12 967.59
1464.0 781.5
1465.5 172.5
1465.0 202.5
1466.5 699.0
1472.0 390.29
1473.87 684.5
1478.77 82.0
1479.0 859.5
1481.0 121.0
1485.4 276.8
1496.45 530.12
1492.67 262.67
1503.0 16.5
1507.5 809.0
1515.05 606.21
1510.4 950.8
1512.55 359.64
1512.5 85.0
1517.5 889.5
1521.5 331.5
1529.71 1010.0
1533.5 237.0
1537.0 943.5
1537.5 1050.0
1539.0 542.0
1539.64 655.91
1544.0 451.5
1542.5 681.0
1548.0 752.5
1561.33 1038.67
1562.5 250.0
1575.25 1025.75
1576.5 130.5
1579.0 492.5
1581.5 751.5
1587.96 720.21
1590.0 266.5
1603.22 45.5
1601.33 73.67
1606.0 696.0
1615.14 558.07
1622.71 1033.0
1630.5 265.0
1637.5 142.5
1643.24 546.0
1643.17 159.83
1646.5 403.5
1662.5 628.0
1663.5 775.5
1667.5 590.0
1678.29 290.0
1677.5 458.0
1680.88 128.88
1682.67 85.33
1682.5 1060.5
1684.33 484.11
1685.8 3.6
1688.6 877.2
1689.0 458.5
1690.0 423.5
1692.5 210.0
1694.79 740.63
1699.0 729.0
1709.0 849.0
1709.0 2.5
1722.17 64.17
1732.5 345.5
1733.2 365.4
1736.37 683.79
1736.0 542.0
1738.0 961.0
1744.8 957.33
1744.72 629.89
1747.71 1.0
1750.5 826.29
1752.2 242.6
1761.33 668.67
1764.0 40.0
1770.89 273.67
1771.4 933.2
1775.8 355.4
1782.12 399.88
1785.88 704.12
1788.56 168.78
1792.5 750.0
1800.83 786.08
1795.0 692.5
1795.25 772.0
1796.71 98.14
1796.5 262.0
1796.33 455.33
1800.0 519.5
1805.16 629.16
1803.75 966.0
1818.0 1016.5
1820.0 1063.5
1826.5 358.5
1830.0 693.0
1838.0 536.5
1842.35 581.2
1841.35 82.92
1840.33 197.67
1840.5 749.0
1844.0 1.5
1849.0 520.5
1871.43 156.1
1868.67 267.33
1871.41 511.88
1873.12 427.12
1872.5 731.5
1876.67 11.33
1882.0 649.0
1885.17 410.67
1893.67 1035.33
1895.88 602.12
1899.5 679.5
1905.88 698.12
1916.0 751.5
1918.29 18.0
!