0.5 446.0
14.38 26.62
21.5 284.0
22.67 548.67
30.91 1042.64
33.0 1075.5
35.25 725.0
35.0 921.5
36.0 299.5
40.0 902.5
46.5 123.5
48.0 205.0
51.5 684.5
57.08 779.63
55.88 492.12
64.0 477.5
65.4 275.8
73.0 91.25
74.18 1075.82
79.35 875.47
83.67 436.33
86.5 628.0
89.5 889.0
92.5 824.0
102.0 1.5
107.0 323.35
107.88 483.12
114.5 244.0
115.0 431.5
115.88 761.12
115.25 906.0
127.0 879.13
133.45 573.31
131.81 854.07
133.0 769.0
137.5 363.5
143.0 192.0
145.5 966.71
153.29 195.0
156.33 35.33
156.5 294.0
162.8 311.4
163.5 576.5
163.6 976.8
166.71 712.0
166.83 774.17
173.29 1059.0
175.5 592.5
180.25 515.0
190.8 590.4
197.0 167.5
202.5 781.5
206.0 655.0
215.0 367.0
217.0 88.0
223.0 739.83
227.0 217.5
232.18 325.18
232.5 692.0
237.17 307.0
241.0 832.5
245.5 715.0
249.5 412.5
251.0 489.25
258.2 411.4
257.5 474.5
260.0 507.0
266.5 132.5
267.5 913.5
268.67 832.67
281.85 746.36
281.5 711.0
282.75 296.0
284.0 114.5
284.0 552.5
289.17 139.17
291.5 978.0
298.5 781.0
300.5 137.0
299.0 577.5
301.71 195.0
306.0 817.29
312.5 207.0
310.4 396.2
311.0 937.5
312.67 1039.67
315.0 158.29
322.83 354.43
322.22 696.5
324.0 986.29
323.67 995.33
329.5 254.5
331.5 415.0
334.0 1031.2
334.0 562.5
341.0 10.0
340.12 742.88
344.0 942.5
345.0 997.5
352.0 625.0
352.5 16.0
352.67 262.67
356.33 869.33
359.33 22.67
359.5 52.5
362.5 824.0
364.0 66.5
369.67 221.57
367.5 611.0
373.38 73.38
373.29 605.0
377.5 748.0
379.0 16.5
385.0 642.5
386.33 557.67
391.25 5.0
394.81 487.74
404.0 940.0
408.0 215.25
415.32 423.68
411.12 913.12
412.0 798.29
420.12 157.12
422.83 899.0
427.2 375.4
430.5 616.29
430.33 1027.33
433.0 169.5
433.5 439.0
434.0 749.5
436.33 306.33
440.8 216.6
441.33 188.67
445.0 720.0
452.0 710.0
446.5 744.0
451.0 906.5
457.33 898.25
457.5 441.5
460.63 498.79
465.0 20.5
469.5 617.5
470.71 411.0
479.29 627.0
487.67 762.67
489.5 793.0
490.0 352.5
492.0 893.8
499.5 638.5
504.0 832.5
509.0 590.5
511.2 699.6
520.25 844.0
525.97 652.08
525.5 706.0
525.5 1076.0
527.5 924.5
529.82 219.18
529.0 852.5
535.5 55.0
536.5 49.0
536.5 1042.5
540.25 661.0
544.0 639.5
546.5 373.0
551.33 796.44
556.75 604.33
557.71 388.0
559.83 533.83
568.5 446.5
568.6 533.2
570.0 487.29
570.0 442.5
581.85 803.38
582.5 505.0
587.5 855.0
589.67 362.11
589.33 532.11
596.5 938.0
603.67 916.33
608.14 782.29
610.0 303.5
610.0 447.5
614.05 352.9
614.5 875.5
623.76 931.24
632.0 228.0
627.5 614.0
630.88 943.12
631.6 566.2
632.6 576.6
631.0 598.5
631.33 766.33
632.5 73.5
640.23 540.23
637.0 142.0
647.56 984.78
641.5 414.0
643.6 11.8
644.0 621.5
645.4 584.8
647.0 875.25
654.88 363.12
655.5 379.5
656.0 654.75
658.87 125.87
662.89 1039.28
665.78 533.33
666.5 96.0
668.5 112.5
670.0 722.5
670.8 668.6
671.12 968.12
672.25 1030.75
674.0 289.5
675.71 715.0
680.0 471.5
681.33 353.67
681.5 999.0
684.5 910.0
691.88 237.88
692.0 667.29
693.67 691.33
701.8 6.4
707.2 319.6
712.5 859.0
726.33 220.11
731.0 567.0
731.33 13.67
734.0 508.75
735.5 631.5
735.25 434.0
736.33 556.67
738.5 102.5
740.0 176.0
746.5 147.0
747.67 372.67
758.0 847.5
765.0 775.0
768.87 336.27
766.4 11.8
767.5 634.0
769.4 691.8
770.8 1072.6
774.92 975.15
793.2 598.6
799.5 611.0
802.5 744.5
807.0 880.0
815.8 974.4
819.33 164.33
829.62 114.34
833.0 128.0
834.12 394.12
840.36 25.45
846.88 944.12
848.0 132.75
850.27 989.0
850.0 115.5
857.0 396.0
856.5 856.06
852.0 47.29
852.5 929.5
856.5 443.5
858.0 4.75
866.5 61.0
867.5 67.5
874.5 461.0
874.71 87.14
886.92 377.8
885.5 992.5
887.67 253.67
888.6 425.8
890.5 311.5
896.5 367.5
900.0 898.5
907.75 949.25
913.0 710.25
915.5 599.5
917.2 557.6
928.0 639.25
928.67 1024.67
952.2 743.0
957.64 431.09
957.67 267.67
959.6 313.2
964.67 514.33
965.0 970.25
968.33 505.89
967.5 818.5
979.0 654.5
989.83 231.83
990.0 174.5
996.0 624.09
996.4 969.8
1005.8 774.6
1007.62 215.38
1015.5 393.5
1014.0 495.5
1018.67 170.33
1019.6 1006.2
1021.0 999.71
1025.5 792.5
1039.22 772.5
1044.13 975.19
1043.5 440.21
1042.5 480.5
1045.5 509.5
1052.5 556.5
1054.0 539.5
1058.22 923.7
1059.04 177.61
1057.5 795.0
1058.0 885.0
1070.88 313.12
1070.4 870.8
1071.5 256.0
1073.0 1004.0
1073.5 746.5
1087.22 362.78
1088.0 203.0
1091.5 700.0
1098.5 811.71
1098.67 775.33
1104.0 294.0
1104.0 614.5
1110.68 835.86
1108.75 1019.0
1113.67 958.67
1114.71 354.0
1117.5 213.5
1120.0 137.5
1121.2 529.0
1124.5 864.5
1128.5 704.5
1130.5 122.0
1133.42 468.58
1147.5 846.5
1149.0 746.5
1154.0 331.0
1160.0 413.75
1162.0 23.5
1168.5 514.5
1165.8 169.5
1166.0 819.0
1172.0 506.25
1179.63 483.63
1178.0 740.0
1180.0 34.0
1180.8 358.6
1184.0 609.5
1187.5 25.5
1191.0 235.0
1199.5 798.0
1200.25 830.0
1206.0 658.75
1208.2 802.6
1210.22 91.5
1210.0 791.5
1215.5 640.0
1215.91 14.64
1222.36 77.55
1231.0 1029.0
1231.5 615.0
1235.5 37.83
1233.5 550.5
1240.48 242.96
1235.8 639.5
1246.3 168.88
1242.67 795.33
1245.0 496.5
1253.0 885.25
1259.83 25.17
1261.8 147.6
1261.8 970.4
1262.0 1020.5
1262.5 612.0
1262.5 1054.0
1270.44 733.78
1270.71 5.0
1273.62 866.38
1276.8 585.4
1289.5 401.5
1293.5 851.5
1297.55 7.64
1297.6 404.2
1305.33 515.33
1310.0 587.5
1310.75 968.75
1312.67 408.33
1316.29 226.5
1317.2 924.6
1317.83 8.33
1322.75 815.33
1325.5 525.0
1324.4 977.8
1325.0 391.5
1326.33 261.33
1330.0 972.5
1335.0 258.5
1335.88 381.88
1336.5 579.5
1340.5 216.5
1350.5 634.0
1354.17 610.17
1366.5 80.5
1370.5 1004.5
1371.2 61.4
1370.5 721.5
1371.5 224.5
1371.33 1052.33
1373.67 966.33
1373.5 1000.5
1374.5 673.0
1375.8 230.4
1377.5 80.0
1379.71 692.0
1381.0 13.75
1387.38 373.3
1382.5 444.5
1385.0 1000.25
1387.72 555.59
1390.38 177.62
1391.0 314.71
1398.29 778.5
1404.0 911.5
1409.0 342.5
1409.0 766.5
1410.0 81.5
1414.92 762.35
1414.5 715.0
1419.19 630.28
1421.71 637.0
1425.33 282.67
1425.88 668.12
1429.0 824.71
1436.07 549.41
1437.12 769.12
1438.6 50.8
1443.0 857.75
1447.5 624.0
1448.6 225.8
1450.33 286.33
1450.33 1078.67
1454.0 164.0
1467.0 7.5
1472.0 628.0
1473.2 945.4
1474.0 751.5
1475.0 1067.0
1477.2 923.6
1483.5 9.0
1486.0 309.2
1494.5 721.5
1495.0 162.5
1496.5 411.5
1500.25 179.0
1500.5 984.0
1502.5 157.0
1510.5 84.5
1509.33 988.67
1511.2 752.6
1510.5 877.5
1512.5 203.0
1517.0 201.0
1517.5 116.0
1524.64 682.55
1525.0 89.5
1525.89 558.67
1528.0 995.5
1528.0 758.5
1533.5 1056.0
1540.0 649.0
1540.0 828.0
1541.5 203.5
1544.29 491.5
1545.64 1021.91
1553.17 1036.83
1557.09 509.36
1560.0 26.71
1562.7 545.6
1565.71 466.0
1581.24 105.62
1582.0 993.5
1582.5 737.5
1585.4 238.2
1592.5 223.0
1594.0 1064.5
1598.5 191.0
1600.8 1016.4
1602.0 749.0
1605.75 139.67
1604.0 182.5
1608.0 222.0
1611.25 364.0
1614.5 1044.5
1624.29 912.5
1625.18 450.18
1628.12 403.12
1632.0 383.0
1640.12 510.88
1649.5 191.0
1651.0 981.5
1652.0 817.0
1654.0 475.5
1654.67 272.67
1665.5 675.0
1671.0 117.5
1673.5 825.83
1672.6 422.2
1676.5 889.22
1678.5 5.0
1684.13 418.72
1680.0 730.5
1683.6 148.2
1686.71 238.0
1688.21 1061.21
1689.0 830.0
1700.0 202.5
1701.8 698.6
1702.12 997.88
1704.29 390.0
1706.24 788.68
1708.0 696.71
1710.4 690.6
1718.5 880.5
1721.33 498.33
1734.5 209.5
1734.67 984.67
1737.12 411.88
1749.76 273.36
1750.8 4.6
1752.91 400.09
1752.5 460.0
1752.67 1052.67
1760.61 714.96
1762.0 1045.0
1765.0 332.5
1772.0 809.5
1775.0 778.5
1780.62 388.38
1789.33 1041.33
1791.5 76.0
1793.5 235.5
1802.64 251.45
1805.5 1016.5
1807.5 533.0
1814.8 573.0
1820.16 950.41
1822.2 608.6
1827.2 571.0
1827.0 872.5
1836.85 22.6
1836.12 700.88
1839.0 947.5
1842.2 354.6
1845.0 431.0
1849.0 657.5
1852.0 330.5
1855.67 905.17
1865.72 774.11
1865.71 338.0
1874.15 900.16
1873.0 79.5
1875.0 573.0
1876.33 459.67
1880.17 251.17
1883.5 341.5
1887.5 718.71
1896.91 423.09
1896.5 1059.0
1900.0 1061.29
1902.2 848.6
1909.89 807.11
1909.0 281.0
1915.0 224.5
!