9.0 954.5
10.33 285.33
15.71 372.71
22.38 349.62
23.12 75.88
24.0 477.0
26.5 727.5
31.4 926.8
40.5 518.5
43.2 180.4
46.5 276.0
47.67 515.33
51.2 186.4
51.0 658.0
51.0 611.5
53.5 388.0
57.0 433.67
60.0 121.5
71.5 531.5
72.5 64.0
75.0 727.5
76.88 885.88
78.5 744.5
91.33 212.33
94.0 651.0
95.4 41.8
113.65 196.65
111.71 902.0
115.29 710.0
122.5 806.5
122.5 503.0
122.5 731.0
124.0 368.5
131.5 588.5
135.5 385.0
137.5 448.5
145.78 34.33
148.5 914.0
159.0 142.71
160.67 558.33
164.0 146.5
166.2 860.0
166.8 387.6
172.5 536.0
180.57 841.86
182.0 585.0
187.12 830.88
193.65 560.93
193.5 951.5
201.33 8.67
204.67 240.33
206.0 463.5
210.0 581.5
212.5 699.0
219.47 937.13
219.33 316.33
220.33 638.67
227.12 1012.12
227.5 377.5
233.33 1063.83
249.0 369.5
252.5 634.5
256.29 267.5
256.8 158.6
256.8 739.6
260.17 984.83
261.0 868.75
264.5 566.5
274.0 681.71
284.52 42.11
284.25 275.33
291.45 290.57
291.5 208.5
294.67 240.33
297.5 815.5
303.5 572.5
312.91 446.91
313.22 601.67
315.5 322.0
325.0 354.5
326.0 385.71
326.5 1072.5
330.0 872.5
331.5 341.0
350.12 212.12
350.67 929.89
351.8 486.4
353.33 440.67
357.2 17.6
359.4 73.2
370.0 424.5
370.0 611.5
378.67 563.67
382.6 1045.8
387.5 938.0
402.0 723.5
402.29 877.5
408.5 459.0
408.88 700.7
407.2 683.6
411.5 401.0
442.68 763.1
441.5 43.0
449.02 293.68
454.33 213.67
461.33 719.67
469.33 1071.33
472.0 90.5
476.0 128.0
476.4 777.2
479.75 1020.5
489.0 990.0
490.0 829.5
496.33 497.89
495.0 1033.5
506.5 820.0
510.0 226.79
509.5 433.5
509.89 823.67
514.0 542.5
516.0 349.0
515.33 674.33
528.7 245.6
530.5 131.5
538.0 77.0
540.33 159.33
546.0 439.29
549.88 811.88
552.8 303.6
561.0 698.0
560.0 1029.5
561.5 892.5
569.28 864.41
571.33 385.33
580.25 923.0
584.38 386.38
591.81 156.86
591.12 540.88
593.2 760.4
594.0 827.5
599.14 610.19
601.33 252.67
605.11 1062.72
606.71 464.0
610.33 96.33
610.25 388.0
610.0 912.5
612.67 747.25
615.8 905.6
618.0 813.0
625.0 876.5
626.76 198.24
629.5 391.5
636.5 634.29
643.5 938.0
647.5 588.5
649.0 365.0
656.0 179.0
656.0 810.0
655.0 866.0
660.5 419.5
661.0 783.0
667.71 1006.0
669.0 262.5
671.5 633.8
673.5 977.5
675.0 250.25
678.27 994.5
680.46 267.15
680.0 866.0
683.5 494.5
688.67 95.33
688.0 831.5
693.67 24.33
712.85 628.94
714.0 449.5
717.0 406.0
732.5 526.5
735.0 324.0
737.0 886.5
742.0 355.29
743.5 795.0
745.0 668.5
751.79 579.09
753.75 179.0
757.5 50.5
762.0 315.0
765.4 97.2
765.88 316.88
770.5 463.5
776.8 554.6
783.5 4.5
785.0 396.79
784.5 773.0
788.0 496.71
789.5 2.5
789.5 19.0
790.0 571.0
791.5 175.0
797.8 348.6
805.0 220.5
818.0 490.5
815.5 811.0
816.5 241.0
816.71 583.0
822.5 525.0
827.5 941.0
834.5 381.0
835.83 70.83
838.5 294.0
840.33 674.67
840.5 824.0
842.6 648.2
846.8 680.5
863.38 634.62
873.0 678.0
877.5 452.0
882.5 161.5
887.59 336.82
888.29 15.0
888.0 173.0
893.5 872.0
896.4 362.2
897.67 916.33
908.0 517.5
915.0 810.5
917.5 129.5
925.62 811.62
932.5 704.0
935.5 407.5
935.33 599.67
942.0 151.25
941.33 395.33
942.67 209.67
942.5 694.0
953.5 901.5
959.5 634.0
958.25 859.67
958.0 816.5
965.0 336.5
967.0 646.0
977.75 980.0
978.55 1060.36
980.75 932.75
982.2 872.0
982.5 29.5
984.17 248.17
983.67 747.67
983.5 937.5
987.0 265.25
995.5 829.5
997.6 135.8
1005.5 421.5
1009.2 574.2
1010.0 512.5
1015.83 383.83
1019.5 124.0
1022.5 559.83
1023.67 740.33
1024.0 305.5
1029.5 77.73
1034.5 430.0
1057.5 807.0
1062.36 86.45
1071.0 75.83
1071.37 206.21
1069.5 670.0
1077.5 1060.0
1079.5 1056.5
1081.64 442.91
1083.0 1052.0
1095.17 127.17
1096.2 871.5
1102.0 946.5
1114.89 805.61
1109.12 253.12
1109.5 894.5
1110.0 90.5
1130.0 1011.71
1130.71 946.0
1133.64 671.91
1133.6 23.2
1155.25 3.0
1172.0 120.05
1174.0 55.5
1185.71 33.0
1193.0 992.5
1198.0 612.0
1200.33 742.67
1200.0 1017.5
1203.0 455.0
1205.33 449.67
1206.5 304.0
1208.5 1035.0
1212.0 361.29
1212.0 585.0
1214.0 901.5
1215.0 361.5
1221.62 117.62
1220.0 288.5
1227.85 815.0
1227.0 525.5
1230.5 914.0
1236.8 824.6
1242.5 437.5
1246.5 154.0
1247.88 747.88
1251.5 646.5
1254.0 955.5
1261.91 871.09
1261.8 404.5
1266.5 178.5
1267.5 524.0
1270.0 832.5
1270.45 382.64
1275.0 712.0
1277.5 89.0
1290.0 715.0
1294.0 222.5
1299.0 771.5
1304.33 664.33
1319.0 376.5
1319.0 1037.5
1320.25 304.0
1326.0 667.5
1329.8 292.0
1329.0 981.5
1337.0 284.0
1348.2 297.5
1350.8 175.4
1350.0 414.5
1357.6 437.2
1367.5 672.5
1373.0 330.17
1380.33 119.67
1380.5 354.0
1383.5 904.0
1387.6 973.2
1393.5 1059.0
1406.88 386.12
1417.78 569.5
1430.8 146.4
1435.11 318.5
1439.0 572.5
1442.11 570.33
1443.5 175.0
1446.8 897.6
1450.0 777.5
1459.88 491.88
1463.86 996.43
1466.0 329.0
1469.5 682.5
1470.33 949.67
1472.5 802.0
1476.33 282.67
1476.5 715.5
1476.33 817.67
1480.8 942.6
1494.6 30.8
1505.5 976.0
1508.5 220.5
1519.0 209.5
1520.0 554.0
1520.0 773.5
1522.5 802.5
1531.5 550.5
1533.5 793.5
1542.82 947.23
1539.5 179.0
1545.71 699.0
1550.0 611.5
1553.0 658.5
1561.0 260.0
1570.71 401.0
1572.5 794.0
1587.5 207.5
1595.33 931.33
1606.0 798.5
1605.33 858.67
1619.5 435.0
1622.0 129.71
1622.5 685.5
1625.0 907.5
1636.0 643.0
1639.0 502.5
1639.0 661.0
1641.5 964.5
1643.5 593.0
1645.71 559.0
1648.55 524.36
1649.0 535.5
1652.12 377.12
1654.0 1008.29
1654.83 601.17
1657.0 774.25
1660.0 742.0
1664.5 942.5
1665.5 444.0
1665.0 937.5
1667.71 548.0
1674.33 675.33
1678.5 550.5
1677.5 599.0
1680.5 472.0
1680.33 1025.33
1684.17 529.17
1689.0 543.5
1694.0 283.29
1709.5 68.0
1716.5 930.0
1724.5 584.0
1727.67 497.67
1732.67 342.67
1733.5 532.0
1740.33 993.67
1743.5 734.5
1746.0 60.0
1757.5 964.0
1759.5 283.5
1769.0 321.5
1772.0 35.0
1772.0 655.71
1789.0 795.71
1800.4 139.8
1807.0 281.29
1807.67 620.33
1826.5 7.5
1830.8 337.6
1833.67 903.67
1857.36 140.45
1881.33 1009.33
1882.5 493.0
1893.5 928.8
1898.5 416.0
1901.8 742.6
1907.93 618.36
1908.12 38.12
1917.5 175.0
!