4.0 1012.5
7.0 401.5
8.62 1075.62
11.12 245.88
26.5 92.5
27.71 783.0
29.2 895.5
33.5 417.29
32.5 503.0
33.5 10.0
36.88 798.88
43.5 194.0
43.12 563.12
48.0 801.5
60.5 748.0
63.12 651.88
67.5 295.0
70.33 308.67
74.12 453.12
77.5 7.0
78.67 332.67
78.4 846.8
82.5 307.5
84.67 861.67
84.33 981.33
90.0 559.5
94.5 48.5
96.29 372.5
100.0 302.39
103.12 76.88
111.29 1014.5
114.2 1009.6
115.5 129.0
122.5 386.5
127.67 918.33
131.8 757.6
133.17 728.17
134.5 402.0
135.0 87.5
137.0 66.5
141.8 514.5
145.71 352.0
148.0 86.71
149.0 328.5
155.8 257.6
156.5 925.5
158.5 11.5
161.6 776.4
161.0 1059.5
168.32 823.32
168.75 835.0
171.0 979.0
174.5 321.0
174.88 992.12
176.5 764.0
191.8 935.4
194.83 573.17
196.0 847.0
195.33 1075.33
201.88 226.12
201.25 680.0
214.83 101.17
226.15 30.94
228.68 495.41
233.0 1001.0
235.17 474.17
237.6 330.8
244.0 861.5
248.85 891.44
247.0 465.5
248.67 1014.67
250.0 772.5
251.5 847.5
257.5 514.5
255.33 757.67
262.86 1.67
264.88 38.12
266.5 31.5
267.5 221.0
275.4 312.2
280.29 904.71
281.0 271.38
280.5 314.0
281.33 842.67
284.5 418.0
285.5 515.5
285.4 212.2
285.33 685.33
291.0 1052.25
292.5 1076.5
304.0 978.75
308.0 30.5
317.5 884.0
316.5 452.5
316.5 768.0
318.12 872.88
319.12 749.12
318.5 919.0
323.0 352.5
328.5 607.5
330.5 270.0
330.0 514.5
334.0 932.5
337.0 920.0
339.5 887.5
343.21 485.63
343.25 394.75
342.5 508.5
343.0 921.0
349.11 1007.96
345.5 239.0
351.0 322.0
354.0 613.75
359.5 904.0
360.88 859.12
365.5 534.0
365.5 1014.0
369.5 568.5
373.67 539.67
378.15 586.46
385.4 906.8
389.5 555.5
395.8 377.6
395.5 830.0
398.2 210.4
399.71 151.0
403.78 1017.31
401.5 968.5
414.0 938.5
418.41 564.72
423.29 629.0
422.67 869.67
429.33 877.67
430.0 392.5
431.5 928.0
438.25 720.25
444.0 415.71
443.6 719.8
444.33 623.67
445.0 714.5
450.33 221.33
451.5 280.0
457.0 363.5
458.12 802.88
458.5 937.5
462.56 711.38
463.67 177.67
464.5 10.0
465.8 809.6
476.0 786.5
482.5 81.5
486.46 577.15
489.0 239.5
493.81 435.43
494.4 967.32
493.0 288.0
493.0 649.0
497.0 850.0
502.29 196.0
507.5 1072.5
515.33 808.67
516.5 737.0
520.0 437.0
521.5 311.0
534.0 1035.5
535.5 771.5
543.5 1068.5
547.67 801.33
551.5 1000.29
552.6 288.2
552.5 841.5
553.0 849.5
557.5 293.0
559.0 272.5
561.41 856.72
560.17 872.17
559.0 1038.0
565.5 29.0
571.5 141.5
571.82 161.18
578.0 918.0
583.5 307.27
582.5 475.5
586.33 558.33
587.5 763.0
589.0 320.5
603.55 554.36
605.5 334.71
607.29 1028.5
611.29 297.0
613.0 263.2
615.36 450.21
623.68 1074.16
621.0 476.25
621.33 929.67
625.75 1053.67
628.09 590.0
627.0 927.5
629.0 892.0
632.5 214.0
635.0 834.5
637.0 349.0
636.8 458.6
642.0 915.5
648.5 105.0
649.67 728.67
653.67 222.67
657.5 1031.5
658.0 1067.0
658.5 334.0
661.5 505.0
663.0 614.5
666.0 1014.0
669.0 85.5
670.0 938.5
682.5 276.0
685.28 301.41
696.5 701.5
704.0 303.75
704.5 880.0
710.43 258.17
707.5 985.0
711.5 30.0
713.12 1005.31
712.5 525.0
721.33 217.67
726.91 860.64
729.78 657.5
730.5 412.5
735.5 316.0
736.33 53.67
746.62 548.38
746.5 612.5
752.98 714.95
759.64 71.81
761.5 141.5
765.8 619.4
770.33 493.67
780.25 300.0
786.5 387.0
793.36 910.45
795.0 355.0
807.6 267.4
809.0 478.5
809.0 187.5
809.5 647.0
812.0 400.0
820.2 914.5
819.57 1047.09
819.5 0.0
822.5 158.5
827.5 851.5
830.0 416.5
838.8 1006.4
844.0 933.0
844.16 654.16
846.72 842.89
853.0 112.0
864.33 915.89
865.0 372.0
865.33 334.33
865.5 504.0
866.5 312.0
875.96 29.29
875.0 693.0
879.5 969.5
888.0 118.5
895.0 996.5
902.55 718.72
905.0 600.71
914.5 761.5
914.67 1057.67
920.0 399.5
924.0 121.5
924.0 138.5
924.0 966.5
926.0 852.5
928.5 68.2
927.83 382.17
929.33 345.67
934.0 827.5
937.71 48.29
941.88 36.88
953.36 457.55
959.0 932.22
972.67 146.56
974.0 610.5
976.33 888.67
990.0 501.71
993.6 128.4
992.5 399.0
994.75 826.0
1008.0 334.0
1014.83 195.83
1014.0 422.5
1016.29 606.5
1017.5 718.0
1019.0 56.0
1022.67 700.33
1029.29 242.0
1032.5 315.0
1036.5 1014.0
1040.71 165.0
1042.0 339.0
1057.0 815.5
1056.5 920.0
1059.5 765.5
1063.75 335.0
1064.0 826.5
1069.0 76.5
1070.25 265.75
1083.77 1008.18
1086.9 602.38
1083.5 511.0
1086.0 45.5
1093.67 415.33
1108.5 852.29
1108.67 969.67
1118.91 967.73
1116.0 97.0
1117.1 740.95
1116.0 937.0
1116.4 235.8
1125.5 317.0
1126.0 693.75
1138.37 783.79
1138.6 347.2
1140.25 553.42
1140.88 535.88
1140.4 1045.8
1142.0 899.2
1145.0 296.5
1149.0 308.5
1149.0 971.5
1152.87 820.53
1152.5 99.0
1157.0 37.2
1162.89 950.08
1164.5 202.5
1164.83 1075.67
1167.5 917.29
1171.5 410.0
1174.0 1021.8
1175.91 339.36
1185.0 703.0
1195.5 470.5
1196.5 949.0
1202.5 703.5
1206.29 1007.5
1206.0 1019.0
1209.0 555.0
1210.5 1043.0
1218.55 448.36
1216.17 634.83
1219.09 810.09
1227.5 247.5
1228.33 559.83
1228.11 594.33
1230.8 971.4
1231.5 785.0
1231.33 909.33
1244.49 841.65
1244.5 443.5
1245.5 908.5
1250.4 656.8
1254.52 820.23
1251.33 216.33
1252.0 284.0
1255.0 165.33
1254.0 1039.5
1255.5 935.0
1256.67 962.11
1260.0 134.0
1270.08 626.08
1271.5 176.0
1278.1 887.41
1280.0 970.0
1282.5 249.0
1283.92 1044.2
1283.6 939.8
1286.88 746.12
1292.8 558.6
1295.33 850.33
1297.0 974.75
1299.0 262.0
1300.0 1000.5
1301.88 694.88
1303.67 951.33
1309.17 934.83
1309.25 953.67
1310.17 921.83
1310.0 707.5
1312.5 814.0
1319.17 26.17
1320.0 833.0
1322.75 752.75
1322.38 964.62
1339.0 693.5
1343.0 55.0
1351.88 437.88
1357.63 261.37
1360.92 445.8
1360.0 314.71
1364.5 455.0
1372.0 40.0
1377.42 1067.45
1377.5 32.5
1378.6 731.8
1383.25 1.38
1383.53 193.65
1382.5 408.5
1383.5 826.5
1384.0 924.5
1384.0 717.5
1390.5 1029.17
1389.5 238.5
1396.23 215.77
1393.0 984.5
1396.5 307.5
1398.75 910.0
1401.2 818.6
1401.5 859.5
1403.12 1028.12
1410.0 62.29
1419.0 573.0
1420.0 81.5
1428.28 714.41
1435.4 830.8
1439.25 764.0
1439.0 842.5
1442.0 130.29
1443.0 583.5
1443.38 604.38
1444.0 856.5
1445.5 100.0
1452.0 117.5
1452.5 759.5
1459.8 396.4
1466.0 763.0
1487.0 325.5
1499.5 662.5
1501.0 614.0
1504.0 801.5
1509.5 739.0
1514.5 394.0
1518.2 905.4
1520.25 998.0
1525.0 508.75
1525.0 67.5
1531.88 353.12
1539.0 1004.25
1544.24 594.67
1541.5 795.0
1542.88 328.12
1543.33 841.33
1546.5 381.5
1549.13 845.47
1562.5 362.5
1568.5 252.5
1577.0 984.0
1575.0 903.5
1577.0 1053.5
1590.71 764.0
1597.5 1046.5
1605.5 49.0
1614.5 239.0
1627.67 895.33
1633.12 976.88
1642.1 323.05
1640.88 580.88
1641.5 1062.29
1646.8 377.6
1647.2 441.4
1647.67 645.33
1659.0 496.5
1659.6 652.8
1660.25 1032.0
1662.5 971.5
1664.0 1018.29
1664.67 262.67
1668.0 1007.5
1670.25 481.38
1672.83 379.17
1672.75 666.0
1676.5 1004.0
1682.54 769.29
1682.5 16.5
1685.5 947.5
1686.33 901.33
1693.75 996.0
1697.17 723.83
1710.5 433.2
1725.0 398.5
1744.29 330.71
1748.0 360.25
1747.5 413.5
1754.39 518.82
1773.75 85.0
1776.0 32.0
1775.2 174.0
1776.0 686.5
1779.0 36.5
1799.29 1011.0
1827.2 1043.6
1840.88 557.12
1843.67 260.67
1846.33 361.33
1852.62 439.38
1855.5 1071.0
1861.0 681.5
1864.33 863.67
1882.29 727.5
1885.0 175.5
1886.0 234.5
1886.2 853.6
1887.5 171.5
1889.0 352.5
1891.3 166.3
1908.0 443.71
1910.5 375.0
1915.71 46.0
!