5.0 807.5
8.0 695.29
8.5 746.0
15.5 121.5
20.15 263.13
32.54 608.46
31.83 821.0
33.19 627.38
39.5 597.5
45.0 112.5
48.6 928.2
50.5 260.0
53.2 1033.6
61.53 462.87
62.89 19.67
63.5 64.5
66.0 123.75
65.0 331.5
66.5 21.5
72.0 247.2
74.41 389.76
75.29 893.0
75.5 985.0
83.5 1011.5
84.5 471.5
92.5 696.5
97.67 457.67
98.67 410.33
107.5 962.5
110.5 171.0
112.0 470.29
111.5 534.0
117.5 709.0
127.5 1071.0
132.2 791.4
132.0 957.75
132.5 159.5
132.5 934.0
134.38 834.38
136.4 235.8
140.5 1076.5
143.82 466.18
149.0 1017.5
153.5 419.0
155.0 189.0
155.4 510.8
156.5 114.0
156.5 436.0
158.0 170.25
158.38 500.62
159.5 621.0
178.19 266.07
182.5 55.0
183.12 270.88
183.75 995.75
185.5 391.5
191.5 311.5
196.0 810.0
202.5 1064.0
207.67 779.33
209.5 1058.0
212.67 537.33
212.5 1009.0
214.5 640.5
217.5 67.5
218.0 462.0
218.0 32.5
219.5 711.0
222.75 164.0
222.5 386.5
228.5 384.79
231.0 850.71
231.0 935.0
234.22 430.09
239.5 544.0
244.42 1069.98
244.8 390.4
245.33 597.25
245.4 771.8
247.75 252.0
256.55 534.97
253.29 990.0
260.0 982.0
267.12 381.88
267.5 61.0
272.0 14.5
274.35 164.88
272.0 976.29
284.11 594.33
284.83 958.83
289.0 120.5
301.33 279.67
301.5 519.5
302.0 1009.0
302.5 667.5
323.33 394.33
326.64 403.09
332.5 405.0
333.75 455.0
336.0 65.25
340.8 358.0
343.5 9.79
342.71 482.0
347.72 339.59
346.8 1026.4
349.0 376.5
350.5 719.0
356.5 804.0
362.2 30.4
361.5 1040.0
365.5 475.5
367.5 890.0
375.0 160.5
375.33 223.67
378.71 512.5
375.0 627.5
383.29 520.0
388.2 84.4
392.0 256.5
391.5 948.0
393.0 620.25
394.95 396.1
395.0 795.5
395.0 81.5
396.8 805.4
400.28 322.11
401.0 1073.5
407.0 1054.5
409.33 540.33
414.67 918.67
415.8 220.4
416.12 669.12
416.33 336.33
418.7 570.22
419.5 167.0
420.67 46.33
425.0 919.5
431.5 235.0
431.5 894.0
434.6 920.17
435.0 501.5
436.0 925.71
437.5 326.5
438.2 834.6
443.0 176.5
444.37 977.63
446.2 626.0
449.0 709.29
454.5 501.79
455.0 932.0
457.5 580.0
461.0 229.5
468.67 984.67
471.5 232.0
474.88 0.88
474.0 487.5
484.0 707.5
486.0 103.75
486.5 949.5
493.5 730.0
498.75 59.0
501.8 322.6
503.2 1028.6
504.75 1038.0
506.0 158.75
506.81 233.86
508.5 184.5
519.0 1040.5
522.67 189.33
528.0 749.0
530.5 127.5
534.0 97.71
533.0 124.5
532.67 253.33
533.67 267.67
540.0 648.5
543.0 514.71
544.82 167.82
548.6 331.8
551.5 908.2
557.0 628.5
558.2 778.6
559.71 868.0
560.5 400.0
564.0 488.0
566.83 400.17
583.0 785.25
584.0 392.5
584.4 926.8
594.75 862.0
597.5 756.5
603.6 38.2
605.0 877.5
607.0 506.5
608.0 27.29
608.67 814.67
610.0 308.5
620.5 1075.5
627.67 1047.33
632.67 914.11
635.0 797.5
636.5 906.0
643.75 218.0
644.5 1019.0
649.5 895.5
654.5 705.0
655.5 93.5
657.67 250.75
662.5 617.29
666.5 277.5
669.5 1051.0
673.2 977.6
675.4 225.8
687.0 705.0
697.0 634.0
698.62 747.38
700.0 104.0
703.2 542.6
703.5 875.0
706.5 86.5
708.0 1069.29
710.4 212.4
711.0 920.25
711.5 555.0
719.4 62.2
719.33 535.33
721.59 841.12
726.8 254.0
730.17 421.17
729.5 1032.0
730.33 169.67
732.5 604.5
734.33 515.33
738.75 293.67
737.8 617.6
742.63 547.3
744.5 7.0
749.83 224.17
754.04 607.4
757.29 761.0
758.67 450.33
759.5 976.0
763.0 184.0
762.67 778.67
763.0 6.5
765.5 545.0
770.88 440.88
772.0 169.29
771.33 593.67
775.25 851.0
781.0 392.0
783.5 646.0
785.37 442.21
785.0 19.5
791.0 768.0
792.18 147.18
794.71 207.0
796.33 854.33
799.5 806.17
801.33 108.67
804.0 30.5
804.0 72.0
809.0 48.0
810.0 303.5
810.5 621.0
811.5 407.5
812.0 970.0
813.0 430.25
819.97 240.45
819.5 837.5
823.12 678.12
827.12 519.12
828.5 225.5
831.62 601.25
832.5 437.0
833.4 627.04
835.72 41.11
836.5 164.0
836.5 849.0
843.5 314.0
845.12 946.12
849.0 648.0
853.29 428.0
860.0 968.75
860.71 614.0
863.75 396.0
868.62 245.62
868.09 707.36
868.0 905.0
871.83 896.17
873.7 705.3
873.67 103.67
875.29 754.0
876.33 165.33
882.75 643.0
885.1 925.95
889.5 395.5
891.5 688.78
890.71 696.0
896.33 1065.33
900.33 1053.67
906.5 289.0
910.33 457.67
915.0 611.5
917.5 60.0
920.33 866.44
921.33 594.67
931.5 275.5
932.5 550.5
935.5 539.0
940.25 732.0
942.31 1054.77
942.5 478.5
943.75 688.0
946.5 504.0
950.0 1053.75
963.5 37.5
963.67 555.33
966.0 450.25
972.0 193.75
972.0 862.0
975.5 630.0
977.5 695.5
978.0 825.29
981.5 687.5
984.0 802.0
985.0 889.0
986.0 198.5
986.33 862.67
988.67 193.67
992.17 106.0
991.5 854.5
999.0 1001.5
999.0 1050.5
1004.0 754.5
1014.25 821.25
1016.0 805.0
1016.5 12.5
1017.71 68.0
1019.76 887.24
1018.5 527.5
1027.5 710.5
1031.62 886.85
1038.5 193.0
1041.5 619.0
1043.12 240.88
1043.5 482.5
1045.5 12.29
1051.5 1035.71
1053.71 313.5
1055.5 631.0
1056.33 591.33
1056.33 1049.67
1065.08 405.3
1065.0 534.0
1066.85 840.46
1065.0 1045.5
1070.82 327.82
1070.0 768.75
1072.5 846.0
1077.0 716.5
1079.0 579.75
1082.09 46.09
1086.5 174.5
1092.5 237.5
1096.5 180.0
1100.33 955.33
1102.5 1055.0
1103.6 585.2
1105.8 593.6
1112.0 82.5
1116.4 815.8
1122.0 191.0
1127.0 957.0
1125.0 992.0
1129.33 144.89
1129.0 591.5
1131.5 1026.8
1134.67 956.33
1135.0 103.0
1136.0 916.0
1139.0 719.71
1141.5 447.0
1146.5 274.0
1149.17 1008.83
1150.0 147.5
1156.5 690.0
1160.12 444.12
1168.88 574.12
1171.5 809.0
1173.5 960.0
1180.8 7.6
1182.2 683.6
1186.5 46.0
1186.5 1025.0
1188.5 179.71
1188.5 69.5
1188.67 854.33
1194.0 567.29
1198.0 564.29
1201.88 94.12
1203.0 15.71
1217.5 499.5
1221.33 76.33
1225.8 958.6
1232.0 128.5
1231.0 938.5
1232.5 520.0
1234.25 411.0
1239.8 842.0
1245.13 913.53
1248.71 682.0
1250.0 451.0
1251.71 1046.0
1258.67 394.33
1265.5 326.5
1265.0 407.5
1265.33 540.33
1265.0 649.5
1266.0 459.5
1268.5 183.5
1272.5 86.0
1271.5 1019.0
1278.32 24.68
1277.5 615.0
1279.88 978.12
1282.67 430.33
1291.5 205.0
1293.76 870.0
1293.0 752.5
1293.75 938.0
1301.17 235.88
1301.0 379.0
1299.5 975.0
1303.69 1065.12
1311.78 754.5
1312.0 180.71
1314.48 638.11
1313.83 494.83
1321.0 827.0
1324.5 534.0
1326.91 122.09
1326.33 273.67
1326.5 988.0
1327.67 468.67
1331.0 377.0
1331.0 397.0
1341.0 914.5
1346.33 676.33
1348.7 979.7
1353.0 823.5
1355.0 432.0
1358.0 819.0
1360.0 874.5
1360.4 738.2
1371.0 1030.0
1372.5 1016.8
1373.6 244.2
1377.6 420.8
1379.25 586.0
1379.0 1000.5
1381.5 245.0
1381.33 697.67
1382.5 576.5
1388.26 276.49
1388.5 749.0
1392.5 539.5
1392.5 1067.5
1396.5 498.5
1398.5 170.0
1399.0 894.0
1406.12 411.88
1408.0 786.5
1410.0 180.5
1411.5 761.5
1415.0 181.71
1415.0 663.75
1418.5 265.5
1419.5 755.5
1430.0 354.5
1430.5 795.0
1432.8 225.4
1433.2 782.6
1448.12 400.88
1450.33 244.33
1456.12 1016.88
1459.0 641.5
1463.0 843.5
1464.33 100.33
1470.8 798.6
1472.59 1033.12
1476.12 487.88
1477.5 932.0
1480.88 1021.41
1486.33 452.41
1481.5 1030.0
1489.33 125.33
1489.71 191.0
1489.0 637.5
1493.5 545.0
1497.5 555.0
1496.33 647.67
1498.5 626.0
1507.92 103.16
1506.33 560.33
1507.5 616.5
1509.33 695.33
1511.0 952.5
1510.5 273.0
1516.17 403.17
1517.21 575.0
1519.62 281.62
1524.0 270.5
1528.67 808.33
1528.67 903.67
1528.6 1064.8
1533.5 85.0
1537.0 551.8
1543.83 111.17
1545.0 902.5
1547.5 372.0
1550.25 225.0
1553.6 148.2
1554.0 811.5
1555.71 708.0
1557.0 679.29
1557.5 839.0
1563.76 741.0
1562.5 344.5
1565.3 594.7
1565.5 414.0
1570.0 574.5
1580.79 818.63
1580.0 995.5
1583.91 898.09
1584.0 650.5
1589.6 1060.8
1595.0 271.5
1593.67 1040.33
1598.04 1011.39
1605.16 455.84
1600.5 596.5
1602.04 1022.61
1603.5 837.5
1604.5 691.5
1605.0 988.5
1607.0 588.75
1608.6 876.8
1612.88 295.88
1612.5 904.0
1614.0 585.0
1614.5 246.5
1615.0 656.5
1618.38 726.62
1619.0 198.0
1623.0 630.0
1627.0 308.29
1629.5 747.5
1636.88 41.88
1637.5 838.0
1640.14 641.19
1640.0 573.29
1643.6 517.96
1647.17 552.0
1644.5 575.8
1645.5 897.0
1646.5 1006.5
1649.62 460.71
1652.0 941.5
1653.71 990.33
1651.5 1009.5
1654.5 874.0
1657.0 852.0
1665.25 908.95
1660.25 978.0
1662.0 26.5
1662.5 728.0
1665.16 752.08
1666.5 213.0
1669.5 943.2
1670.5 614.5
1676.12 6.12
1682.5 536.0
1689.74 473.41
1689.5 233.0
1694.62 459.62
1696.5 201.0
1698.12 740.88
1702.0 694.85
1700.0 773.0
1702.17 1048.17
1705.0 4.71
1705.8 124.6
1706.5 435.5
1709.0 749.0
1710.5 644.5
1711.33 141.33
1713.5 294.0
1713.67 802.67
1720.0 95.71
1722.7 716.3
1724.17 709.83
1725.5 124.0
1728.0 298.29
1729.5 850.0
1731.38 67.62
1732.0 238.5
1733.5 852.5
1734.64 982.09
1738.0 172.0
1740.88 690.88
1746.71 753.0
1748.67 1018.67
1750.0 271.5
1751.33 119.67
1753.83 410.83
1754.5 45.5
1758.27 554.73
1766.5 50.0
1770.72 966.01
1769.5 855.0
1769.0 177.0
1770.0 206.2
1775.0 331.5
1777.67 374.25
1780.5 368.0
1781.5 1073.71
1785.5 749.5
1786.8 1064.4
1789.29 67.5
1789.0 893.5
1795.0 330.5
1799.0 535.0
1804.0 925.5
1813.6 342.2
1814.0 422.5
1815.5 384.0
1816.5 591.5
1821.24 1061.76
1823.0 971.5
1824.45 351.64
1829.0 918.0
1829.82 267.82
1832.31 772.22
1830.25 222.0
1831.5 794.0
1837.82 341.18
1837.5 549.0
1838.5 654.0
1839.0 894.0
1840.0 661.5
1846.4 918.2
1847.67 715.33
1849.5 902.5
1848.67 937.67
1856.0 919.29
1857.5 627.5
1861.2 258.6
1864.45 482.36
1863.67 662.67
1865.0 114.5
1865.33 128.67
1866.33 720.33
1873.33 244.58
1873.5 1071.5
1874.0 803.5
1876.5 24.0
1877.5 1045.0
1880.58 211.08
1880.4 397.2
1887.2 30.4
1887.71 152.0
1889.0 180.5
1890.8 1062.6
1895.79 819.79
1896.5 571.0
1896.2 808.6
1896.5 709.0
1905.96 149.6
1904.5 812.0
1905.25 664.0
1909.79 51.37
1908.67 459.67
1909.0 193.5
1910.0 577.5
1916.8 368.0
!