21.5 959.0
31.5 873.5
52.67 856.67
54.5 364.5
58.83 186.67
58.5 1056.5
60.17 128.17
60.5 829.0
66.5 465.0
71.33 882.67
73.2 892.6
75.5 935.8
77.0 876.5
76.5 905.0
79.33 25.33
86.5 863.0
101.0 359.5
100.5 1054.0
100.8 1067.6
105.5 89.5
107.75 26.0
130.0 435.5
129.4 255.8
129.0 325.5
141.0 591.5
158.0 1075.0
160.5 521.71
163.29 1072.5
171.4 832.2
180.33 686.33
186.0 932.0
187.0 269.2
188.5 496.5
194.0 643.0
197.0 889.5
215.0 277.5
228.75 329.0
240.4 865.8
248.5 1030.0
265.28 846.19
280.33 220.33
285.0 805.5
287.0 856.25
291.4 803.2
300.5 543.5
301.5 659.5
311.5 466.5
312.5 651.5
322.97 1038.95
320.0 616.5
325.5 215.5
328.59 301.28
334.0 397.5
344.5 67.5
347.5 6.0
350.88 934.12
353.0 412.71
354.0 811.5
357.0 490.0
362.12 953.12
371.8 591.4
380.38 979.38
384.0 181.5
386.67 387.67
387.71 947.5
390.0 243.5
396.75 504.66
393.5 535.5
394.0 810.5
399.0 599.29
400.0 872.5
400.5 1011.5
404.33 7.67
407.0 174.5
408.0 94.5
418.67 55.33
421.5 849.0
424.67 630.33
445.0 81.5
447.0 638.0
450.0 1078.0
458.0 388.0
460.0 731.33
462.8 667.6
470.8 593.6
471.0 666.25
471.5 454.0
480.0 62.09
477.5 487.0
479.8 1056.0
498.6 889.2
500.25 1058.0
503.12 723.12
506.29 993.29
505.0 351.5
516.59 210.74
519.0 671.5
538.5 458.0
544.12 1006.88
556.5 965.0
557.5 89.0
562.6 125.8
579.71 75.0
580.5 142.5
581.5 1075.5
588.0 301.0
601.0 237.5
603.5 795.0
604.5 518.5
606.88 423.88
613.0 917.5
614.0 644.5
623.8 1038.0
624.0 806.0
633.67 449.33
639.0 512.0
645.0 531.0
647.5 780.5
651.0 574.2
653.5 708.86
661.12 579.12
671.5 713.0
673.14 1025.71
686.0 206.5
687.5 1021.0
690.12 281.59
691.71 1043.0
697.17 521.83
702.67 731.33
704.0 882.0
710.8 681.4
713.5 1000.5
715.0 925.5
724.82 593.63
722.5 929.5
732.5 654.0
752.5 704.0
755.82 685.32
755.62 101.62
765.5 724.0
769.0 991.5
776.88 142.12
781.5 197.5
785.33 459.67
790.0 1034.5
792.2 628.6
804.0 107.0
811.0 1055.71
811.4 581.8
825.78 232.91
823.67 738.67
826.5 364.5
837.5 110.5
839.12 890.88
847.5 142.71
849.83 110.17
849.5 756.5
861.0 602.0
870.0 1014.29
882.0 112.5
881.5 862.5
885.5 507.5
889.29 904.0
890.33 280.25
891.33 1063.67
893.29 445.0
901.5 208.0
916.0 849.5
916.0 835.25
918.0 801.25
917.5 1014.0
921.0 320.29
920.0 1011.5
932.0 211.5
936.0 1054.0
946.71 588.5
946.5 927.5
947.83 464.17
950.5 66.5
950.33 238.67
953.6 608.2
954.8 929.6
963.5 152.0
971.0 535.5
981.5 227.5
984.0 332.0
988.5 12.5
996.5 114.0
997.67 266.33
1003.0 682.8
1007.5 859.0
1012.0 1054.0
1013.5 779.5
1024.5 924.0
1027.14 765.29
1029.67 228.67
1037.2 1047.0
1039.0 127.5
1043.5 472.5
1052.29 311.0
1055.5 601.0
1055.0 950.5
1059.0 151.0
1059.71 198.0
1081.5 635.5
1082.5 519.0
1084.0 893.5
1090.0 305.25
1101.15 564.0
1112.5 584.5
1114.0 66.5
1114.0 870.5
1131.5 1002.5
1143.0 773.29
1149.2 578.6
1157.0 514.71
1161.5 706.5
1162.5 494.0
1169.5 835.0
1171.33 817.67
1174.29 1048.0
1178.25 844.67
1178.5 977.5
1181.8 136.4
1186.5 520.0
1191.59 91.12
1199.5 280.5
1200.4 1060.6
1202.2 319.6
1204.11 581.28
1209.0 1026.5
1216.0 400.5
1218.67 809.33
1228.0 101.5
1252.5 421.5
1269.67 5.33
1279.5 503.08
1278.0 950.25
1281.5 512.0
1282.5 430.0
1285.0 183.5
1287.67 593.67
1294.5 904.0
1303.12 518.12
1309.5 40.5
1305.33 279.11
1311.18 79.18
1325.17 764.17
1338.29 634.0
1347.88 118.12
1358.67 31.33
1360.5 1061.5
1362.29 557.5
1362.2 805.4
1367.4 1059.6
1369.0 430.25
1376.5 894.0
1382.0 733.5
1385.0 966.5
1387.0 728.0
1393.0 973.0
1400.0 763.5
1410.33 242.67
1414.4 553.2
1416.5 45.0
1424.0 1052.0
1426.5 792.5
1429.5 686.5
1430.33 0.33
1433.29 1037.0
1439.0 301.21
1438.67 1014.11
1441.85 83.62
1447.0 841.29
1451.88 188.12
1451.88 713.88
1457.5 395.0
1459.8 145.4
1464.83 787.83
1477.11 304.67
1485.72 451.45
1488.12 56.12
1487.5 88.0
1488.7 336.6
1490.0 401.5
1496.33 882.67
1503.0 384.0
1504.0 119.5
1506.0 594.5
1515.71 520.0
1518.0 472.71
1521.0 571.5
1523.12 797.12
1529.0 675.5
1537.5 459.0
1542.83 412.17
1547.5 650.0
1567.29 952.0
1569.0 241.21
1570.0 845.71
1572.0 464.0
1577.0 460.0
1590.75 967.75
1591.5 851.5
1591.59 1014.12
1610.33 71.33
1611.5 660.0
1615.0 187.29
1627.5 302.5
1628.12 900.88
1634.0 142.5
1651.5 965.0
1654.5 837.5
1658.5 47.5
1659.0 1064.25
1665.0 443.0
1670.17 172.5
1667.5 764.5
1669.0 1072.0
1671.18 575.18
1671.8 52.6
1679.0 1048.5
1684.0 995.71
1684.71 627.0
1685.33 368.67
1690.33 1072.67
1695.5 1055.0
1695.71 1065.0
1699.6 338.2
1704.7 449.7
1706.5 176.8
1705.0 341.5
1706.0 559.0
1715.79 164.86
1721.5 859.0
1725.33 808.67
1730.5 229.8
1730.0 87.5
1730.33 791.33
1739.33 31.33
1744.0 471.5
1754.0 233.0
1759.67 1014.67
1763.25 182.67
1764.0 733.0
1772.5 572.5
1774.0 681.5
1793.5 1077.5
1804.85 838.37
1802.5 394.5
1807.0 393.5
1807.0 978.0
1813.5 391.0
1817.5 1053.5
1821.5 265.0
1825.0 654.0
1826.5 1079.0
1828.11 731.67
1828.5 33.0
1828.75 146.0
1829.25 761.0
1847.5 615.5
1849.0 596.71
1851.5 830.5
1865.38 824.62
1868.75 487.0
1878.12 726.12
1880.5 974.0
1882.09 112.91
1885.0 903.0
1887.5 878.5
1886.71 963.0
1901.18 386.18
1901.5 796.5
1906.5 921.5
1911.5 883.0
!