10.0 347.5
15.0 631.0
17.5 308.0
19.64 746.45
22.68 654.32
22.8 714.6
22.5 990.0
24.0 986.5
25.8 921.5
31.5 451.5
35.0 59.0
32.5 1075.0
35.5 182.5
37.0 150.0
39.86 237.19
43.67 177.67
46.6 727.4
49.5 11.5
48.0 821.5
50.12 495.88
50.33 320.33
51.5 345.0
51.88 585.88
56.33 212.33
59.0 113.29
58.5 375.0
61.0 109.25
65.0 904.5
77.0 407.0
76.8 480.4
76.5 1070.0
79.05 462.9
80.12 1051.88
82.0 1005.0
83.91 351.91
85.0 508.5
86.5 419.5
89.71 1066.0
97.67 561.33
99.0 196.5
100.33 837.67
104.5 940.0
108.39 607.22
109.0 518.0
108.33 596.33
114.0 287.0
117.5 188.0
120.59 764.26
133.59 430.26
133.0 899.0
134.0 59.71
136.8 342.6
140.33 798.67
141.5 486.5
145.5 842.0
146.71 579.0
147.6 325.8
153.5 223.0
155.0 611.71
156.0 19.29
159.39 296.18
160.72 181.88
160.0 326.2
160.0 739.5
161.5 555.0
163.79 846.5
163.5 240.0
164.5 303.0
163.6 798.2
164.88 497.12
169.17 584.17
169.57 987.71
170.5 319.0
173.75 451.0
176.5 850.71
177.0 397.29
176.5 929.0
179.38 1004.62
180.0 679.71
185.29 489.54
185.18 954.82
187.55 192.36
186.5 250.0
196.88 971.12
203.67 928.67
205.0 336.5
207.8 987.0
215.4 408.4
216.5 193.0
218.6 69.8
220.0 246.0
223.62 575.1
222.0 1041.0
224.0 1020.25
225.5 445.0
225.5 513.0
228.33 980.37
230.88 986.88
231.5 623.5
233.71 143.5
235.0 866.0
236.71 354.0
236.33 676.33
238.0 155.25
238.0 297.5
241.5 84.0
243.5 592.5
244.5 337.0
249.77 859.77
245.0 773.5
245.0 916.5
245.5 1074.0
246.5 332.5
247.0 509.0
255.12 500.42
253.2 439.4
253.0 920.0
254.5 14.0
257.21 594.71
256.33 84.33
258.29 712.0
256.5 804.0
260.88 381.12
263.12 638.12
268.0 918.0
275.25 321.94
272.67 431.33
273.75 455.0
277.17 589.83
278.12 289.12
278.5 89.0
280.33 20.33
282.5 913.2
290.5 489.29
296.25 529.0
297.12 762.12
301.29 228.5
301.43 515.14
302.2 853.5
309.0 186.29
308.5 885.0
312.71 372.0
312.5 614.0
315.5 998.5
321.0 58.0
320.5 397.5
321.0 266.5
322.6 32.8
325.5 230.0
327.5 139.0
328.5 260.0
329.0 733.0
331.0 368.0
332.59 431.32
331.33 968.67
335.31 130.18
334.71 89.5
336.0 142.75
338.0 868.75
341.5 327.5
341.0 663.29
340.5 1062.5
342.0 778.0
354.31 398.0
352.5 129.29
351.4 706.2
354.5 247.0
355.62 941.62
355.0 932.0
359.62 664.62
363.33 522.67
363.5 690.0
366.0 783.29
367.5 219.0
375.25 1011.0
377.7 425.3
376.5 934.0
385.0 182.0
386.0 274.25
385.25 975.0
391.91 342.91
391.5 352.0
392.12 441.88
399.09 1020.46
407.0 587.5
407.5 862.5
408.0 1039.5
410.33 761.67
415.11 720.72
413.0 968.5
415.29 978.5
416.5 948.0
420.71 400.0
427.76 440.38
430.0 352.5
432.75 1062.0
435.4 12.2
437.12 188.88
439.0 230.5
439.5 829.5
449.0 454.0
453.62 605.07
457.5 589.0
462.67 320.33
462.5 880.0
464.17 300.17
464.5 983.5
467.0 257.5
478.5 1062.5
479.67 1036.33
482.5 13.5
482.0 287.71
481.33 302.67
483.5 407.0
489.5 536.21
490.0 1072.5
492.29 1039.5
496.0 787.71
500.25 503.0
501.5 441.5
502.67 617.67
504.0 416.0
507.0 633.0
508.6 261.8
513.67 393.67
514.5 849.0
518.79 965.37
521.5 134.0
521.4 177.2
521.33 1053.67
524.25 716.25
524.0 299.5
524.5 1042.5
527.5 42.0
528.0 906.5
535.0 536.0
539.97 1020.17
542.0 387.0
551.0 650.0
549.71 908.0
550.5 34.0
553.38 403.38
556.5 968.5
564.69 874.12
569.59 17.02
566.5 843.5
568.0 639.0
571.4 232.2
573.5 339.0
578.0 17.5
577.6 85.8
577.5 651.0
583.05 409.95
579.5 1015.0
580.8 8.6
582.0 156.25
583.0 292.29
587.6 342.2
595.33 877.67
597.88 26.12
598.5 835.8
600.33 409.89
607.0 624.5
610.0 268.0
614.5 494.0
618.0 460.0
618.5 984.0
622.5 1031.0
624.29 452.0
624.0 1007.29
625.0 175.71
624.5 836.5
626.5 719.5
643.5 230.0
646.4 948.2
648.2 404.6
652.0 527.0
656.33 471.33
656.5 1060.5
666.5 736.5
678.55 442.36
680.0 680.71
692.5 1011.0
694.5 751.0
695.0 407.5
697.0 711.29
699.0 865.25
700.0 891.5
708.33 1068.67
716.1 428.1
716.5 439.29
720.88 887.12
726.0 245.0
725.0 627.5
727.33 224.17
733.75 884.0
741.29 734.5
745.33 499.67
751.8 79.6
751.4 770.8
756.47 633.65
759.0 266.5
759.5 101.5
764.5 481.0
770.17 493.17
770.0 922.5
771.33 884.33
777.33 306.33
781.33 395.33
787.0 1020.0
790.0 812.5
798.67 168.67
801.5 99.0
805.0 742.5
811.33 850.33
814.33 632.67
818.75 626.38
819.0 419.5
820.5 600.0
824.12 554.12
826.0 186.25
831.71 553.0
837.5 230.0
838.5 314.0
839.0 361.2
843.67 10.33
844.36 393.79
847.5 575.0
854.67 200.33
858.0 979.5
859.5 572.5
860.5 403.5
865.0 707.5
866.29 364.0
867.75 402.0
876.0 153.2
875.0 720.5
875.78 760.11
879.0 1051.0
884.0 837.5
884.5 122.5
884.5 992.5
887.5 456.5
889.5 57.71
892.0 559.5
895.0 436.5
896.33 517.67
898.67 549.67
900.17 348.33
899.0 744.5
903.5 610.5
909.0 767.0
910.5 51.0
913.0 32.29
916.5 224.5
917.5 865.0
924.92 693.69
926.09 189.09
927.5 728.0
928.44 1050.44
928.67 235.33
930.33 358.67
931.5 996.5
939.43 501.67
938.83 524.83
944.0 901.5
944.71 998.0
944.0 1026.0
949.5 621.0
954.4 732.74
951.33 62.67
952.5 925.5
954.88 1060.88
957.5 583.0
965.0 347.5
975.0 868.5
978.0 353.5
983.67 733.25
990.17 172.83
989.0 427.5
992.54 186.85
993.2 893.6
994.0 535.25
996.8 6.4
1006.39 179.33
1010.0 425.5
1012.5 388.0
1012.5 429.5
1014.4 330.8
1024.0 75.71
1028.64 140.55
1024.0 617.0
1026.5 558.0
1039.0 885.24
1043.29 700.0
1044.0 809.75
1044.5 93.5
1044.67 800.33
1046.0 435.5
1047.5 227.0
1047.5 276.0
1048.5 489.5
1048.5 724.0
1049.87 962.53
1052.21 430.0
1052.5 97.5
1052.6 558.2
1052.5 593.0
1057.5 598.5
1061.5 174.5
1067.25 739.33
1068.0 984.5
1067.67 97.67
1075.4 666.8
1077.5 274.0
1083.83 669.83
1083.5 882.0
1087.0 271.71
1088.54 848.15
1092.29 970.86
1094.5 114.0
1098.12 292.12
1104.67 432.67
1107.5 647.5
1111.0 388.0
1113.2 1078.6
1121.5 352.0
1122.33 893.33
1123.5 782.5
1127.36 427.09
1126.5 474.0
1132.83 260.83
1133.0 1018.29
1136.0 537.0
1141.5 856.0
1140.0 817.5
1148.5 924.5
1151.5 389.0
1172.4 348.7
1174.33 359.67
1184.46 344.27
1179.5 951.0
1183.29 594.0
1183.6 363.2
1195.0 762.5
1195.5 693.5
1196.4 999.2
1197.5 566.0
1199.0 417.5
1200.5 865.0
1201.12 512.12
1202.2 463.6
1202.5 992.5
1205.8 668.0
1205.88 564.88
1214.0 505.0
1220.0 1016.5
1224.76 750.0
1228.2 941.5
1230.0 260.71
1231.0 463.0
1235.4 165.8
1237.12 298.12
1248.0 239.0
1251.62 421.38
1251.5 89.0
1252.0 798.0
1255.33 934.33
1259.7 1043.7
1261.5 383.5
1262.33 1069.17
1272.2 309.6
1275.71 511.0
1275.5 890.0
1283.5 430.0
1286.5 305.0
1289.0 961.25
1294.0 110.5
1301.5 435.0
1302.5 1064.0
1307.67 627.67
1307.67 649.67
1309.0 434.5
1313.2 515.4
1318.25 854.5
1321.0 218.29
1321.0 779.0
1322.6 1046.8
1330.0 755.5
1332.5 179.0
1335.0 51.29
1342.29 390.0
1343.71 982.0
1349.78 1006.5
1350.5 818.5
1362.0 667.0
1362.11 1029.67
1366.5 661.5
1367.5 45.5
1369.0 972.5
1370.5 912.5
1373.29 615.0
1372.5 824.0
1375.84 195.84
1384.67 685.88
1386.0 606.71
1387.83 729.17
1389.0 568.5
1390.0 937.0
1398.2 486.4
1408.5 457.5
1410.5 807.5
1412.5 635.0
1413.0 1074.8
1415.29 1040.0
1414.0 259.5
1414.0 676.5
1425.82 411.68
1427.67 159.67
1427.5 623.0
1436.4 694.8
1440.83 1065.17
1445.5 498.0
1453.0 975.8
1458.46 488.52
1457.29 559.34
1458.83 63.83
1466.5 774.0
1469.33 263.67
1472.0 225.0
1471.0 336.5
1475.0 296.0
1475.29 486.5
1478.0 714.0
1481.5 217.0
1485.0 153.5
1485.4 623.2
1491.5 845.5
1491.5 1045.0
1494.33 771.33
1495.5 598.0
1504.5 723.5
1512.87 194.61
1515.31 552.61
1514.5 539.0
1521.0 183.0
1520.88 705.88
1523.0 161.5
1523.29 191.0
1527.29 876.0
1527.5 923.0
1533.89 156.28
1536.0 5.71
1536.5 1063.5
1546.0 706.0
1547.5 318.0
1557.5 243.5
1560.66 290.28
1564.0 421.5
1564.67 762.67
1565.25 125.0
1572.29 456.0
1577.67 979.67
1579.6 511.8
1590.0 833.29
1596.33 826.33
1597.0 897.0
1599.5 771.29
1602.12 389.12
1602.5 498.0
1604.17 97.17
1605.4 990.8
1608.2 265.4
1610.38 125.38
1613.29 1049.0
1617.33 444.83
1626.5 99.0
1630.0 195.0
1631.5 575.0
1633.5 791.71
1638.33 702.67
1641.33 299.75
1654.0 262.0
1654.5 497.5
1656.83 776.17
1658.0 239.5
1659.6 387.2
1667.67 779.67
1668.5 514.0
1674.61 873.9
1671.2 506.0
1673.71 721.0
1674.0 295.5
1679.09 498.91
1684.4 397.2
1684.0 850.5
1685.88 1010.12
1688.0 575.25
1692.59 514.06
1699.67 578.67
1706.33 935.33
1711.33 1052.67
1715.0 112.0
1724.45 955.64
1724.0 793.5
1726.0 598.5
1740.0 253.5
1746.0 361.0
1750.67 558.67
1752.6 151.2
1753.0 722.5
1754.4 281.8
1754.4 806.2
1757.6 217.2
1759.5 749.5
1762.5 685.5
1767.5 90.22
1768.0 482.5
1771.5 432.5
1775.5 761.5
1776.5 89.5
1779.29 680.0
1788.12 521.88
1790.67 711.17
1791.5 126.0
1795.5 695.0
1804.0 31.5
1804.0 40.5
1805.0 950.5
1806.0 699.0
1808.12 519.88
1820.38 542.38
1822.0 178.75
1821.5 186.5
1828.5 12.5
1830.8 308.6
1835.91 66.36
1836.0 744.25
1839.0 50.71
1844.35 180.47
1843.55 284.64
1846.25 388.0
1850.4 955.8
1860.0 480.5
1860.0 499.5
1865.0 370.0
1866.5 862.0
1868.8 527.6
1870.5 60.0
1873.5 627.5
1878.0 307.5
1879.67 164.33
1879.0 406.5
1881.5 240.0
1889.0 259.5
1892.67 199.67
1905.86 791.09
1900.33 191.33
1907.04 203.86
1904.62 53.62
1908.0 130.5
1915.88 1047.88
!