1.0 564.5
6.25 365.25
7.67 96.33
8.5 317.5
15.35 625.0
15.5 485.5
23.0 755.5
28.2 1002.6
31.33 299.33
32.5 1064.0
34.38 457.38
42.0 736.0
41.33 172.67
44.0 819.83
50.0 634.5
51.5 546.5
52.0 1054.5
54.0 30.25
57.0 897.0
60.0 682.5
61.4 57.2
79.24 903.0
78.5 855.0
82.18 183.39
81.0 492.5
80.33 522.67
80.33 686.33
87.0 52.5
88.5 892.0
89.5 216.0
90.33 1019.33
91.5 581.5
96.5 821.5
97.0 924.0
100.0 875.5
104.0 947.5
106.5 486.5
109.5 396.0
108.67 460.33
109.0 696.0
110.5 25.0
117.15 6.44
118.0 214.5
118.33 505.17
119.8 693.6
123.6 453.2
128.5 538.3
128.5 829.5
127.67 515.33
133.86 367.5
134.0 387.83
134.33 584.2
135.5 784.5
141.5 740.5
146.35 445.35
146.5 966.5
148.67 636.33
150.56 648.4
149.0 406.5
157.2 385.4
159.0 84.0
159.5 980.0
161.2 177.6
160.0 268.5
160.5 421.5
162.67 470.89
162.67 982.11
163.5 164.5
163.75 546.0
167.0 874.0
170.5 628.2
172.2 968.6
176.0 1024.71
177.2 64.4
180.22 642.5
178.6 784.2
181.0 341.25
182.5 834.0
192.64 488.45
190.0 992.5
190.0 770.5
190.0 981.5
195.0 835.5
198.5 729.5
201.33 105.33
201.88 219.12
205.5 945.0
207.12 486.12
208.0 1014.29
212.0 75.0
214.75 492.0
214.0 822.5
219.17 779.83
222.5 330.0
224.0 802.5
226.5 266.5
227.5 940.5
230.0 410.0
231.0 499.0
230.0 819.5
234.74 55.41
233.0 957.5
232.67 1015.33
235.0 591.5
236.0 673.5
239.5 602.14
238.0 11.71
239.0 524.5
241.0 205.0
241.0 1014.0
241.5 872.0
245.4 136.8
247.0 1078.0
248.0 606.5
249.0 837.5
249.83 894.83
255.71 554.0
255.5 643.5
258.0 238.2
259.0 220.0
261.0 455.71
262.5 676.5
267.33 582.67
268.12 1061.12
268.5 570.0
270.67 369.83
270.0 1017.5
277.6 944.2
279.67 360.33
280.0 845.5
282.0 462.8
282.6 455.8
283.5 1042.71
285.0 574.35
285.87 688.53
285.8 520.4
287.0 630.0
288.67 681.33
292.88 698.12
301.5 679.0
300.8 592.6
304.67 416.33
308.67 675.33
308.5 1078.5
310.5 398.5
310.4 800.8
313.92 587.2
314.5 345.29
315.71 678.57
314.5 823.0
315.0 126.5
317.67 358.67
320.0 280.5
325.62 478.94
327.0 303.5
329.5 180.0
333.0 675.25
334.5 255.29
340.15 506.35
334.0 792.5
342.24 252.24
342.43 688.17
341.5 527.5
342.5 834.0
347.5 966.0
353.0 628.0
351.83 347.83
366.29 275.0
367.0 688.29
368.17 104.17
370.5 680.0
375.76 324.24
374.0 245.5
377.5 1073.0
380.05 505.19
383.81 779.81
390.5 60.0
391.5 1060.0
397.5 1042.0
400.5 497.5
402.29 634.0
405.0 346.25
406.0 664.25
405.33 767.67
407.5 980.0
411.07 1.07
411.5 943.0
412.5 408.0
420.5 466.0
421.5 15.0
422.6 366.2
426.17 384.17
430.64 865.45
440.0 733.5
440.5 1064.0
441.5 159.0
442.67 994.0
444.17 419.17
449.83 437.18
444.71 604.0
445.5 337.0
447.5 467.5
455.08 969.37
457.5 380.0
458.33 547.67
459.11 769.33
465.48 595.17
462.67 392.67
463.12 1028.88
465.12 205.88
469.0 286.5
469.0 546.5
471.29 568.0
473.75 34.0
475.0 1016.8
476.0 552.5
477.67 154.33
477.5 359.0
482.0 554.0
487.68 1024.84
487.67 775.33
489.5 569.0
489.5 710.0
490.33 606.33
490.5 737.5
491.0 152.5
493.0 742.2
495.72 343.28
493.5 637.5
497.67 292.78
498.0 265.71
499.67 427.67
503.77 645.57
502.5 1030.5
504.0 518.5
506.5 659.5
511.33 1039.67
514.33 1027.67
517.5 111.0
523.69 511.93
523.6 482.2
523.5 1030.0
525.5 537.0
531.0 863.75
532.75 592.0
534.5 828.5
537.0 666.71
537.12 440.12
539.0 637.0
539.67 545.33
541.33 746.33
547.5 968.29
550.22 501.5
553.2 730.4
555.0 568.0
555.5 990.0
557.12 398.12
563.14 524.5
560.0 367.5
567.83 230.98
561.33 845.33
561.0 939.5
563.75 90.0
564.75 593.0
565.33 390.33
566.5 907.5
571.33 1031.33
574.0 490.0
574.83 795.17
576.29 1042.5
578.5 907.5
581.17 663.17
594.33 917.67
596.0 846.5
599.52 369.11
598.75 438.0
598.5 731.5
609.79 965.97
601.5 1065.5
607.67 70.33
607.5 785.0
610.25 424.0
613.2 1030.0
613.5 385.0
615.4 373.2
616.5 937.5
620.0 336.25
620.0 1030.5
622.75 592.0
626.41 86.88
630.0 166.5
630.0 995.5
631.5 906.5
632.5 76.5
633.67 0.33
637.0 731.25
639.71 117.0
637.5 186.5
637.67 586.33
639.3 818.0
641.4 196.8
646.68 387.43
648.03 491.4
645.5 619.0
645.33 797.33
647.0 733.0
647.5 879.0
647.6 667.8
652.29 761.0
656.4 217.2
659.0 465.33
657.5 505.0
659.25 723.25
660.5 157.5
665.46 831.85
668.0 901.5
669.0 193.5
677.7 113.09
676.5 235.0
679.0 316.5
680.0 514.71
681.18 955.82
682.82 207.82
688.15 533.47
685.0 754.0
687.0 625.5
687.5 334.0
691.65 367.59
694.57 390.35
704.0 519.29
704.0 126.5
704.0 630.5
704.5 796.0
704.33 888.67
709.29 5.0
709.0 670.5
715.12 673.12
716.33 898.67
721.2 730.4
730.16 915.45
723.29 747.0
724.67 373.67
726.0 354.29
728.0 706.71
732.0 689.2
734.0 1077.5
735.33 1000.33
736.5 148.5
737.5 304.0
738.0 313.0
740.14 613.43
740.0 1006.5
743.5 569.0
746.33 112.67
749.48 645.61
749.0 1.5
749.0 437.5
749.5 944.5
753.0 486.5
758.5 631.5
763.67 624.67
764.5 379.0
766.0 738.75
767.0 429.5
772.25 1006.25
773.0 495.71
773.33 598.33
776.0 260.25
787.58 699.77
784.88 289.0
782.6 1068.2
783.5 406.5
783.5 609.0
784.38 732.38
788.6 796.8
791.5 378.0
793.75 547.0
796.0 869.0
798.5 129.0
800.89 854.67
802.6 963.2
804.0 976.5
808.0 309.0
808.33 819.17
811.33 465.33
813.38 296.62
813.0 347.71
812.5 945.0
814.0 841.5
816.8 103.6
826.0 628.0
828.39 520.96
830.5 575.5
830.5 936.5
831.5 569.0
832.29 1022.0
838.81 205.9
840.5 963.0
844.0 531.5
844.0 845.5
847.0 407.5
847.75 587.0
848.67 532.67
849.33 550.33
850.0 336.5
850.0 646.5
852.71 51.5
852.83 973.33
855.88 500.88
857.0 1050.25
860.67 654.83
860.5 945.0
865.0 418.5
867.5 1020.5
869.0 670.5
869.71 416.0
870.25 194.0
872.67 520.33
874.5 759.0
875.5 627.5
879.0 910.29
882.05 1014.51
879.5 61.5
883.33 382.67
883.6 874.2
885.4 390.8
889.84 235.16
889.5 559.0
890.0 157.0
890.8 377.6
897.8 609.4
899.46 396.85
899.71 364.0
899.0 981.5
906.0 853.5
905.71 841.0
907.5 1031.0
910.0 188.5
911.0 663.0
913.96 876.61
912.5 673.0
913.5 789.0
914.0 545.5
918.12 177.88
917.5 912.0
920.25 976.0
921.0 1062.5
923.6 344.5
927.28 585.41
926.5 688.0
929.21 543.63
933.0 332.75
932.5 874.5
934.11 1034.67
934.33 504.67
935.0 649.5
942.84 574.16
943.5 1009.0
949.33 286.67
956.0 108.0
956.5 95.0
970.33 266.33
972.5 622.5
972.5 720.5
974.5 749.0
975.8 786.0
979.25 853.75
980.63 796.08
981.0 832.5
982.5 888.5
984.12 382.88
985.8 418.6
988.0 731.5
992.21 557.5
990.88 888.12
992.0 699.0
992.5 956.0
995.67 303.5
995.0 890.5
997.6 533.2
1004.59 870.28
999.0 669.29
1004.4 289.2
1006.0 543.75
1010.25 908.25
1014.0 777.0
1016.29 123.5
1016.62 969.62
1018.6 1072.2
1020.0 800.5
1021.5 847.5
1026.0 871.5
1027.5 768.5
1029.4 762.2
1030.0 536.5
1040.71 104.0
1046.86 559.99
1044.0 936.0
1044.33 932.67
1051.5 305.5
1051.5 986.0
1052.71 479.0
1053.67 193.67
1057.5 420.0
1060.5 1011.5
1070.31 975.9
1066.07 549.44
1064.5 866.8
1064.5 662.0
1064.67 912.67
1064.5 1054.5
1065.4 995.8
1066.5 601.5
1073.18 799.81
1068.5 937.0
1071.3 301.1
1072.5 771.0
1078.67 653.67
1078.67 1058.67
1080.0 783.29
1080.33 590.33
1081.5 855.8
1083.67 836.33
1085.8 780.4
1089.5 439.0
1089.6 1056.2
1093.32 1006.0
1092.29 332.5
1091.33 954.33
1093.29 21.0
1093.29 299.0
1094.0 971.5
1098.75 899.6
1103.8 820.0
1107.08 602.2
1104.67 1020.33
1110.11 638.28
1112.0 782.5
1111.5 1024.0
1117.0 564.75
1118.0 978.5
1121.71 356.0
1121.5 1062.5
1128.58 855.13
1124.0 664.5
1126.7 1030.14
1124.25 1058.0
1129.13 748.53
1131.0 930.71
1132.67 86.33
1132.5 895.0
1134.0 12.5
1134.0 521.5
1138.11 278.67
1137.33 597.67
1139.0 40.5
1141.5 984.0
1145.29 992.86
1142.5 920.0
1145.4 381.2
1146.33 719.33
1151.33 348.67
1152.5 931.5
1153.56 1027.78
1154.0 926.0
1154.0 962.5
1161.5 983.5
1164.5 98.0
1164.0 277.5
1164.0 288.75
1164.5 876.5
1166.71 168.0
1166.5 385.0
1168.75 1057.62
1169.5 286.0
1169.71 974.0
1172.78 673.83
1172.83 999.83
1176.64 175.91
1178.0 644.75
1182.67 820.33
1184.0 658.5
1186.22 1018.7
1187.0 828.75
1195.19 628.92
1191.0 26.25
1191.0 481.0
1192.12 985.88
1195.5 961.5
1197.5 821.0
1199.0 370.25
1204.3 1073.7
1206.0 571.0
1206.89 797.33
1207.5 475.0
1208.5 199.5
1209.67 653.67
1210.33 441.33
1212.0 997.5
1216.54 946.92
1216.0 832.5
1216.5 987.29
1223.0 285.5
1223.29 445.0
1226.5 822.0
1225.0 992.5
1228.4 978.4
1231.2 664.6
1232.5 561.0
1237.0 1009.81
1237.88 355.88
1237.75 678.0
1239.5 973.5
1240.0 847.0
1240.0 924.5
1242.5 135.5
1243.5 145.5
1243.5 257.0
1248.43 959.21
1249.67 947.67
1250.5 0.0
1252.2 953.6
1252.6 960.8
1252.5 1031.5
1253.5 600.0
1256.5 1077.5
1257.5 559.0
1257.5 950.0
1258.67 519.67
1259.5 1047.29
1260.38 395.38
1260.33 165.33
1264.0 660.5
1265.0 497.0
1266.5 260.0
1267.5 965.5
1270.0 535.0
1272.5 1072.0
1280.25 198.0
1282.61 914.43
1285.18 966.18
1290.0 70.5
1292.33 117.67
1294.83 748.33
1296.5 358.0
1297.0 1068.0
1309.04 486.6
1311.5 604.5
1317.0 764.0
1317.0 324.0
1316.5 451.0
1326.5 879.0
1327.5 895.0
1330.0 830.5
1333.0 507.8
1335.71 1012.5
1336.76 1028.38
1336.5 270.0
1336.5 789.0
1340.0 849.29
1341.4 962.04
1342.5 894.5
1345.8 137.6
1346.0 941.5
1350.0 237.0
1357.36 576.45
1357.75 193.0
1358.67 619.11
1360.0 743.0
1363.88 358.41
1362.5 875.5
1364.33 910.33
1366.0 575.8
1367.81 159.86
1366.0 991.5
1367.5 925.0
1370.12 930.88
1370.83 788.5
1371.71 569.0
1373.4 439.3
1372.67 960.33
1373.67 1008.67
1375.5 755.0
1381.5 926.0
1382.5 1029.5
1384.0 802.5
1390.0 225.25
1393.0 71.29
1397.12 993.12
1398.67 909.67
1398.75 968.0
1399.0 682.5
1403.0 267.29
1414.0 764.71
1416.5 298.5
1417.5 754.0
1424.71 951.29
1424.0 60.5
1425.5 1010.5
1427.75 1031.0
1429.9 988.9
1433.12 378.12
1432.5 971.0
1435.09 1014.09
1438.84 200.84
1439.0 375.5
1440.5 997.5
1440.33 1001.33
1441.5 277.5
1443.29 445.5
1442.5 806.5
1442.6 988.2
1444.67 133.25
1450.0 910.0
1455.13 1064.38
1453.2 668.6
1455.33 994.67
1456.33 885.33
1457.0 980.0
1457.6 511.2
1458.33 613.67
1458.75 1042.0
1461.8 652.0
1463.67 924.33
1464.5 1058.5
1465.25 452.0
1467.5 721.5
1468.71 172.0
1468.67 713.67
1469.0 783.0
1470.78 986.65
1470.25 37.0
1470.25 154.0
1470.0 797.5
1471.5 254.0
1471.5 324.0
1473.5 1000.71
1475.33 555.33
1476.0 906.5
1475.4 976.2
1476.33 729.33
1478.67 853.67
1482.0 977.0
1487.0 153.5
1486.5 748.5
1489.33 647.67
1492.5 573.5
1492.5 673.0
1495.4 966.8
1498.83 984.17
1503.24 127.5
1500.83 309.83
1501.5 937.0
1505.74 949.59
1503.8 970.4
1504.0 498.0
1506.0 518.71
1505.5 954.0
1506.5 236.5
1509.5 105.29
1509.0 443.0
1511.8 725.4
1514.31 995.78
1513.88 626.88
1515.38 261.62
1520.5 890.5
1527.0 52.5
1527.71 268.5
1526.8 997.6
1531.0 947.5
1533.22 968.13
1534.5 955.0
1534.0 1050.5
1540.33 983.67
1541.5 995.5
1543.6 1057.2
1545.5 332.0
1546.4 897.2
1552.67 848.33
1553.5 20.0
1554.18 481.18
1554.0 691.5
1556.5 289.0
1564.0 800.5
1566.5 590.0
1566.83 1032.83
1573.47 709.38
1572.5 237.5
1578.0 857.21
1578.0 897.71
1578.5 528.0
1581.17 941.0
1579.5 1013.0
1583.5 203.0
1586.5 660.0
1588.29 948.0
1588.67 1024.67
1595.28 483.59
1596.5 448.5
1599.0 972.5
1602.3 917.9
1603.67 658.67
1610.5 434.0
1610.33 515.33
1610.0 941.5
1611.33 45.33
1619.5 926.5
1621.33 495.33
1622.5 1000.0
1624.5 1018.5
1626.33 181.33
1631.43 697.77
1629.0 1063.5
1637.12 292.88
1636.5 1012.0
1641.2 183.6
1649.0 510.5
1650.0 989.5
1652.5 539.5
1655.25 751.0
1656.5 195.5
1656.33 827.67
1660.0 524.5
1668.18 675.18
1670.0 348.0
1674.33 117.67
1674.5 124.0
1675.25 826.0
1677.0 861.5
1677.67 137.67
1679.17 848.33
1679.67 16.33
1681.33 1056.33
1686.33 185.67
1686.5 707.5
1686.8 1029.6
1688.25 835.33
1689.0 61.0
1693.23 962.78
1692.0 246.0
1691.67 992.67
1693.5 335.0
1695.0 1070.71
1696.4 861.6
1696.5 84.0
1697.5 545.5
1697.5 920.0
1699.89 625.67
1701.0 878.75
1703.0 187.71
1703.12 611.88
1703.5 579.5
1713.0 733.5
1717.8 44.32
1714.5 609.0
1714.5 720.0
1715.0 725.29
1720.33 859.33
1727.0 914.0
1732.5 600.0
1733.33 1020.17
1741.5 710.0
1742.5 37.5
1743.29 276.0
1753.0 983.0
1754.0 883.5
1758.0 467.0
1758.5 490.0
1761.0 577.5
1761.5 774.0
1767.5 886.5
1769.5 572.5
1772.5 788.0
1773.67 376.33
1776.33 346.33
1780.0 860.71
1781.0 212.29
1780.86 996.71
1782.38 754.62
1784.67 562.67
1789.5 654.0
1796.16 558.16
1796.5 980.5
1803.34 1073.85
1800.83 806.17
1802.12 255.88
1801.5 1044.0
1806.0 918.75
1807.5 485.0
1808.0 616.5
1807.5 744.0
1810.33 226.33
1814.0 874.5
1815.5 569.5
1816.0 1021.5
1822.5 599.0
1824.62 1023.62
1827.0 592.0
1829.0 1076.5
1832.67 581.33
1840.71 948.5
1842.67 455.75
1846.5 771.0
1850.5 968.0
1853.6 593.2
1854.0 712.5
1855.0 51.5
1857.29 790.0
1859.11 546.67
1860.17 777.0
1868.59 894.28
1868.12 769.12
1867.71 993.0
1871.5 736.5
1873.5 621.5
1876.5 512.5
1882.62 761.62
1882.5 880.5
1886.5 436.5
1888.0 896.0
1890.88 1006.88
1896.5 779.0
1901.4 116.6
1901.5 125.0
1904.0 997.0
1909.0 230.5
1909.4 438.2
1909.8 1048.6
1913.5 565.5
1917.36 250.6
1915.5 374.0
1916.0 748.0
1917.6 98.2
1919.0 878.5
!