0.88 965.88
2.5 984.0
4.0 149.71
4.71 502.0
4.4 561.2
9.5 480.5
10.4 440.8
12.5 177.5
13.0 896.5
14.54 1057.15
15.0 796.5
15.33 900.33
17.0 536.5
19.28 976.11
23.41 210.72
22.0 1054.5
24.5 201.67
23.5 474.5
22.33 911.33
24.67 371.33
26.87 42.53
25.5 696.5
27.0 86.0
26.5 804.5
27.5 518.5
27.5 534.0
29.5 268.0
32.0 874.5
32.0 1037.0
32.83 410.83
33.67 441.75
33.33 256.33
35.88 106.12
36.5 721.0
41.09 983.91
40.4 252.8
40.5 999.0
42.5 624.0
46.4 156.4
51.94 205.24
49.0 852.0
50.0 632.5
51.5 334.0
53.0 427.5
51.5 450.0
54.43 657.81
52.5 194.0
52.5 863.5
55.12 628.12
54.0 916.5
56.8 585.4
57.0 729.0
60.77 351.63
60.16 922.16
59.33 260.33
63.95 239.08
66.5 9.0
66.5 107.5
68.6 96.8
68.5 143.0
69.5 641.5
71.71 658.0
70.0 979.5
71.5 440.5
72.67 401.33
74.0 66.5
75.88 239.12
76.5 502.0
78.5 576.5
77.0 871.2
77.5 392.5
78.5 86.5
79.5 163.5
78.0 411.5
81.56 425.07
79.33 491.33
81.5 407.5
82.0 539.0
86.5 146.0
91.17 883.5
92.8 555.4
94.38 803.75
96.5 689.5
97.0 985.5
99.0 125.25
100.5 371.5
101.0 392.5
104.0 414.0
105.17 94.83
104.5 394.0
105.88 1001.88
107.11 364.33
107.75 408.38
107.71 905.0
109.71 262.5
109.91 710.09
110.88 389.12
114.71 272.0
116.12 100.88
115.8 1020.4
116.5 159.0
117.54 331.85
118.2 695.4
123.5 508.0
129.5 924.0
130.0 469.0
130.0 569.5
131.5 93.5
131.33 490.33
134.8 552.5
136.8 30.4
138.0 342.5
139.25 1051.0
140.0 191.5
144.5 554.8
142.5 655.0
142.33 662.33
146.87 205.0
144.0 263.5
144.6 312.8
144.5 799.0
145.8 433.6
147.0 815.5
146.5 959.0
148.67 709.11
149.0 603.5
152.2 694.6
152.5 324.5
155.84 838.96
153.0 871.0
153.5 79.0
156.4 180.4
162.57 372.33
160.0 496.5
164.62 929.38
164.5 629.5
165.91 669.91
170.5 229.21
168.75 554.0
170.0 868.0
171.5 899.71
173.0 308.75
173.25 669.5
175.0 701.0
173.5 875.0
176.5 2.0
178.6 424.8
179.5 510.78
180.0 833.0
179.5 764.5
180.0 645.5
180.88 945.88
182.6 454.2
183.67 151.33
187.21 361.1
185.0 746.5
187.0 43.29
188.0 424.0
188.29 775.0
189.89 408.33
189.5 577.5
190.0 417.5
191.0 644.5
193.5 346.5
193.6 596.2
196.5 707.5
197.09 960.36
198.67 243.67
202.0 871.29
203.93 74.8
204.5 714.0
205.0 749.5
211.5 929.0
212.75 532.0
215.8 493.6
216.0 509.0
217.5 699.0
219.5 883.0
221.5 88.5
222.5 521.5
224.0 346.5
225.0 598.5
228.2 59.5
227.5 645.0
229.0 75.25
231.0 57.5
233.6 470.8
236.0 100.71
237.71 221.5
237.0 838.5
240.0 804.5
240.71 860.0
243.0 102.75
245.0 619.5
246.5 628.0
248.0 101.29
248.5 319.0
248.0 559.0
250.0 630.5
252.5 413.5
254.62 453.62
253.5 873.5
254.0 1015.5
262.61 177.96
261.4 498.2
266.0 492.0
266.5 643.5
273.43 862.23
272.67 824.33
277.17 762.17
277.5 151.5
277.83 328.17
279.0 131.5
279.5 859.0
283.67 248.67
286.93 359.47
284.29 396.5
285.09 688.22
283.5 734.0
284.83 511.17
285.5 572.0
287.0 270.0
289.29 183.0
289.5 1044.0
290.0 607.5
291.5 805.0
293.6 459.2
294.0 273.5
294.75 403.0
294.5 429.0
295.8 231.5
295.4 943.2
296.0 71.5
300.33 49.33
300.0 362.5
300.5 791.0
302.36 479.09
301.33 1019.67
303.0 601.0
306.33 245.67
307.0 1048.0
309.79 411.5
307.5 957.5
309.5 237.5
312.21 204.0
310.88 558.12
313.0 769.0
314.5 269.0
314.0 763.5
315.33 457.67
315.6 893.2
318.0 671.5
323.32 635.82
324.88 107.44
325.0 316.5
326.5 561.0
326.8 1008.0
326.5 1029.5
328.25 778.75
328.67 666.33
330.15 86.46
331.0 570.0
330.25 973.0
332.0 832.0
333.4 664.3
337.67 498.5
334.29 795.0
336.86 30.29
338.0 443.5
339.5 325.0
340.71 146.0
341.5 345.0
342.67 293.67
346.5 457.5
347.5 779.0
353.76 771.42
350.62 117.62
349.5 1063.5
351.5 856.5
354.74 788.38
352.2 876.0
354.05 401.9
355.5 1058.0
356.5 870.0
358.12 254.25
357.5 835.5
364.5 595.8
366.67 0.87
365.0 848.0
368.5 510.22
373.4 907.0
371.5 843.8
373.29 948.0
373.0 577.5
376.0 778.29
379.5 132.78
379.5 490.8
382.0 711.25
383.0 449.5
384.5 644.5
385.12 703.12
385.0 779.8
397.0 576.92
387.6 17.2
387.5 275.0
387.5 890.0
389.5 424.0
390.5 240.0
394.38 1.33
393.2 36.4
394.74 92.41
392.5 479.0
396.78 531.24
393.5 616.0
402.52 264.31
396.71 962.5
399.33 110.33
400.0 712.5
402.5 950.8
402.5 1061.5
403.5 74.0
405.5 19.0
406.5 462.5
412.08 996.08
412.0 932.0
414.5 481.29
414.0 456.5
416.5 290.0
417.67 419.89
416.5 886.5
418.0 374.29
419.33 255.33
419.0 296.5
420.33 353.67
424.0 131.0
426.0 951.5
433.88 1047.12
442.75 236.33
443.5 279.0
444.64 741.45
444.0 2.5
445.88 924.12
446.88 794.12
448.33 548.33
452.6 395.2
455.0 515.0
454.5 957.0
455.5 549.0
457.8 899.0
458.33 98.33
458.36 925.91
457.5 1005.0
459.29 871.0
461.5 407.0
464.63 461.11
462.0 688.75
462.5 606.0
468.2 162.6
468.0 330.0
473.46 631.6
470.29 409.0
470.8 785.4
472.5 282.0
472.6 421.8
474.12 671.88
477.29 765.86
478.6 462.2
479.25 122.0
480.5 940.0
481.0 67.5
482.55 325.36
481.5 784.0
482.5 265.0
483.88 840.88
484.4 92.2
485.0 281.71
489.71 96.0
489.0 171.5
491.92 633.08
492.5 4.5
491.5 555.0
494.0 185.5
496.5 828.5
502.0 142.5
502.5 483.0
502.5 589.5
507.87 1016.84
505.5 1071.5
509.05 150.1
509.0 9.29
513.84 274.72
512.6 1030.32
511.29 105.0
510.88 292.88
513.17 919.17
513.5 478.0
514.5 537.5
514.0 944.5
515.0 435.5
518.75 491.0
519.5 131.5
526.4 810.04
521.5 434.0
523.67 652.67
524.5 322.0
529.5 789.0
530.0 1020.25
536.0 449.0
536.33 809.67
536.5 996.5
538.0 574.5
539.5 1059.5
540.8 1017.6
545.09 657.91
545.0 245.0
545.0 669.0
546.91 97.64
547.62 167.38
547.2 762.6
551.11 178.66
547.71 206.0
548.2 229.4
550.88 789.12
551.71 341.0
553.0 546.43
556.5 866.5
557.5 1045.0
560.5 40.5
561.29 123.0
563.5 64.5
565.5 899.0
566.88 436.12
570.5 181.5
571.0 938.71
570.71 999.0
575.0 84.0
576.0 779.0
576.0 995.0
578.8 498.6
580.0 853.75
583.12 942.88
584.8 908.6
586.5 212.5
586.5 764.5
587.67 93.67
588.0 397.5
592.5 356.5
594.88 389.12
592.5 735.0
597.24 261.24
595.0 500.5
597.88 590.88
599.26 958.41
600.33 266.33
602.5 28.5
607.91 911.91
607.5 204.0
610.5 62.2
609.67 349.67
614.0 75.71
615.45 669.64
615.88 323.12
615.0 786.5
617.2 349.5
622.5 115.0
625.5 781.14
624.12 919.12
626.5 716.5
629.0 1074.17
631.0 634.0
632.5 74.5
637.5 377.5
639.5 213.0
640.83 363.17
641.0 722.5
642.67 293.67
645.0 992.5
648.4 476.96
647.0 917.71
650.0 100.5
654.17 709.17
654.6 75.8
655.0 226.0
657.5 225.0
657.6 812.2
665.75 575.75
662.5 146.5
664.0 184.5
665.0 510.0
665.0 154.5
667.5 132.71
666.5 269.5
667.5 398.5
671.5 146.0
671.5 660.0
675.33 117.67
677.0 1001.5
678.62 709.38
682.09 773.91
680.25 946.0
681.0 1055.71
685.5 252.5
686.5 746.0
690.0 598.29
691.0 477.5
692.5 365.0
692.89 928.67
696.5 972.5
694.5 1033.0
695.33 60.33
695.67 432.83
696.2 749.4
697.0 865.0
696.5 390.0
700.38 275.62
699.5 761.5
703.0 686.0
704.0 545.0
709.9 44.21
707.5 1051.5
708.88 30.88
709.47 953.87
708.75 1072.0
716.33 73.67
725.36 182.0
722.0 902.88
721.5 1049.5
725.3 406.6
730.0 694.29
733.42 946.58
733.25 607.33
738.5 94.5
739.0 239.5
740.8 990.5
741.25 1050.0
743.0 686.5
751.07 537.26
749.33 833.44
750.0 506.5
752.17 123.83
753.0 119.5
756.5 1014.0
757.6 136.8
760.0 716.5
763.67 513.67
765.0 842.5
767.5 666.71
769.64 285.91
770.0 237.0
770.5 58.0
772.5 621.5
773.37 966.37
772.5 499.0
774.25 561.0
774.0 812.0
780.8 99.4
780.0 209.5
781.91 548.09
782.67 921.33
789.31 128.82
784.0 681.0
785.5 220.0
787.8 477.6
789.0 359.33
790.5 102.5
793.5 0.88
791.33 618.67
793.2 972.6
796.24 439.62
796.0 19.0
797.0 209.2
798.29 374.0
800.0 132.0
802.0 27.75
802.0 432.5
803.0 1008.5
805.33 25.67
808.67 722.67
811.12 806.88
811.0 959.5
812.0 284.0
817.68 658.9
812.5 700.71
813.05 966.9
817.91 829.5
814.17 790.17
814.5 899.0
815.0 938.0
816.0 2.75
817.5 444.0
821.5 444.0
823.0 473.75
827.5 384.0
829.17 153.33
828.5 981.5
830.0 700.0
830.0 163.5
832.29 824.0
834.5 949.0
837.0 557.5
839.5 727.0
843.2 487.0
845.0 195.5
845.33 297.67
848.5 1010.0
850.5 972.5
851.0 25.0
850.33 594.67
851.0 792.5
854.5 804.0
859.4 281.8
862.5 986.5
864.0 309.71
865.75 497.33
864.0 901.0
864.0 921.5
867.14 862.32
868.0 8.29
871.12 48.69
871.0 633.0
872.67 565.33
878.5 494.0
878.67 805.33
879.5 374.0
881.0 589.5
882.0 52.5
881.5 639.0
887.41 427.88
894.33 394.13
889.0 31.5
890.38 156.38
892.0 968.5
896.37 673.21
896.6 419.4
895.0 923.5
898.71 509.0
900.5 11.71
902.5 74.5
905.0 710.71
905.0 165.5
905.5 393.5
905.33 672.67
908.5 711.5
908.33 831.33
908.5 925.0
912.0 478.0
914.0 1063.5
916.88 505.88
917.5 906.5
920.0 266.5
922.29 34.0
925.33 188.67
928.11 421.89
926.5 914.0
927.67 412.67
930.37 547.79
929.5 233.0
930.5 96.5
933.5 514.79
932.5 176.5
936.25 159.25
935.33 120.33
936.5 520.0
939.5 313.0
939.25 319.0
942.8 497.0
944.5 215.0
946.72 519.61
951.33 712.67
951.4 895.8
955.71 53.0
957.2 533.6
956.0 1076.5
964.06 809.24
963.5 106.5
964.6 646.2
965.5 172.0
968.29 309.0
971.0 26.5
972.29 227.0
971.33 653.67
972.67 829.67
974.12 67.88
977.5 308.5
978.0 697.0
980.55 149.42
983.5 310.0
983.5 581.5
984.67 42.67
984.0 226.5
986.0 696.0
988.5 317.0
988.6 485.8
989.83 797.17
990.5 122.5
991.5 423.5
999.5 41.5
999.0 93.0
1001.33 440.33
1007.5 664.5
1012.0 289.0
1012.0 338.75
1014.33 62.67
1015.0 1021.5
1019.0 431.5
1019.5 699.0
1021.0 616.5
1021.5 935.5
1027.0 71.0
1027.5 588.25
1028.5 526.5
1029.5 563.5
1029.5 730.5
1036.5 5.0
1036.0 309.29
1039.5 470.0
1041.0 221.5
1040.88 887.12
1053.31 176.95
1049.67 348.67
1053.5 865.5
1056.0 674.57
1055.5 371.5
1057.2 143.6
1056.5 289.5
1058.67 492.67
1058.6 903.2
1063.75 191.0
1064.0 966.5
1067.5 77.0
1069.0 54.0
1069.5 475.5
1081.33 756.23
1078.5 224.5
1079.64 289.55
1081.69 505.22
1078.6 960.8
1081.37 660.21
1081.5 299.5
1082.33 409.11
1082.5 477.5
1084.71 257.0
1087.0 527.2
1094.5 681.0
1093.5 136.5
1095.29 755.0
1096.21 1023.0
1096.5 18.0
1098.88 168.12
1096.33 631.33
1098.67 270.25
1100.0 809.0
1100.5 115.0
1100.5 451.0
1100.33 984.33
1109.5 909.5
1108.5 351.5
1110.21 509.37
1108.0 981.5
1113.25 563.75
1115.29 243.95
1116.2 315.2
1115.0 38.5
1115.33 475.33
1118.0 1023.75
1121.5 604.0
1122.33 367.67
1127.5 120.0
1127.6 144.8
1128.0 531.0
1127.67 556.33
1130.29 949.5
1129.6 971.2
1130.25 464.0
1133.29 913.5
1135.5 802.5
1137.14 369.29
1136.5 1015.5
1140.5 296.5
1141.5 573.22
1140.5 760.0
1142.5 5.5
1146.79 296.0
1146.0 956.5
1146.0 987.5
1149.26 441.59
1148.5 1033.5
1149.2 13.6
1149.12 392.12
1149.0 549.0
1150.25 28.0
1151.12 561.88
1151.5 540.0
1155.5 644.0
1155.5 709.0
1159.8 312.0
1162.5 518.5
1163.67 117.67
1164.76 159.24
1164.38 291.38
1168.2 284.4
1171.0 134.0
1173.0 809.71
1175.91 418.3
1174.4 710.8
1176.5 1016.5
1184.4 226.8
1188.6 7.2
1189.75 888.25
1191.5 734.5
1193.0 1008.29
1195.0 1049.5
1197.12 600.88
1197.5 441.0
1199.0 298.0
1201.33 742.67
1202.89 1067.67
1204.0 335.5
1205.5 910.5
1208.55 278.36
1207.67 311.33
1211.24 668.0
1211.5 891.0
1213.5 367.5
1213.75 406.0
1218.17 491.17
1217.5 713.0
1220.5 497.0
1221.0 422.5
1221.33 572.25
1221.5 204.5
1223.5 610.0
1225.71 138.0
1226.0 606.5
1227.0 369.0
1228.5 410.8
1230.0 548.5
1233.37 595.37
1232.5 438.0
1237.5 26.71
1236.5 423.0
1236.88 677.12
1241.0 264.29
1241.4 628.2
1241.5 737.5
1243.67 918.67
1244.0 547.5
1246.5 917.5
1249.33 567.67
1252.0 1026.0
1252.5 255.0
1254.0 200.0
1253.5 791.0
1254.5 1074.0
1258.2 65.4
1260.76 42.0
1261.0 701.17
1261.5 29.0
1261.33 53.67
1261.5 557.5
1263.0 332.5
1262.5 664.0
1263.0 219.5
1266.0 141.8
1266.0 362.0
1266.5 561.5
1267.67 492.67
1272.5 30.0
1275.8 1024.6
1276.5 139.0
1279.71 20.0
1279.8 304.5
1280.0 117.5
1280.0 229.5
1282.0 797.5
1283.67 298.67
1284.0 1062.5
1286.0 484.5
1291.29 231.0
1294.88 762.12
1303.11 135.33
1304.33 1048.67
1305.8 598.6
1307.67 762.33
1310.67 65.67
1313.2 293.5
1322.0 365.43
1315.5 154.5
1316.5 826.8
1316.33 61.33
1321.5 923.0
1329.5 565.21
1330.64 882.09
1331.5 375.0
1331.5 586.5
1341.31 602.37
1334.0 971.5
1336.0 281.25
1335.88 378.12
1342.0 840.0
1345.33 264.33
1347.67 344.67
1348.71 675.5
1347.5 742.5
1348.0 813.5
1350.5 997.0
1351.5 451.0
1353.67 795.89
1362.72 357.11
1366.33 17.33
1370.37 375.21
1375.33 988.67
1380.4 694.5
1381.5 615.5
1382.2 72.6
1384.0 25.5
1386.55 296.35
1389.0 101.5
1392.67 460.32
1390.5 476.0
1391.0 620.0
1391.5 757.0
1397.12 378.12
1400.0 230.5
1404.31 97.88
1408.0 985.5
1412.89 881.33
1415.25 81.0
1417.5 166.5
1417.5 412.0
1418.67 1013.67
1422.0 557.5
1423.5 299.22
1423.5 724.5
1435.5 394.0
1440.1 625.57
1440.64 67.09
1439.0 1072.5
1440.0 1032.5
1444.0 523.0
1450.5 876.0
1455.92 674.32
1452.67 990.33
1455.0 587.29
1455.0 782.5
1457.0 295.2
1463.16 391.96
1458.86 632.81
1464.17 7.83
1463.5 871.5
1469.0 496.5
1478.75 520.0
1480.33 33.67
1483.5 452.0
1481.5 777.5
1484.0 494.5
1488.0 592.0
1485.25 723.0
1486.5 558.0
1487.5 42.5
1491.5 539.5
1491.0 691.5
1494.82 773.82
1494.0 180.5
1495.8 952.5
1497.5 82.29
1500.24 195.76
1501.0 315.0
1500.25 641.0
1501.8 214.6
1503.75 338.0
1504.0 425.0
1505.87 766.87
1504.5 401.5
1507.38 648.38
1507.5 212.5
1507.5 864.0
1509.67 536.33
1516.33 642.85
1515.0 480.5
1517.0 717.5
1520.0 1009.5
1524.0 711.0
1524.5 670.0
1530.0 639.5
1531.0 466.5
1536.12 824.88
1535.0 979.5
1537.87 670.47
1538.29 11.0
1539.5 111.5
1539.5 797.0
1544.5 229.5
1545.33 462.33
1549.0 128.5
1549.0 683.5
1549.0 821.0
1550.5 314.0
1552.0 394.25
1552.0 702.5
1552.6 643.2
1557.38 587.38
1557.0 702.5
1561.71 774.5
1561.5 231.0
1561.33 549.67
1563.28 674.89
1565.5 367.0
1566.5 107.5
1566.5 227.5
1566.5 552.5
1571.33 943.67
1576.5 717.5
1578.5 688.0
1581.0 190.25
1582.0 90.0
1584.6 273.04
1582.5 426.5
1585.8 210.4
1585.8 820.4
1587.0 418.5
1588.0 1067.5
1590.0 177.5
1591.5 772.0
1592.5 636.5
1593.0 954.5
1595.0 463.0
1596.33 409.67
1597.71 827.0
1598.5 263.5
1598.5 930.0
1600.0 128.5
1602.67 577.67
1602.5 860.5
1604.5 842.5
1607.28 426.59
1607.5 987.5
1606.5 621.0
1611.2 684.0
1611.5 70.0
1611.5 971.5
1613.75 336.0
1614.0 56.5
1615.67 950.33
1621.0 288.75
1637.5 309.0
1638.0 351.5
1640.71 176.0
1640.33 1000.33
1642.0 854.8
1645.0 508.0
1652.5 226.0
1652.88 742.12
1652.75 927.0
1654.5 948.5
1658.5 177.5
1659.0 277.5
1659.71 1065.0
1661.5 409.5
1664.0 529.5
1666.33 246.33
1667.5 554.0
1673.09 676.64
1679.68 630.91
1679.1 827.62
1680.5 269.5
1682.0 225.5
1681.5 592.5
1683.11 393.67
1683.38 479.62
1684.75 878.0
1690.0 663.89
1687.5 314.0
1691.25 287.25
1690.0 510.5
1700.0 920.5
1703.0 142.0
1703.83 214.17
1704.88 151.88
1705.33 436.11
1706.5 490.0
1708.5 85.0
1708.5 1036.0
1710.33 440.33
1713.12 506.12
1713.0 848.75
1714.67 558.67
1715.88 130.88
1715.88 1044.12
1721.38 657.85
1721.5 739.0
1728.2 544.4
1728.5 144.0
1730.0 376.79
1730.5 19.0
1732.5 201.5
1738.82 1007.18
1741.5 431.5
1744.11 906.33
1744.0 801.5
1749.0 174.5
1749.29 192.0
1750.62 609.38
1752.5 206.0
1754.75 981.33
1756.0 447.5
1756.5 579.0
1759.0 376.71
1761.0 734.0
1762.54 307.15
1763.5 61.5
1764.0 69.5
1765.71 607.5
1766.5 245.8
1765.5 544.0
1769.5 241.29
1769.33 731.33
1770.0 628.5
1780.22 269.69
1778.2 681.5
1784.88 1075.88
1787.5 280.0
1789.0 634.5
1790.33 413.67
1792.5 953.5
1794.2 115.4
1797.6 640.8
1802.1 997.28
1800.67 838.33
1801.0 852.29
1804.5 787.5
1806.2 687.6
1809.09 57.64
1812.5 714.0
1818.4 305.0
1818.5 357.5
1821.5 1005.0
1824.0 922.5
1826.62 298.62
1827.0 282.5
1833.34 616.0
1828.67 676.33
1830.33 23.67
1831.0 386.25
1831.0 743.5
1831.33 160.33
1833.5 704.0
1834.0 372.5
1834.0 658.0
1837.88 737.12
1848.2 197.6
1851.25 857.25
1850.0 883.5
1851.33 765.33
1851.8 1059.5
1855.0 348.29
1855.83 67.83
1856.71 179.0
1856.5 832.5
1858.0 776.5
1859.5 800.33
1858.5 1008.5
1859.67 419.67
1861.0 1057.5
1863.5 735.0
1862.5 989.5
1874.5 430.0
1877.6 381.4
1878.12 208.88
1879.16 420.84
1884.0 141.0
1883.29 811.0
1882.6 1064.2
1884.5 865.5
1889.11 709.67
1890.2 19.6
1891.5 140.0
1896.67 378.25
1896.5 96.0
1898.55 1073.36
1902.0 109.24
1906.61 136.0
1906.5 245.0
1907.0 1072.75
1908.12 509.12
1908.0 370.5
1910.41 496.28
1910.0 812.5
1909.0 952.5
1912.2 175.4
1912.0 756.25
1912.5 767.29
1916.85 626.5
1918.6 58.2
1918.6 165.8
!